 $DATA  
Title                                                                           
CNV      2

S          16.0      0.0000000000      0.0000000000     -0.1941681523
   PC1     0
        
O           8.0      1.4488887394      0.0000000000      0.1940604154
   PC1     0
        
 $END      
 $ZMAT   IZMAT(1)=
         1,   3,   1,
         1,   2,   1,
         2,   2,   1,   3,
 $END
--- CLOSED SHELL ORBITALS --- GENERATED AT Thu Feb 26 00:17:18 2015
Title                                                                           
E(R-PBE)=     -548.2231761700, E(NUC)=  102.0002686992,   23 ITERS
 $VEC   
 1  1 1.00298481E+00-1.02959050E-02 1.83476088E-03-5.82315993E-04 0.00000000E+00
 1  2 0.00000000E+00 6.76597134E-05 0.00000000E+00 0.00000000E+00 5.45501518E-05
 1  3 0.00000000E+00 0.00000000E+00 2.15055437E-05 2.00471256E-04-1.08624532E-04
 1  4-9.18467245E-05 0.00000000E+00 0.00000000E+00 0.00000000E+00 1.56090798E-05
 1  5 6.59451740E-05-1.96390692E-04-5.43003507E-05 0.00000000E+00 1.53424054E-05
 1  6-2.14521030E-04 0.00000000E+00 6.77411581E-05-1.44843964E-04 8.43561987E-05
 1  7 6.04877655E-05 0.00000000E+00 8.36659027E-05 0.00000000E+00 1.56090798E-05
 1  8 6.59451740E-05-1.96390692E-04 5.43003507E-05 0.00000000E+00 1.53424054E-05
 1  9 2.14521030E-04 0.00000000E+00 6.77411581E-05-1.44843964E-04 8.43561987E-05
 1 10 6.04877655E-05 0.00000000E+00-8.36659027E-05 0.00000000E+00
 2  1 0.00000000E+00 0.00000000E+00 0.00000000E+00 0.00000000E+00 4.00720833E-05
 2  2 0.00000000E+00 0.00000000E+00-1.89103038E-03 0.00000000E+00 0.00000000E+00
 2  3-8.09846392E-03 0.00000000E+00 0.00000000E+00 0.00000000E+00 0.00000000E+00
 2  4 0.00000000E+00 0.00000000E+00-5.14838074E-04 0.00000000E+00 7.03315939E-01
 2  5 2.64179221E-02-1.46909353E-02 8.29613662E-04 0.00000000E+00-3.06167520E-04
 2  6-3.08909713E-03 0.00000000E+00 1.57943784E-03-3.02904177E-04 1.98982955E-04
 2  7 1.03921222E-04 0.00000000E+00 2.49490092E-04 0.00000000E+00-7.03315939E-01
 2  8-2.64179221E-02 1.46909353E-02 8.29613662E-04 0.00000000E+00 3.06167520E-04
 2  9-3.08909713E-03 0.00000000E+00-1.57943784E-03 3.02904177E-04-1.98982955E-04
 2 10-1.03921222E-04 0.00000000E+00 2.49490092E-04 0.00000000E+00
 3  1-3.46028623E-05-2.35725464E-04-5.00842032E-04 8.20106171E-03 0.00000000E+00
 3  2 0.00000000E+00-1.27073165E-05 0.00000000E+00 0.00000000E+00 5.17924628E-04
 3  3 0.00000000E+00 0.00000000E+00 1.94408258E-03 6.39781990E-04-4.47495820E-04
 3  4-1.92286170E-04 0.00000000E+00 0.00000000E+00 0.00000000E+00 7.03245084E-01
 3  5 2.55858464E-02-1.17179101E-02 1.01803736E-03 0.00000000E+00-2.68618769E-05
 3  6-3.44898123E-03 0.00000000E+00 1.69688307E-04-4.49153293E-04 2.39823071E-04
 3  7 2.09330223E-04 0.00000000E+00 1.17322926E-04 0.00000000E+00 7.03245084E-01
 3  8 2.55858464E-02-1.17179101E-02-1.01803736E-03 0.00000000E+00-2.68618769E-05
 3  9 3.44898123E-03 0.00000000E+00 1.69688307E-04-4.49153293E-04 2.39823071E-04
 3 10 2.09330223E-04 0.00000000E+00-1.17322926E-04 0.00000000E+00
 4  1-2.74058603E-01 1.03930675E+00 4.07672017E-02-9.58270399E-03 0.00000000E+00
 4  2 0.00000000E+00 1.30848714E-02 0.00000000E+00 0.00000000E+00 1.44239783E-03
 4  3 0.00000000E+00 0.00000000E+00-2.48750942E-04 2.00789573E-03-1.00610324E-03
 4  4-1.00179249E-03 0.00000000E+00 0.00000000E+00 0.00000000E+00 3.43065099E-06
 4  5 1.64709684E-04-1.11634816E-03-5.26347749E-04 0.00000000E+00 1.34569288E-04
 4  6-1.76593372E-03 0.00000000E+00 6.37424898E-04-7.16997029E-04 4.23475526E-04
 4  7 2.93521503E-04 0.00000000E+00 4.40448464E-04 0.00000000E+00 3.43065099E-06
 4  8 1.64709684E-04-1.11634816E-03 5.26347749E-04 0.00000000E+00 1.34569288E-04
 4  9 1.76593372E-03 0.00000000E+00 6.37424898E-04-7.16997029E-04 4.23475526E-04
 4 10 2.93521503E-04 0.00000000E+00-4.40448464E-04 0.00000000E+00
 5  1 0.00000000E+00 0.00000000E+00 0.00000000E+00 0.00000000E+00 9.96672127E-01
 5  2 0.00000000E+00 0.00000000E+00 9.13959755E-03 0.00000000E+00 0.00000000E+00
 5  3-5.14340348E-04 0.00000000E+00 0.00000000E+00 0.00000000E+00 0.00000000E+00
 5  4 0.00000000E+00 0.00000000E+00 1.05957156E-03 0.00000000E+00 3.98795403E-04
 5  5-1.59140063E-04-5.51217209E-04-7.12889755E-04 0.00000000E+00 2.01694059E-04
 5  6-2.40226328E-04 0.00000000E+00 2.64872821E-04-6.36888794E-04 3.98320591E-04
 5  7 2.38568203E-04 0.00000000E+00 4.80593161E-04 0.00000000E+00-3.98795403E-04
 5  8 1.59140063E-04 5.51217209E-04-7.12889755E-04 0.00000000E+00-2.01694059E-04
 5  9-2.40226328E-04 0.00000000E+00-2.64872821E-04 6.36888794E-04-3.98320591E-04
 5 10-2.38568203E-04 0.00000000E+00 4.80593161E-04 0.00000000E+00
 6  1 0.00000000E+00 0.00000000E+00 0.00000000E+00 0.00000000E+00 0.00000000E+00
 6  2 9.96948139E-01 0.00000000E+00 0.00000000E+00 8.75643774E-03 0.00000000E+00
 6  3 0.00000000E+00-1.38330220E-04 0.00000000E+00 0.00000000E+00 0.00000000E+00
 6  4 0.00000000E+00 0.00000000E+00 0.00000000E+00 8.51135337E-04 0.00000000E+00
 6  5 0.00000000E+00 0.00000000E+00 0.00000000E+00 6.22445440E-05 0.00000000E+00
 6  6 0.00000000E+00-3.49793864E-05 0.00000000E+00 0.00000000E+00 0.00000000E+00
 6  7 0.00000000E+00 1.26224410E-04 0.00000000E+00-5.73696857E-05 0.00000000E+00
 6  8 0.00000000E+00 0.00000000E+00 0.00000000E+00 6.22445440E-05 0.00000000E+00
 6  9 0.00000000E+00-3.49793864E-05 0.00000000E+00 0.00000000E+00 0.00000000E+00
 6 10 0.00000000E+00-1.26224410E-04 0.00000000E+00-5.73696857E-05
 7  1 3.69810986E-03-1.39472923E-02 3.05186357E-04-1.12168923E-03 0.00000000E+00
 7  2 0.00000000E+00 9.96924621E-01 0.00000000E+00 0.00000000E+00 8.47378201E-03
 7  3 0.00000000E+00 0.00000000E+00-1.96348012E-04-8.42803116E-04-3.09563871E-04
 7  4 1.15236699E-03 0.00000000E+00 0.00000000E+00 0.00000000E+00-1.25009798E-04
 7  5-5.56892446E-05 7.11450688E-04 3.08215111E-04 0.00000000E+00-2.69920889E-05
 7  6 3.84356244E-04 0.00000000E+00-1.61444423E-04 3.38881440E-04-1.46233745E-04
 7  7-1.92647695E-04 0.00000000E+00-6.21678379E-05 0.00000000E+00-1.25009798E-04
 7  8-5.56892446E-05 7.11450688E-04-3.08215111E-04 0.00000000E+00-2.69920889E-05
 7  9-3.84356244E-04 0.00000000E+00-1.61444423E-04 3.38881440E-04-1.46233745E-04
 7 10-1.92647695E-04 0.00000000E+00 6.21678379E-05 0.00000000E+00
 8  1 5.05228535E-02-1.47380089E-01 2.93800961E-01 1.54899905E-01 0.00000000E+00
 8  2 0.00000000E+00-3.68162537E-02 0.00000000E+00 0.00000000E+00 7.46306080E-02
 8  3 0.00000000E+00 0.00000000E+00 3.40573385E-03 6.68604605E-02-3.71064581E-02
 8  4-2.97540024E-02 0.00000000E+00 0.00000000E+00 0.00000000E+00-1.24436369E-01
 8  5 2.49165060E-01 2.74411837E-01 1.08781066E-01 0.00000000E+00-2.27884524E-02
 8  6 4.01908209E-02 0.00000000E+00-4.10886385E-03 1.16325916E-02-4.70396841E-03
 8  7-6.92862316E-03 0.00000000E+00-1.36210046E-03 0.00000000E+00-1.24436369E-01
 8  8 2.49165060E-01 2.74411837E-01-1.08781066E-01 0.00000000E+00-2.27884524E-02
 8  9-4.01908209E-02 0.00000000E+00-4.10886385E-03 1.16325916E-02-4.70396841E-03
 8 10-6.92862316E-03 0.00000000E+00 1.36210046E-03 0.00000000E+00
 9  1 0.00000000E+00 0.00000000E+00 0.00000000E+00 0.00000000E+00 1.31726435E-01
 9  2 0.00000000E+00 0.00000000E+00-2.51337321E-01 0.00000000E+00 0.00000000E+00
 9  3-7.61208250E-03 0.00000000E+00 0.00000000E+00 0.00000000E+00 0.00000000E+00
 9  4 0.00000000E+00 0.00000000E+00-4.36204601E-02 0.00000000E+00-1.45069546E-01
 9  5 2.89866257E-01 3.51267585E-01 1.04652819E-01 0.00000000E+00-2.42731789E-02
 9  6 4.05667843E-02 0.00000000E+00-1.26584158E-02 9.32540955E-03-4.31346170E-03
 9  7-5.01194785E-03 0.00000000E+00-4.64737133E-03 0.00000000E+00 1.45069546E-01
 9  8-2.89866257E-01-3.51267585E-01 1.04652819E-01 0.00000000E+00 2.42731789E-02
 9  9 4.05667843E-02 0.00000000E+00 1.26584158E-02-9.32540955E-03 4.31346170E-03
 9 10 5.01194785E-03 0.00000000E+00-4.64737133E-03 0.00000000E+00
10  1 6.43455007E-02-1.76946317E-01 4.13839057E-01 3.59607246E-01 0.00000000E+00
10  2 0.00000000E+00 1.08192022E-03 0.00000000E+00 0.00000000E+00 7.51375812E-03
10  3 0.00000000E+00 0.00000000E+00-1.82519242E-02-2.35911719E-02 1.60747798E-02
10  4 7.51639208E-03 0.00000000E+00 0.00000000E+00 0.00000000E+00 1.06214900E-01
10  5-2.19354361E-01-3.59204393E-01 1.79806145E-01 0.00000000E+00-4.58298361E-02
10  6 8.83300388E-02 0.00000000E+00-1.75569593E-02 1.08860488E-02-6.89550338E-03
10  7-3.99054546E-03 0.00000000E+00-5.86017584E-03 0.00000000E+00 1.06214900E-01
10  8-2.19354361E-01-3.59204393E-01-1.79806145E-01 0.00000000E+00-4.58298361E-02
10  9-8.83300388E-02 0.00000000E+00-1.75569593E-02 1.08860488E-02-6.89550338E-03
10 10-3.99054546E-03 0.00000000E+00 5.86017584E-03 0.00000000E+00
11  1 0.00000000E+00 0.00000000E+00 0.00000000E+00 0.00000000E+00-1.65073510E-01
11  2 0.00000000E+00 0.00000000E+00 3.90020301E-01 0.00000000E+00 0.00000000E+00
11  3 1.60046094E-03 0.00000000E+00 0.00000000E+00 0.00000000E+00 0.00000000E+00
11  4 0.00000000E+00 0.00000000E+00 3.18540463E-02 0.00000000E+00-6.62046759E-02
11  5 1.38840764E-01 2.25083313E-01-3.64316338E-01 0.00000000E+00 1.15707594E-01
11  6-2.06409870E-01 0.00000000E+00 7.47323043E-02-1.25825018E-02 8.19877000E-03
11  7 4.38373176E-03 0.00000000E+00 9.68391934E-03 0.00000000E+00 6.62046759E-02
11  8-1.38840764E-01-2.25083313E-01-3.64316338E-01 0.00000000E+00-1.15707594E-01
11  9-2.06409870E-01 0.00000000E+00-7.47323043E-02 1.25825018E-02-8.19877000E-03
11 10-4.38373176E-03 0.00000000E+00 9.68391934E-03 0.00000000E+00
12  1 0.00000000E+00 0.00000000E+00 0.00000000E+00 0.00000000E+00 0.00000000E+00
12  2-2.00348522E-01 0.00000000E+00 0.00000000E+00 4.66034506E-01 0.00000000E+00
12  3 0.00000000E+00 2.50311827E-01 0.00000000E+00 0.00000000E+00 0.00000000E+00
12  4 0.00000000E+00 0.00000000E+00 0.00000000E+00 3.73341909E-02 0.00000000E+00
12  5 0.00000000E+00 0.00000000E+00 0.00000000E+00 3.14335373E-01 0.00000000E+00
12  6 0.00000000E+00 1.87167150E-01 0.00000000E+00 0.00000000E+00 0.00000000E+00
12  7 0.00000000E+00 2.19510576E-02 0.00000000E+00-4.75580921E-03 0.00000000E+00
12  8 0.00000000E+00 0.00000000E+00 0.00000000E+00 3.14335373E-01 0.00000000E+00
12  9 0.00000000E+00 1.87167150E-01 0.00000000E+00 0.00000000E+00 0.00000000E+00
12 10 0.00000000E+00-2.19510576E-02 0.00000000E+00-4.75580921E-03
13  1-8.84440495E-03 3.17977816E-02-4.71868334E-02-1.20319371E-01 0.00000000E+00
13  2 0.00000000E+00-1.96035058E-01 0.00000000E+00 0.00000000E+00 4.53744377E-01
13  3 0.00000000E+00 0.00000000E+00 2.36861329E-01-3.86000721E-02-1.28433656E-02
13  4 5.14434377E-02 0.00000000E+00 0.00000000E+00 0.00000000E+00 8.84110362E-03
13  5-1.87839521E-02-3.19241504E-02 1.41990958E-01 0.00000000E+00 2.82928335E-01
13  6 9.40793534E-02 0.00000000E+00 1.69190221E-01 1.39381774E-02-3.54691161E-03
13  7-1.03912658E-02 0.00000000E+00 1.67199302E-02 0.00000000E+00 8.84110362E-03
13  8-1.87839521E-02-3.19241504E-02-1.41990958E-01 0.00000000E+00 2.82928335E-01
13  9-9.40793534E-02 0.00000000E+00 1.69190221E-01 1.39381774E-02-3.54691161E-03
13 10-1.03912658E-02 0.00000000E+00-1.67199302E-02 0.00000000E+00
14  1 0.00000000E+00 0.00000000E+00 0.00000000E+00 0.00000000E+00 0.00000000E+00
14  2 0.00000000E+00 0.00000000E+00 0.00000000E+00 0.00000000E+00 0.00000000E+00
14  3 0.00000000E+00 0.00000000E+00 0.00000000E+00 0.00000000E+00 0.00000000E+00
14  4 0.00000000E+00-1.29747192E-01 0.00000000E+00 0.00000000E+00 0.00000000E+00
14  5 0.00000000E+00 0.00000000E+00 0.00000000E+00 4.61384387E-01 0.00000000E+00
14  6 0.00000000E+00 3.23810297E-01 0.00000000E+00 0.00000000E+00 0.00000000E+00
14  7 0.00000000E+00 1.87816536E-02 0.00000000E+00-4.31827445E-03 0.00000000E+00
14  8 0.00000000E+00 0.00000000E+00 0.00000000E+00-4.61384387E-01 0.00000000E+00
14  9 0.00000000E+00-3.23810297E-01 0.00000000E+00 0.00000000E+00 0.00000000E+00
14 10 0.00000000E+00 1.87816536E-02 0.00000000E+00 4.31827445E-03
15  1 0.00000000E+00 0.00000000E+00 0.00000000E+00 0.00000000E+00-1.59508987E-02
15  2 0.00000000E+00 0.00000000E+00 3.29841955E-02 0.00000000E+00 0.00000000E+00
15  3 5.84133768E-02 0.00000000E+00 0.00000000E+00 0.00000000E+00 0.00000000E+00
15  4 0.00000000E+00 0.00000000E+00-1.24461531E-01 0.00000000E+00-3.33911975E-04
15  5-6.52051286E-04 1.73119532E-02 1.59479418E-01 0.00000000E+00 4.33441196E-01
15  6 1.09003610E-01 0.00000000E+00 3.03133128E-01 5.84792926E-03 9.24390586E-04
15  7-6.77231985E-03 0.00000000E+00 1.84635089E-02 0.00000000E+00 3.33911975E-04
15  8 6.52051286E-04-1.73119532E-02 1.59479418E-01 0.00000000E+00-4.33441196E-01
15  9 1.09003610E-01 0.00000000E+00-3.03133128E-01-5.84792926E-03-9.24390586E-04
15 10 6.77231985E-03 0.00000000E+00 1.84635089E-02 0.00000000E+00
16  1 2.69298690E-02-1.28757977E-01 1.07982005E-01 6.81058917E-01 0.00000000E+00
16  2 0.00000000E+00 1.00277120E-01 0.00000000E+00 0.00000000E+00-2.43014807E-01
16  3 0.00000000E+00 0.00000000E+00-1.14629463E-01-1.83696605E-01 9.36709795E-02
16  4 9.00256252E-02 0.00000000E+00 0.00000000E+00 0.00000000E+00 1.19185641E-02
16  5-3.13253562E-02-9.33310743E-02-2.79964008E-01 0.00000000E+00 3.17171061E-01
16  6-2.06887032E-01 0.00000000E+00 2.36670127E-01-2.97347851E-03 2.05076598E-03
16  7 9.22712524E-04 0.00000000E+00 4.63680734E-03 0.00000000E+00 1.19185641E-02
16  8-3.13253562E-02-9.33310743E-02 2.79964008E-01 0.00000000E+00 3.17171061E-01
16  9 2.06887032E-01 0.00000000E+00 2.36670127E-01-2.97347851E-03 2.05076598E-03
16 10 9.22712524E-04 0.00000000E+00-4.63680734E-03 0.00000000E+00
17  1 0.00000000E+00 0.00000000E+00 0.00000000E+00 0.00000000E+00 0.00000000E+00
17  2-2.14230940E-01 0.00000000E+00 0.00000000E+00 5.43697529E-01 0.00000000E+00
17  3 0.00000000E+00 4.76959103E-01 0.00000000E+00 0.00000000E+00 0.00000000E+00
17  4 0.00000000E+00 0.00000000E+00 0.00000000E+00-1.85108742E-02 0.00000000E+00
17  5 0.00000000E+00 0.00000000E+00 0.00000000E+00-3.92677325E-01 0.00000000E+00
17  6 0.00000000E+00-3.28153879E-01 0.00000000E+00 0.00000000E+00 0.00000000E+00
17  7 0.00000000E+00-7.52013537E-04 0.00000000E+00-7.06758198E-04 0.00000000E+00
17  8 0.00000000E+00 0.00000000E+00 0.00000000E+00-3.92677325E-01 0.00000000E+00
17  9 0.00000000E+00-3.28153879E-01 0.00000000E+00 0.00000000E+00 0.00000000E+00
17 10 0.00000000E+00 7.52013537E-04 0.00000000E+00-7.06758198E-04
18  1 1.81147786E-02-8.71862986E-02 7.68882478E-02 5.61252802E-01 0.00000000E+00
18  2 0.00000000E+00-1.88528630E-01 0.00000000E+00 0.00000000E+00 4.88952799E-01
18  3 0.00000000E+00 0.00000000E+00 5.31632196E-01-1.36062328E-01 9.34204418E-02
18  4 4.26418862E-02 0.00000000E+00 0.00000000E+00 0.00000000E+00 2.86981395E-02
18  5-6.19383429E-02-2.18657912E-01-3.18068872E-01 0.00000000E+00-2.42702572E-01
18  6-2.84454563E-01 0.00000000E+00-2.10941916E-01-7.76877033E-04 1.69042615E-03
18  7-9.13549113E-04 0.00000000E+00 2.32380595E-03 0.00000000E+00 2.86981395E-02
18  8-6.19383429E-02-2.18657912E-01 3.18068872E-01 0.00000000E+00-2.42702572E-01
18  9 2.84454563E-01 0.00000000E+00-2.10941916E-01-7.76877033E-04 1.69042615E-03
18 10-9.13549113E-04 0.00000000E+00-2.32380595E-03 0.00000000E+00
19  1 0.00000000E+00 0.00000000E+00 0.00000000E+00 0.00000000E+00-1.42565996E-01
19  2 0.00000000E+00 0.00000000E+00 3.70355244E-01 0.00000000E+00 0.00000000E+00
19  3 1.61753358E+00 0.00000000E+00 0.00000000E+00 0.00000000E+00 0.00000000E+00
19  4 0.00000000E+00 0.00000000E+00-1.60247260E-01 0.00000000E+00-7.50033008E-02
19  5 1.19109904E-01 8.87522544E-01 1.38102256E-01 0.00000000E+00-1.85764597E-01
19  6 3.47930133E-01 0.00000000E+00-2.17086309E-01 1.29831028E-02-3.78559599E-03
19  7-9.19750682E-03 0.00000000E+00 3.51623249E-03 0.00000000E+00 7.50033008E-02
19  8-1.19109904E-01-8.87522544E-01 1.38102256E-01 0.00000000E+00 1.85764597E-01
19  9 3.47930133E-01 0.00000000E+00 2.17086309E-01-1.29831028E-02 3.78559599E-03
19 10 9.19750682E-03 0.00000000E+00 3.51623249E-03 0.00000000E+00
20  1 0.00000000E+00 0.00000000E+00 0.00000000E+00 0.00000000E+00 0.00000000E+00
20  2 2.85889848E-01 0.00000000E+00 0.00000000E+00-1.11048544E+00 0.00000000E+00
20  3 0.00000000E+00 1.26175737E+00 0.00000000E+00 0.00000000E+00 0.00000000E+00
20  4 0.00000000E+00 0.00000000E+00 0.00000000E+00-1.68294701E-01 0.00000000E+00
20  5 0.00000000E+00 0.00000000E+00 0.00000000E+00-6.69391823E-02 0.00000000E+00
20  6 0.00000000E+00-1.08688100E-01 0.00000000E+00 0.00000000E+00 0.00000000E+00
20  7 0.00000000E+00-2.85066017E-02 0.00000000E+00 2.63721598E-03 0.00000000E+00
20  8 0.00000000E+00 0.00000000E+00 0.00000000E+00-6.69391823E-02 0.00000000E+00
20  9 0.00000000E+00-1.08688100E-01 0.00000000E+00 0.00000000E+00 0.00000000E+00
20 10 0.00000000E+00 2.85066017E-02 0.00000000E+00 2.63721598E-03
21  1-3.02019877E-02-1.32635978E-01-4.91921061E-01 8.74652479E-01 0.00000000E+00
21  2 0.00000000E+00 2.68027561E-01 0.00000000E+00 0.00000000E+00-1.03068978E+00
21  3 0.00000000E+00 0.00000000E+00 1.27277971E+00 1.45747627E-01 6.62592109E-02
21  4-2.12006838E-01 0.00000000E+00 0.00000000E+00 0.00000000E+00 1.32402081E-02
21  5-1.00982193E-05-3.17960964E-01 9.16223234E-02 0.00000000E+00-9.10303563E-02
21  6-1.70775927E-01 0.00000000E+00-5.77061660E-02-4.28853024E-02 2.14795035E-02
21  7 2.14057990E-02 0.00000000E+00-8.74576480E-03 0.00000000E+00 1.32402081E-02
21  8-1.00982193E-05-3.17960964E-01-9.16223234E-02 0.00000000E+00-9.10303563E-02
21  9 1.70775927E-01 0.00000000E+00-5.77061660E-02-4.28853024E-02 2.14795035E-02
21 10 2.14057990E-02 0.00000000E+00 8.74576480E-03 0.00000000E+00
22  1-1.13207319E-01-3.81440427E-01-1.70808277E+00 2.15649618E+00 0.00000000E+00
22  2 0.00000000E+00-8.44625270E-02 0.00000000E+00 0.00000000E+00 3.38302418E-01
22  3 0.00000000E+00 0.00000000E+00-2.58265004E-01-1.25387107E-02-3.10432600E-02
22  4 4.35819707E-02 0.00000000E+00 0.00000000E+00 0.00000000E+00 1.25556205E-02
22  5-2.09457858E-02-3.17211030E-01 1.48440715E-01 0.00000000E+00-6.15326429E-02
22  6-1.66708974E-01 0.00000000E+00 7.60184101E-02-4.56101837E-02 2.74403255E-02
22  7 1.81698582E-02 0.00000000E+00 3.46857732E-02 0.00000000E+00 1.25556205E-02
22  8-2.09457858E-02-3.17211030E-01-1.48440715E-01 0.00000000E+00-6.15326429E-02
22  9 1.66708974E-01 0.00000000E+00 7.60184101E-02-4.56101837E-02 2.74403255E-02
22 10 1.81698582E-02 0.00000000E+00-3.46857732E-02 0.00000000E+00
23  1 0.00000000E+00 0.00000000E+00 0.00000000E+00 0.00000000E+00 3.12003356E-01
23  2 0.00000000E+00 0.00000000E+00-1.12604142E+00 0.00000000E+00 0.00000000E+00
23  3 1.36313716E+00 0.00000000E+00 0.00000000E+00 0.00000000E+00 0.00000000E+00
23  4 0.00000000E+00 0.00000000E+00 2.78531354E-01 0.00000000E+00-2.37610051E-03
23  5-6.13007343E-02 4.86455213E-01-3.10843425E-01 0.00000000E+00 1.30548385E-01
23  6 4.22088425E-02 0.00000000E+00-1.90488493E-02 4.21478987E-02-2.99846095E-02
23  7-1.21632892E-02 0.00000000E+00-4.05950328E-02 0.00000000E+00 2.37610051E-03
23  8 6.13007343E-02-4.86455213E-01-3.10843425E-01 0.00000000E+00-1.30548385E-01
23  9 4.22088425E-02 0.00000000E+00 1.90488493E-02-4.21478987E-02 2.99846095E-02
23 10 1.21632892E-02 0.00000000E+00-4.05950328E-02 0.00000000E+00
24  1 0.00000000E+00 0.00000000E+00 0.00000000E+00 0.00000000E+00 0.00000000E+00
24  2 5.31757234E-02 0.00000000E+00 0.00000000E+00-2.06972944E-01 0.00000000E+00
24  3 0.00000000E+00 1.94924543E-01 0.00000000E+00 0.00000000E+00 0.00000000E+00
24  4 0.00000000E+00 0.00000000E+00 0.00000000E+00 9.66617617E-01 0.00000000E+00
24  5 0.00000000E+00 0.00000000E+00 0.00000000E+00-1.40167660E-01 0.00000000E+00
24  6 0.00000000E+00 3.12558853E-02 0.00000000E+00 0.00000000E+00 0.00000000E+00
24  7 0.00000000E+00 2.01589274E-02 0.00000000E+00 2.93339889E-02 0.00000000E+00
24  8 0.00000000E+00 0.00000000E+00 0.00000000E+00-1.40167660E-01 0.00000000E+00
24  9 0.00000000E+00 3.12558853E-02 0.00000000E+00 0.00000000E+00 0.00000000E+00
24 10 0.00000000E+00-2.01589274E-02 0.00000000E+00 2.93339889E-02
25  1-1.69328946E-03 6.73446792E-03-1.04838269E-02-8.68041967E-02 0.00000000E+00
25  2 0.00000000E+00-5.18784930E-02 0.00000000E+00 0.00000000E+00 2.00009292E-01
25  3 0.00000000E+00 0.00000000E+00-2.13461575E-01-5.19001565E-04 8.36049599E-01
25  4-8.35530597E-01 0.00000000E+00 0.00000000E+00 0.00000000E+00-4.30308538E-03
25  5 1.01169824E-02 5.26718088E-02 3.06832530E-02 0.00000000E+00 1.43009219E-01
25  6 3.65167085E-02 0.00000000E+00-4.51252943E-02-2.62488175E-03 2.64759452E-02
25  7-2.38510634E-02 0.00000000E+00-2.12519467E-02 0.00000000E+00-4.30308538E-03
25  8 1.01169824E-02 5.26718088E-02-3.06832530E-02 0.00000000E+00 1.43009219E-01
25  9-3.65167085E-02 0.00000000E+00-4.51252943E-02-2.62488175E-03 2.64759452E-02
25 10-2.38510634E-02 0.00000000E+00 2.12519467E-02 0.00000000E+00
26  1 0.00000000E+00 0.00000000E+00 0.00000000E+00 0.00000000E+00 0.00000000E+00
26  2 0.00000000E+00 0.00000000E+00 0.00000000E+00 0.00000000E+00 0.00000000E+00
26  3 0.00000000E+00 0.00000000E+00 0.00000000E+00 0.00000000E+00 0.00000000E+00
26  4 0.00000000E+00 8.50921797E-01 0.00000000E+00 0.00000000E+00 0.00000000E+00
26  5 0.00000000E+00 0.00000000E+00 0.00000000E+00 3.96050824E-01 0.00000000E+00
26  6 0.00000000E+00-1.25822742E-01 0.00000000E+00 0.00000000E+00 0.00000000E+00
26  7 0.00000000E+00-6.13711277E-02 0.00000000E+00 2.46049228E-02 0.00000000E+00
26  8 0.00000000E+00 0.00000000E+00 0.00000000E+00-3.96050824E-01 0.00000000E+00
26  9 0.00000000E+00 1.25822742E-01 0.00000000E+00 0.00000000E+00 0.00000000E+00
26 10 0.00000000E+00-6.13711277E-02 0.00000000E+00-2.46049228E-02
27  1 0.00000000E+00 0.00000000E+00 0.00000000E+00 0.00000000E+00-1.51772321E-01
27  2 0.00000000E+00 0.00000000E+00 7.10239554E-01 0.00000000E+00 0.00000000E+00
27  3 3.33752644E-01 0.00000000E+00 0.00000000E+00 0.00000000E+00 0.00000000E+00
27  4 0.00000000E+00 0.00000000E+00 7.38238621E-01 0.00000000E+00-5.36562295E-02
27  5 1.71269700E-01 3.56829968E-01-1.53276228E-02 0.00000000E+00 3.04263101E-01
27  6 6.52627438E-01 0.00000000E+00-3.24953728E-01-4.06686034E-02 6.30098398E-03
27  7 3.43676194E-02 0.00000000E+00-2.89244477E-02 0.00000000E+00 5.36562295E-02
27  8-1.71269700E-01-3.56829968E-01-1.53276228E-02 0.00000000E+00-3.04263101E-01
27  9 6.52627438E-01 0.00000000E+00 3.24953728E-01 4.06686034E-02-6.30098398E-03
27 10-3.43676194E-02 0.00000000E+00-2.89244477E-02 0.00000000E+00
28  1 2.22792434E-02 3.32449984E-02 3.04266944E-01 1.16704023E+00 0.00000000E+00
28  2 0.00000000E+00-5.71769833E-02 0.00000000E+00 0.00000000E+00 2.92743145E-01
28  3 0.00000000E+00 0.00000000E+00 7.61780056E-02 6.44927086E-01-3.47204973E-01
28  4-2.97722113E-01 0.00000000E+00 0.00000000E+00 0.00000000E+00 6.12839846E-02
28  5-1.69373226E-01-4.73867895E-01 3.43309606E-01 0.00000000E+00-2.05193405E-02
28  6-1.09587175E+00 0.00000000E+00 2.53944982E-01 1.40464603E-03-4.38751480E-03
28  7 2.98286878E-03 0.00000000E+00-8.77796950E-03 0.00000000E+00 6.12839846E-02
28  8-1.69373226E-01-4.73867895E-01-3.43309606E-01 0.00000000E+00-2.05193405E-02
28  9 1.09587175E+00 0.00000000E+00 2.53944982E-01 1.40464603E-03-4.38751480E-03
28 10 2.98286878E-03 0.00000000E+00 8.77796950E-03 0.00000000E+00
29  1 0.00000000E+00 0.00000000E+00 0.00000000E+00 0.00000000E+00-3.25434019E-02
29  2 0.00000000E+00 0.00000000E+00 3.02876405E-01 0.00000000E+00 0.00000000E+00
29  3-2.24168702E-01 0.00000000E+00 0.00000000E+00 0.00000000E+00 0.00000000E+00
29  4 0.00000000E+00 0.00000000E+00 1.69725440E-01 0.00000000E+00-4.64193292E-03
29  5-5.46255733E-02 6.28537875E-02-4.04592912E-01 0.00000000E+00-4.56939180E-01
29  6 6.51904914E-01 0.00000000E+00 5.42505233E-01-3.08186285E-02 1.36052034E-02
29  7 1.72134251E-02 0.00000000E+00-2.91643354E-03 0.00000000E+00 4.64193292E-03
29  8 5.46255733E-02-6.28537875E-02-4.04592912E-01 0.00000000E+00 4.56939180E-01
29  9 6.51904914E-01 0.00000000E+00-5.42505233E-01 3.08186285E-02-1.36052034E-02
29 10-1.72134251E-02 0.00000000E+00-2.91643354E-03 0.00000000E+00
30  1 0.00000000E+00 0.00000000E+00 0.00000000E+00 0.00000000E+00 0.00000000E+00
30  2 0.00000000E+00 0.00000000E+00 0.00000000E+00 0.00000000E+00 0.00000000E+00
30  3 0.00000000E+00 0.00000000E+00 0.00000000E+00 0.00000000E+00 0.00000000E+00
30  4 0.00000000E+00 5.51701419E-01 0.00000000E+00 0.00000000E+00 0.00000000E+00
30  5 0.00000000E+00 0.00000000E+00 0.00000000E+00-5.24407235E-01 0.00000000E+00
30  6 0.00000000E+00 7.86518241E-01 0.00000000E+00 0.00000000E+00 0.00000000E+00
30  7 0.00000000E+00-6.22706685E-02 0.00000000E+00 2.22337717E-02 0.00000000E+00
30  8 0.00000000E+00 0.00000000E+00 0.00000000E+00 5.24407235E-01 0.00000000E+00
30  9 0.00000000E+00-7.86518241E-01 0.00000000E+00 0.00000000E+00 0.00000000E+00
30 10 0.00000000E+00-6.22706685E-02 0.00000000E+00-2.22337717E-02
31  1 6.76054189E-03 4.14805066E-02 1.29737092E-01-8.43651287E-02 0.00000000E+00
31  2 0.00000000E+00-2.57062709E-02 0.00000000E+00 0.00000000E+00 1.17367587E-01
31  3 0.00000000E+00 0.00000000E+00-7.02407997E-01 1.03074764E-01 1.13921145E-01
31  4-2.16995909E-01 0.00000000E+00 0.00000000E+00 0.00000000E+00-6.60165114E-03
31  5 1.05248283E-01-3.57842464E-02-1.30985967E-01 0.00000000E+00-5.96248325E-01
31  6 1.64189297E-01 0.00000000E+00 9.15242791E-01-4.35901950E-03 1.10114670E-03
31  7 3.25787281E-03 0.00000000E+00-3.92201496E-02 0.00000000E+00-6.60165114E-03
31  8 1.05248283E-01-3.57842464E-02 1.30985967E-01 0.00000000E+00-5.96248325E-01
31  9-1.64189297E-01 0.00000000E+00 9.15242791E-01-4.35901950E-03 1.10114670E-03
31 10 3.25787281E-03 0.00000000E+00 3.92201496E-02 0.00000000E+00
32  1 0.00000000E+00 0.00000000E+00 0.00000000E+00 0.00000000E+00-2.68177995E-02
32  2 0.00000000E+00 0.00000000E+00-1.26587904E-01 0.00000000E+00 0.00000000E+00
32  3 1.60262081E-01 0.00000000E+00 0.00000000E+00 0.00000000E+00 0.00000000E+00
32  4 0.00000000E+00 0.00000000E+00 6.69571674E-01 0.00000000E+00-5.35500027E-03
32  5 3.43501313E-03 1.27130508E-01 4.76150098E-01 0.00000000E+00-2.99014970E-01
32  6-4.31390904E-01 0.00000000E+00 5.04594089E-01-1.52696239E-02-1.92693166E-02
32  7 3.45389404E-02 0.00000000E+00-8.08742912E-02 0.00000000E+00 5.35500027E-03
32  8-3.43501313E-03-1.27130508E-01 4.76150098E-01 0.00000000E+00 2.99014970E-01
32  9-4.31390904E-01 0.00000000E+00-5.04594089E-01 1.52696239E-02 1.92693166E-02
32 10-3.45389404E-02 0.00000000E+00-8.08742912E-02 0.00000000E+00
33  1 0.00000000E+00 0.00000000E+00 0.00000000E+00 0.00000000E+00 0.00000000E+00
33  2-2.50145829E-02 0.00000000E+00 0.00000000E+00 1.03099107E-01 0.00000000E+00
33  3 0.00000000E+00-7.19182383E-01 0.00000000E+00 0.00000000E+00 0.00000000E+00
33  4 0.00000000E+00 0.00000000E+00 0.00000000E+00-1.87351048E-01 0.00000000E+00
33  5 0.00000000E+00 0.00000000E+00 0.00000000E+00-6.20580436E-01 0.00000000E+00
33  6 0.00000000E+00 9.46599690E-01 0.00000000E+00 0.00000000E+00 0.00000000E+00
33  7 0.00000000E+00-3.78780309E-02 0.00000000E+00 4.40401942E-04 0.00000000E+00
33  8 0.00000000E+00 0.00000000E+00 0.00000000E+00-6.20580436E-01 0.00000000E+00
33  9 0.00000000E+00 9.46599690E-01 0.00000000E+00 0.00000000E+00 0.00000000E+00
33 10 0.00000000E+00 3.78780309E-02 0.00000000E+00 4.40401942E-04
34  1-1.94814561E-02-2.34901337E-01-5.17865331E-01 9.48608037E-01 0.00000000E+00
34  2 0.00000000E+00-4.43410870E-02 0.00000000E+00 0.00000000E+00 1.29091277E-01
34  3 0.00000000E+00 0.00000000E+00 5.93435463E-02 1.04833287E+00-5.75249584E-01
34  4-4.73083285E-01 0.00000000E+00 0.00000000E+00 0.00000000E+00 3.66851503E-02
34  5-9.49901687E-02-4.28084283E-01-5.33092706E-01 0.00000000E+00 1.78352451E-01
34  6 1.42384607E-01 0.00000000E+00 2.43327765E-02-3.47649270E-02-9.54298266E-03
34  7 4.43079097E-02 0.00000000E+00-7.04250312E-02 0.00000000E+00 3.66851503E-02
34  8-9.49901687E-02-4.28084283E-01 5.33092706E-01 0.00000000E+00 1.78352451E-01
34  9-1.42384607E-01 0.00000000E+00 2.43327765E-02-3.47649270E-02-9.54298266E-03
34 10 4.43079097E-02 0.00000000E+00 7.04250312E-02 0.00000000E+00
35  1-1.33946947E-02-1.49965219E-01-3.13084372E-01 1.86702341E+00 0.00000000E+00
35  2 0.00000000E+00-6.68864176E-03 0.00000000E+00 0.00000000E+00 8.67395471E-02
35  3 0.00000000E+00 0.00000000E+00 4.54992964E-01 3.07599561E-01-1.94294791E-01
35  4-1.13304771E-01 0.00000000E+00 0.00000000E+00 0.00000000E+00-6.08397847E-03
35  5 1.18239227E+00-1.82188094E+00 6.02210455E-02 0.00000000E+00 6.44974739E-02
35  6-6.83972469E-01 0.00000000E+00-2.25799500E-02 1.82985943E-01-9.78720909E-02
35  7-8.51138522E-02 0.00000000E+00-3.19784627E-02 0.00000000E+00-6.08397847E-03
35  8 1.18239227E+00-1.82188094E+00-6.02210455E-02 0.00000000E+00 6.44974739E-02
35  9 6.83972469E-01 0.00000000E+00-2.25799500E-02 1.82985943E-01-9.78720909E-02
35 10-8.51138522E-02 0.00000000E+00 3.19784627E-02 0.00000000E+00
36  1 0.00000000E+00 0.00000000E+00 0.00000000E+00 0.00000000E+00-2.29304324E-02
36  2 0.00000000E+00 0.00000000E+00 2.60281006E-01 0.00000000E+00 0.00000000E+00
36  3 1.63110357E+00 0.00000000E+00 0.00000000E+00 0.00000000E+00 0.00000000E+00
36  4 0.00000000E+00 0.00000000E+00 1.89235483E-01 0.00000000E+00-4.26347847E-03
36  5-1.26523232E+00 2.22291288E+00 9.21060543E-03 0.00000000E+00 7.76450463E-02
36  6 4.68427796E-01 0.00000000E+00-3.15987587E-01-1.83734475E-01 1.03041218E-01
36  7 8.06932560E-02 0.00000000E+00 1.23707140E-01 0.00000000E+00 4.26347847E-03
36  8 1.26523232E+00-2.22291288E+00 9.21060543E-03 0.00000000E+00-7.76450463E-02
36  9 4.68427796E-01 0.00000000E+00 3.15987587E-01 1.83734475E-01-1.03041218E-01
36 10-8.06932560E-02 0.00000000E+00 1.23707140E-01 0.00000000E+00
37  1 0.00000000E+00 0.00000000E+00 0.00000000E+00 0.00000000E+00 0.00000000E+00
37  2 0.00000000E+00 0.00000000E+00 0.00000000E+00 0.00000000E+00 0.00000000E+00
37  3 0.00000000E+00 0.00000000E+00 0.00000000E+00 0.00000000E+00 0.00000000E+00
37  4 0.00000000E+00 2.13317942E-02 0.00000000E+00 0.00000000E+00 0.00000000E+00
37  5 0.00000000E+00 0.00000000E+00 0.00000000E+00-4.45714674E-03 0.00000000E+00
37  6 0.00000000E+00 7.63643920E-03 0.00000000E+00 0.00000000E+00 0.00000000E+00
37  7 0.00000000E+00 2.57728161E-01 0.00000000E+00 6.58598089E-01 0.00000000E+00
37  8 0.00000000E+00 0.00000000E+00 0.00000000E+00 4.45714674E-03 0.00000000E+00
37  9 0.00000000E+00-7.63643920E-03 0.00000000E+00 0.00000000E+00 0.00000000E+00
37 10 0.00000000E+00 2.57728161E-01 0.00000000E+00-6.58598089E-01
38  1 0.00000000E+00 0.00000000E+00 0.00000000E+00 0.00000000E+00 4.42785564E-04
38  2 0.00000000E+00 0.00000000E+00-3.48630181E-03 0.00000000E+00 0.00000000E+00
38  3 3.01386994E-02 0.00000000E+00 0.00000000E+00 0.00000000E+00 0.00000000E+00
38  4 0.00000000E+00 0.00000000E+00-2.07441940E-02 0.00000000E+00 2.95578447E-04
38  5-1.75389072E-02 2.87021079E-02 6.44086384E-04 0.00000000E+00 6.75619697E-03
38  6-6.17975888E-04 0.00000000E+00-1.22963494E-02-8.79335798E-02 6.14193190E-01
38  7-5.26259611E-01 0.00000000E+00-2.42641211E-01 0.00000000E+00-2.95578447E-04
38  8 1.75389072E-02-2.87021079E-02 6.44086384E-04 0.00000000E+00-6.75619697E-03
38  9-6.17975888E-04 0.00000000E+00 1.22963494E-02 8.79335798E-02-6.14193190E-01
38 10 5.26259611E-01 0.00000000E+00-2.42641211E-01 0.00000000E+00
39  1 0.00000000E+00 0.00000000E+00 0.00000000E+00 0.00000000E+00 0.00000000E+00
39  2-2.35203939E-02 0.00000000E+00 0.00000000E+00 7.75975143E-02 0.00000000E+00
39  3 0.00000000E+00 3.21476443E-02 0.00000000E+00 0.00000000E+00 0.00000000E+00
39  4 0.00000000E+00 0.00000000E+00 0.00000000E+00-5.83851358E-02 0.00000000E+00
39  5 0.00000000E+00 0.00000000E+00 0.00000000E+00 2.23476858E-02 0.00000000E+00
39  6 0.00000000E+00-3.79472070E-02 0.00000000E+00 0.00000000E+00 0.00000000E+00
39  7 0.00000000E+00-9.63901026E-02 0.00000000E+00 7.02052336E-01 0.00000000E+00
39  8 0.00000000E+00 0.00000000E+00 0.00000000E+00 2.23476858E-02 0.00000000E+00
39  9 0.00000000E+00-3.79472070E-02 0.00000000E+00 0.00000000E+00 0.00000000E+00
39 10 0.00000000E+00 9.63901026E-02 0.00000000E+00 7.02052336E-01
40  1 2.10452900E-03 1.02427021E-02 3.80150585E-02-2.16282659E-02 0.00000000E+00
40  2 0.00000000E+00-8.52795439E-03 0.00000000E+00 0.00000000E+00 3.29760848E-02
40  3 0.00000000E+00 0.00000000E+00-1.84588049E-03-3.85124555E-02 1.07079157E-01
40  4-6.85667018E-02 0.00000000E+00 0.00000000E+00 0.00000000E+00-1.42590036E-03
40  5 2.13206737E-02-8.75777030E-03 2.00030828E-02 0.00000000E+00-6.83866538E-04
40  6-1.72355116E-02 0.00000000E+00-1.30583967E-03-2.37896422E-02-5.92703894E-01
40  7 6.16493536E-01 0.00000000E+00 1.12171425E-01 0.00000000E+00-1.42590036E-03
40  8 2.13206737E-02-8.75777030E-03-2.00030828E-02 0.00000000E+00-6.83866538E-04
40  9 1.72355116E-02 0.00000000E+00-1.30583967E-03-2.37896422E-02-5.92703894E-01
40 10 6.16493536E-01 0.00000000E+00-1.12171425E-01 0.00000000E+00
41  1 0.00000000E+00 0.00000000E+00 0.00000000E+00 0.00000000E+00 0.00000000E+00
41  2 5.46426098E-02 0.00000000E+00 0.00000000E+00-1.76854109E-01 0.00000000E+00
41  3 0.00000000E+00-1.22618632E-01 0.00000000E+00 0.00000000E+00 0.00000000E+00
41  4 0.00000000E+00 0.00000000E+00 0.00000000E+00-1.69140256E-01 0.00000000E+00
41  5 0.00000000E+00 0.00000000E+00 0.00000000E+00-6.35974873E-02 0.00000000E+00
41  6 0.00000000E+00 1.36365704E-01 0.00000000E+00 0.00000000E+00 0.00000000E+00
41  7 0.00000000E+00 7.14917401E-01 0.00000000E+00 9.09441090E-02 0.00000000E+00
41  8 0.00000000E+00 0.00000000E+00 0.00000000E+00-6.35974873E-02 0.00000000E+00
41  9 0.00000000E+00 1.36365704E-01 0.00000000E+00 0.00000000E+00 0.00000000E+00
41 10 0.00000000E+00-7.14917401E-01 0.00000000E+00 9.09441090E-02
42  1-7.80859029E-03-1.86344143E-02-1.21225413E-01-1.83959405E-01 0.00000000E+00
42  2 0.00000000E+00 6.16464601E-02 0.00000000E+00 0.00000000E+00-2.26228453E-01
42  3 0.00000000E+00 0.00000000E+00-1.79144378E-01 1.74420588E-01 4.30209046E-02
42  4-2.17441493E-01 0.00000000E+00 0.00000000E+00 0.00000000E+00 2.21765721E-03
42  5-2.12845446E-01 2.78610593E-01-9.87777102E-02 0.00000000E+00-4.45112572E-02
42  6 2.05137287E-01 0.00000000E+00 1.31372700E-01 4.21358278E-01-1.43587590E-01
42  7-2.77770687E-01 0.00000000E+00 5.77182462E-01 0.00000000E+00 2.21765721E-03
42  8-2.12845446E-01 2.78610593E-01 9.87777102E-02 0.00000000E+00-4.45112572E-02
42  9-2.05137287E-01 0.00000000E+00 1.31372700E-01 4.21358278E-01-1.43587590E-01
42 10-2.77770687E-01 0.00000000E+00-5.77182462E-01 0.00000000E+00
43  1 0.00000000E+00 0.00000000E+00 0.00000000E+00 0.00000000E+00 4.20749808E-02
43  2 0.00000000E+00 0.00000000E+00-2.33690593E-01 0.00000000E+00 0.00000000E+00
43  3-8.24970655E-02 0.00000000E+00 0.00000000E+00 0.00000000E+00 0.00000000E+00
43  4 0.00000000E+00 0.00000000E+00 4.31967804E-01 0.00000000E+00-9.58622120E-04
43  5 1.77980700E-01-2.31775057E-01 6.04212739E-02 0.00000000E+00-5.62752978E-02
43  6-9.55678760E-02 0.00000000E+00 1.79449234E-01 1.98186663E-01 1.28991096E-01
43  7-3.27177759E-01 0.00000000E+00 6.52008594E-01 0.00000000E+00 9.58622120E-04
43  8-1.77980700E-01 2.31775057E-01 6.04212739E-02 0.00000000E+00 5.62752978E-02
43  9-9.55678760E-02 0.00000000E+00-1.79449234E-01-1.98186663E-01-1.28991096E-01
43 10 3.27177759E-01 0.00000000E+00 6.52008594E-01 0.00000000E+00
44  1 0.00000000E+00 0.00000000E+00 0.00000000E+00 0.00000000E+00 0.00000000E+00
44  2 0.00000000E+00 0.00000000E+00 0.00000000E+00 0.00000000E+00 0.00000000E+00
44  3 0.00000000E+00 0.00000000E+00 0.00000000E+00 0.00000000E+00 0.00000000E+00
44  4 0.00000000E+00 5.27585350E-01 0.00000000E+00 0.00000000E+00 0.00000000E+00
44  5 0.00000000E+00 0.00000000E+00 0.00000000E+00-3.34323471E-02 0.00000000E+00
44  6 0.00000000E+00 1.65437609E-01 0.00000000E+00 0.00000000E+00 0.00000000E+00
44  7 0.00000000E+00 6.97674308E-01 0.00000000E+00-2.67826958E-01 0.00000000E+00
44  8 0.00000000E+00 0.00000000E+00 0.00000000E+00 3.34323471E-02 0.00000000E+00
44  9 0.00000000E+00-1.65437609E-01 0.00000000E+00 0.00000000E+00 0.00000000E+00
44 10 0.00000000E+00 6.97674308E-01 0.00000000E+00 2.67826958E-01
45  1 0.00000000E+00 0.00000000E+00 0.00000000E+00 0.00000000E+00-2.15695864E-01
45  2 0.00000000E+00 0.00000000E+00 1.17647109E+00 0.00000000E+00 0.00000000E+00
45  3 4.85992591E-01 0.00000000E+00 0.00000000E+00 0.00000000E+00 0.00000000E+00
45  4 0.00000000E+00 0.00000000E+00 4.48314355E-01 0.00000000E+00-2.85415938E-02
45  5-5.87829752E-01 1.23578004E+00 1.41630502E-02 0.00000000E+00 1.25577480E-02
45  6 6.60768264E-01 0.00000000E+00-1.64731411E-01 7.74026525E-01-3.71336942E-01
45  7-4.02689583E-01 0.00000000E+00-2.08756108E-01 0.00000000E+00 2.85415938E-02
45  8 5.87829752E-01-1.23578004E+00 1.41630502E-02 0.00000000E+00-1.25577480E-02
45  9 6.60768264E-01 0.00000000E+00 1.64731411E-01-7.74026525E-01 3.71336942E-01
45 10 4.02689583E-01 0.00000000E+00-2.08756108E-01 0.00000000E+00
46  1 4.29144469E-02-2.41675905E-02 5.01477796E-01 1.33854950E+00 0.00000000E+00
46  2 0.00000000E+00-5.66368868E-02 0.00000000E+00 0.00000000E+00 3.25235496E-01
46  3 0.00000000E+00 0.00000000E+00 1.30566883E-01 9.40886022E-01-4.98426256E-01
46  4-4.42459766E-01 0.00000000E+00 0.00000000E+00 0.00000000E+00 3.66765064E-02
46  5 5.62343799E-01-1.33684357E+00-7.28108403E-02 0.00000000E+00 3.32556459E-02
46  6-7.60365395E-01 0.00000000E+00 2.21805333E-01-6.82323788E-01 4.29520719E-01
46  7 2.52803070E-01 0.00000000E+00 5.01924777E-01 0.00000000E+00 3.66765064E-02
46  8 5.62343799E-01-1.33684357E+00 7.28108403E-02 0.00000000E+00 3.32556459E-02
46  9 7.60365395E-01 0.00000000E+00 2.21805333E-01-6.82323788E-01 4.29520719E-01
46 10 2.52803070E-01 0.00000000E+00-5.01924777E-01 0.00000000E+00
 $END   
 POPULATION ANALYSIS
S           15.26480   0.73520  15.28799   0.71201
O            8.36760  -0.36760   8.35601  -0.35601
O            8.36760  -0.36760   8.35601  -0.35601
 MOMENTS AT POINT    1 X,Y,Z=  0.000000  0.000000  0.000000
 DIPOLE       0.000000  0.000000 -0.401164
