 $DATA  
FCH2CH2F eclipsed TS                                                            
CS       0

C           6.0     -0.7883550572     -0.7509089410      0.0000000000
   PCSEG   0
        
C           6.0      0.7854792036     -0.7522117626      0.0000000000
   PCSEG   0
        
F           9.0      1.2467905509      0.6070492687      0.0000000000
   PCSEG   0
        
H           1.0      1.1842024455     -1.2567864923      0.9024337271
   PCSEG   0
        
F           9.0     -1.2446216210      0.6088331209      0.0000000000
   PCSEG   0
        
H           1.0     -1.1875244287     -1.2547465352     -0.9025844899
   PCSEG   0
        
 $END      
 $ZMAT   IZMAT(1)=
         1,   2,   1,
         1,   3,   2,
         2,   3,   2,   1,
         1,   5,   2,
         2,   5,   2,   1,
         3,   5,   2,   1,   3,
         1,   4,   2,
         2,   4,   2,   1,
         3,   4,   2,   1,   3,
         1,   6,   1,
         2,   6,   1,   2,
         3,   6,   1,   2,   3,
         1,   8,   1,
         2,   8,   1,   2,
         3,   8,   1,   2,   6,
         1,   7,   1,
         2,   7,   1,   2,
         3,   7,   1,   2,   6,
 $END
--- CLOSED SHELL ORBITALS --- GENERATED AT Sun Oct  6 20:48:33 2019
FCH2CH2F eclipsed TS                                                            
E(R-PBE)=     -277.1916781069, E(NUC)=  126.2232482140,   14 ITERS
 $VEC   
 1  1 7.85581041E-05-3.03308563E-03 2.10944083E-02-3.76562358E-04 7.06603599E-04
 1  2 0.00000000E+00 1.80511860E-03 5.21001382E-03 0.00000000E+00 3.00806231E-05
 1  3 1.44678576E-03-1.40348134E-02-6.57532536E-05-3.69740649E-04 0.00000000E+00
 1  4 3.32608677E-03-3.01750275E-03 0.00000000E+00-3.32027475E-01-1.85201526E-02
 1  5 1.09904020E-02 3.22035738E-04 7.28321655E-04 0.00000000E+00-8.94377475E-04
 1  6-1.99939108E-03 0.00000000E+00 5.22879215E-04 1.44839518E-03 5.22879215E-04
 1  7 1.44839518E-03 9.26394805E-01 5.02405556E-02-2.66022562E-02 6.56579847E-04
 1  8-1.91151331E-03 0.00000000E+00-1.68050309E-03 4.58077595E-03 0.00000000E+00
 1  9-1.03708433E-03-2.87717056E-03-1.03708433E-03-2.87717056E-03
 2  1 1.02353888E-04-6.12684418E-04-8.36091398E-04-2.21244486E-04 1.03068341E-04
 2  2 0.00000000E+00-2.83604715E-03 3.70072544E-04 0.00000000E+00 1.25237477E-04
 2  3-2.73837566E-03 1.57491071E-02 4.32266149E-04 6.07197346E-04 0.00000000E+00
 2  4 4.26820992E-04 4.25195259E-03 0.00000000E+00 9.26447662E-01 4.98118661E-02
 2  5-2.53757120E-02-5.93780372E-04-1.86935270E-03 0.00000000E+00 1.46035567E-03
 2  6 4.27091905E-03 0.00000000E+00-9.14423052E-04-2.53185963E-03-9.14423052E-04
 2  7-2.53185963E-03 3.32172183E-01 1.73456812E-02-7.63493774E-03 1.27499140E-04
 2  8-6.26570303E-04 0.00000000E+00-2.36291273E-04 1.17002959E-03 0.00000000E+00
 2  9-1.77230772E-04-4.89327438E-04-1.77230772E-04-4.89327438E-04
 3  1 7.59390224E-01 4.73082691E-02-4.64981127E-02 7.61381925E-04 2.98313927E-04
 3  2 0.00000000E+00-5.13673881E-03 3.68153579E-03 0.00000000E+00-6.25405946E-01
 3  3-3.96182259E-02 4.18278981E-02 9.42620543E-04-2.64488362E-04 0.00000000E+00
 3  4-5.29728101E-03-3.31449266E-03 0.00000000E+00-7.68375020E-05 6.04817209E-06
 3  5-1.21207199E-03 2.43237046E-04 1.87449803E-04 0.00000000E+00-1.29477006E-03
 3  6-2.11914068E-03 0.00000000E+00 1.25936421E-03-8.20281507E-03 1.25936421E-03
 3  7-8.20281507E-03 1.15636080E-04-1.88486647E-04 1.67444555E-03 2.01618839E-04
 3  8-2.03691175E-04 0.00000000E+00-1.22208360E-03 2.48383759E-03 0.00000000E+00
 3  9-1.56938221E-03 9.51886589E-03-1.56938221E-03 9.51886589E-03
 4  1 6.26215907E-01 3.55717381E-02-1.99539044E-02-1.02359827E-03 1.33930622E-04
 4  2 0.00000000E+00 1.32239837E-03 1.48821714E-03 0.00000000E+00 7.60059117E-01
 4  3 4.39645670E-02-2.84538589E-02 8.60177948E-04 1.83856398E-04 0.00000000E+00
 4  4-3.22464464E-04 2.16844030E-03 0.00000000E+00 2.08289471E-04-9.53804768E-04
 4  5 2.59278483E-03 1.92088612E-04-1.12636862E-04 0.00000000E+00-2.53779054E-04
 4  6 2.05014386E-03 0.00000000E+00-1.73441868E-03 7.66886040E-03-1.73441868E-03
 4  7 7.66886040E-03 1.90717648E-04-9.42883055E-04 2.32640815E-03-2.36265534E-04
 4  8-7.14950055E-05 0.00000000E+00 5.04725594E-04 1.60585293E-03 0.00000000E+00
 4  9-1.46028358E-03 5.96283417E-03-1.46028358E-03 5.96283417E-03
 5  1-6.46166652E-02 1.14366887E-01 1.12857566E-02-8.97276206E-03 5.76691726E-02
 5  2 0.00000000E+00 2.94732448E-03 1.41109838E-02 0.00000000E+00-6.29833227E-02
 5  3 1.11370921E-01 1.21196958E-02 8.31572605E-03 5.58624177E-02 0.00000000E+00
 5  4-3.36497453E-03 1.39012774E-02 0.00000000E+00-1.99794663E-01 3.56469064E-01
 5  5 3.25909417E-01-2.25803142E-02-5.91709823E-02 0.00000000E+00-2.64176949E-02
 5  6-6.72398994E-02 0.00000000E+00 1.09416352E-02 6.48187480E-03 1.09416352E-02
 5  7 6.48187480E-03-2.06136567E-01 3.67807267E-01 3.36406606E-01 2.29604273E-02
 5  8-6.12325622E-02 0.00000000E+00 2.68424159E-02-6.96482572E-02 0.00000000E+00
 5  9 1.12415730E-02 6.77199204E-03 1.12415730E-02 6.77199204E-03
 6  1 4.99172975E-02-9.23974868E-02 1.90285837E-02 2.57149381E-02-5.27556444E-02
 6  2 0.00000000E+00 1.46135645E-02-9.53047551E-03 0.00000000E+00-5.17025468E-02
 6  3 9.55641175E-02-1.85248869E-02 2.61628993E-02 5.42194994E-02 0.00000000E+00
 6  4 1.45877531E-02 9.95920412E-03 0.00000000E+00-2.13733219E-01 3.82836212E-01
 6  5 3.52564868E-01-1.78853174E-02-6.14220361E-02 0.00000000E+00-1.99124014E-02
 6  6-7.21034260E-02 0.00000000E+00 1.02363722E-02 8.66167728E-03 1.02363722E-02
 6  7 8.66167728E-03 2.07513658E-01-3.71730464E-01-3.42418045E-01-1.70232499E-02
 6  8 5.98138405E-02 0.00000000E+00-1.88944292E-02 7.02562737E-02 0.00000000E+00
 6  9-9.89522835E-03-8.49125528E-03-9.89522835E-03-8.49125528E-03
 7  1-1.85280129E-01 3.44013336E-01 1.79607867E-01 7.57628963E-02-4.81183383E-02
 7  2 0.00000000E+00 5.03508674E-02-4.37340625E-02 0.00000000E+00-1.85297653E-01
 7  3 3.44047503E-01 1.79464056E-01-7.58015370E-02-4.79405248E-02 0.00000000E+00
 7  4-5.03354222E-02-4.36710386E-02 0.00000000E+00 7.26090974E-02-1.33134221E-01
 7  5-1.52872145E-01-2.62019417E-02-4.86332472E-02 0.00000000E+00-1.86079714E-02
 7  6-4.24325676E-02 0.00000000E+00 9.16373739E-02 1.13898928E-02 9.16373739E-02
 7  7 1.13898928E-02 7.27625742E-02-1.33414119E-01-1.53299757E-01 2.61736558E-02
 7  8-4.88238130E-02 0.00000000E+00 1.85758085E-02-4.25414411E-02 0.00000000E+00
 7  9 9.16611977E-02 1.13806814E-02 9.16611977E-02 1.13806814E-02
 8  1 1.64193957E-01-3.18874939E-01-1.98172305E-01 9.75632260E-02 4.30748049E-02
 8  2 0.00000000E+00 7.64620089E-02 6.39630746E-02 0.00000000E+00-1.64222419E-01
 8  3 3.18875864E-01 1.98361087E-01 9.73860039E-02-4.32986012E-02 0.00000000E+00
 8  4 7.62506596E-02-6.40332123E-02 0.00000000E+00 6.61870126E-02-1.23953972E-01
 8  5-1.44791230E-01-1.32192603E-02-1.15562001E-01 0.00000000E+00-1.70593552E-02
 8  6-1.14259313E-01 0.00000000E+00 1.35668563E-01 2.77637655E-02 1.35668563E-01
 8  7 2.77637655E-02-6.62257740E-02 1.24029740E-01 1.44856931E-01-1.27187589E-02
 8  8 1.15835227E-01 0.00000000E+00-1.65416823E-02 1.14548168E-01 0.00000000E+00
 8  9-1.35654942E-01-2.77880479E-02-1.35654942E-01-2.77880479E-02
 9  1 0.00000000E+00 0.00000000E+00 0.00000000E+00 0.00000000E+00 0.00000000E+00
 9  2 2.54668672E-01 0.00000000E+00 0.00000000E+00 2.38954950E-01 0.00000000E+00
 9  3 0.00000000E+00 0.00000000E+00 0.00000000E+00 0.00000000E+00 2.53875724E-01
 9  4 0.00000000E+00 0.00000000E+00 2.38014186E-01 0.00000000E+00 0.00000000E+00
 9  5 0.00000000E+00 0.00000000E+00 0.00000000E+00 1.23942113E-01 0.00000000E+00
 9  6 0.00000000E+00 1.23157408E-01-1.48195386E-01-5.12053517E-02 1.48195386E-01
 9  7 5.12053517E-02 0.00000000E+00 0.00000000E+00 0.00000000E+00 0.00000000E+00
 9  8 0.00000000E+00 1.24858433E-01 0.00000000E+00 0.00000000E+00 1.24065038E-01
 9  9 1.48665583E-01 5.13076652E-02-1.48665583E-01-5.13076652E-02
10  1-8.55695060E-03 2.86453606E-02-5.58276681E-02 1.52593399E-01 1.92002964E-01
10  2 0.00000000E+00 1.47591554E-01 1.66954081E-01 0.00000000E+00-8.58201897E-03
10  3 2.85301319E-02-5.48305232E-02-1.52047404E-01 1.91310448E-01 0.00000000E+00
10  4-1.47097183E-01 1.66801988E-01 0.00000000E+00 4.13742454E-02-7.46024037E-02
10  5-1.11181495E-01-1.82646542E-01-1.18165256E-01 0.00000000E+00-1.88428633E-01
10  6-1.23445761E-01 0.00000000E+00-9.87726324E-02-2.93241737E-02-9.87726324E-02
10  7-2.93241737E-02 4.17228810E-02-7.52432875E-02-1.11978760E-01 1.83527172E-01
10  8-1.20166805E-01 0.00000000E+00 1.89374541E-01-1.25600652E-01 0.00000000E+00
10  9-9.91588860E-02-2.93874262E-02-9.91588860E-02-2.93874262E-02
11  1 2.86009070E-03-2.89304676E-02 1.70659917E-02 2.31746478E-01-1.00593135E-01
11  2 0.00000000E+00 2.00538568E-01-5.76418440E-02 0.00000000E+00 3.00408707E-03
11  3-2.90617953E-02 1.55437902E-02-2.32017546E-01-9.85373673E-02 0.00000000E+00
11  4-2.00564691E-01-5.60770224E-02 0.00000000E+00-4.17966833E-02 7.42498377E-02
11  5 1.16570098E-01-4.59841199E-02 2.64517956E-01 0.00000000E+00-4.39360382E-02
11  6 2.86103152E-01 0.00000000E+00-2.86903343E-02-1.63028501E-02-2.86903343E-02
11  7-1.63028501E-02-4.21126928E-02 7.48476929E-02 1.17168362E-01 4.66182599E-02
11  8 2.66471431E-01 0.00000000E+00 4.45387455E-02 2.88300969E-01 0.00000000E+00
11  9-2.78579449E-02-1.61011651E-02-2.78579449E-02-1.61011651E-02
12  1 6.62163443E-03 1.47267278E-02-1.49088102E-01 1.46448745E-02 1.98807409E-01
12  2 0.00000000E+00 2.22038486E-03 1.53364695E-01 0.00000000E+00-6.52484693E-03
12  3-1.50686677E-02 1.48926427E-01 1.31536411E-02-2.00453877E-01 0.00000000E+00
12  4 1.11472808E-03-1.54962366E-01 0.00000000E+00-4.14435386E-02 7.63505483E-02
12  5 9.70071266E-02 1.31853810E-01 2.72950276E-01 0.00000000E+00 1.44506570E-01
12  6 3.04020115E-01 0.00000000E+00 8.90562288E-02 2.74347336E-02 8.90562288E-02
12  7 2.74347336E-02 4.09429070E-02-7.54338117E-02-9.55126618E-02 1.29900449E-01
12  8-2.70913628E-01 0.00000000E+00 1.42329320E-01-3.01851209E-01 0.00000000E+00
12  9-8.88476725E-02-2.73368792E-02-8.88476725E-02-2.73368792E-02
13  1 0.00000000E+00 0.00000000E+00 0.00000000E+00 0.00000000E+00 0.00000000E+00
13  2-2.30724432E-01 0.00000000E+00 0.00000000E+00-2.70349350E-01 0.00000000E+00
13  3 0.00000000E+00 0.00000000E+00 0.00000000E+00 0.00000000E+00 2.31746847E-01
13  4 0.00000000E+00 0.00000000E+00 2.71201589E-01 0.00000000E+00 0.00000000E+00
13  5 0.00000000E+00 0.00000000E+00 0.00000000E+00 1.97269798E-01 0.00000000E+00
13  6 0.00000000E+00 2.03065631E-01-1.56454611E-01-7.15989536E-02 1.56454611E-01
13  7 7.15989536E-02 0.00000000E+00 0.00000000E+00 0.00000000E+00 0.00000000E+00
13  8 0.00000000E+00-1.97332420E-01 0.00000000E+00 0.00000000E+00-2.03154699E-01
13  9-1.55711464E-01-7.11419572E-02 1.55711464E-01 7.11419572E-02
14  1-3.05359732E-02 6.67245684E-02 1.76432715E-01 3.73571576E-02-1.78459781E-02
14  2 0.00000000E+00 1.76119977E-01-6.36138748E-02 0.00000000E+00 3.07941392E-02
14  3-6.72589224E-02-1.76899447E-01 3.90571002E-02 1.74041164E-02 0.00000000E+00
14  4 1.77614759E-01 6.31320625E-02 0.00000000E+00 7.07485298E-03-1.66004819E-02
14  5-2.12196345E-02 3.60473300E-01-1.39813378E-01 0.00000000E+00 3.89967034E-01
14  6-1.41972255E-01 0.00000000E+00-3.44095685E-02-7.09221721E-03-3.44095685E-02
14  7-7.09221721E-03-7.06721814E-03 1.65742351E-02 2.11843484E-02 3.62121757E-01
14  8 1.38713748E-01 0.00000000E+00 3.91917986E-01 1.40820350E-01 0.00000000E+00
14  9 3.50845488E-02 7.71343618E-03 3.50845488E-02 7.71343618E-03
15  1 0.00000000E+00 0.00000000E+00 0.00000000E+00 0.00000000E+00 0.00000000E+00
15  2-9.67271242E-02 0.00000000E+00 0.00000000E+00-2.92748334E-02 0.00000000E+00
15  3 0.00000000E+00 0.00000000E+00 0.00000000E+00 0.00000000E+00-9.52435187E-02
15  4 0.00000000E+00 0.00000000E+00-2.82577276E-02 0.00000000E+00 0.00000000E+00
15  5 0.00000000E+00 0.00000000E+00 0.00000000E+00 3.61462016E-01 0.00000000E+00
15  6 0.00000000E+00 4.15649131E-01 1.04717480E-01 8.80093918E-02-1.04717480E-01
15  7-8.80093918E-02 0.00000000E+00 0.00000000E+00 0.00000000E+00 0.00000000E+00
15  8 0.00000000E+00 3.64053071E-01 0.00000000E+00 0.00000000E+00 4.18646058E-01
15  9-1.06330109E-01-8.92548422E-02 1.06330109E-01 8.92548422E-02
16  1-2.68866835E-02 6.82441753E-02 4.04085082E-02 2.07967215E-01 4.53484734E-02
16  2 0.00000000E+00 1.44639141E-01 1.00740620E-02 0.00000000E+00-2.68290528E-02
16  3 6.83683487E-02 3.77476146E-02-2.07733036E-01 4.61096232E-02 0.00000000E+00
16  4-1.43107872E-01 1.05217392E-02 0.00000000E+00-5.04539849E-03 1.55845552E-02
16  5 1.60377542E-03 3.15907920E-01-9.23533353E-02 0.00000000E+00 3.81774859E-01
16  6-1.09457900E-01 0.00000000E+00-9.04061982E-02-7.41926139E-02-9.04061982E-02
16  7-7.41926139E-02-5.07494049E-03 1.57185174E-02 1.25604930E-03-3.14677823E-01
16  8-9.01547013E-02 0.00000000E+00-3.80599928E-01-1.06852995E-01 0.00000000E+00
16  9-9.01399991E-02-7.43603565E-02-9.01399991E-02-7.43603565E-02
17  1 0.00000000E+00 0.00000000E+00 0.00000000E+00 0.00000000E+00 0.00000000E+00
17  2 1.43905919E-01 0.00000000E+00 0.00000000E+00 7.28200481E-02 0.00000000E+00
17  3 0.00000000E+00 0.00000000E+00 0.00000000E+00 0.00000000E+00-1.44627105E-01
17  4 0.00000000E+00 0.00000000E+00-7.31242768E-02 0.00000000E+00 0.00000000E+00
17  5 0.00000000E+00 0.00000000E+00 0.00000000E+00 3.35386614E-01 0.00000000E+00
17  6 0.00000000E+00 3.82235300E-01 1.56643850E-01 1.20031663E-01-1.56643850E-01
17  7-1.20031663E-01 0.00000000E+00 0.00000000E+00 0.00000000E+00 0.00000000E+00
17  8 0.00000000E+00-3.32163398E-01 0.00000000E+00 0.00000000E+00-3.78533293E-01
17  9 1.55941620E-01 1.19514727E-01-1.55941620E-01-1.19514727E-01
18  1-3.85932528E-02 9.74895215E-02-8.03052327E-02-3.94966346E-02 2.63518917E-01
18  2 0.00000000E+00-9.01345159E-02 6.03191113E-01 0.00000000E+00-3.93178318E-02
18  3 9.90993429E-02-7.75971087E-02 3.96064760E-02 2.64808557E-01 0.00000000E+00
18  4 9.03672723E-02 6.04228753E-01 0.00000000E+00 5.88278563E-02-1.01340615E-01
18  5-3.80447557E-01 1.04839626E-01 2.15348884E-01 0.00000000E+00 1.66733215E-01
18  6 3.46775329E-01 0.00000000E+00 5.32627200E-02 2.69300032E-01 5.32627200E-02
18  7 2.69300032E-01 5.86744864E-02-1.00963876E-01-3.80280410E-01-1.03633953E-01
18  8 2.14694860E-01 0.00000000E+00-1.65002627E-01 3.46198257E-01 0.00000000E+00
18  9 5.33431182E-02 2.70279439E-01 5.33431182E-02 2.70279439E-01
19  1-1.20097352E-01 2.48171364E-01 1.24284465E+00-1.33372889E-01-3.16044601E-02
19  2 0.00000000E+00-4.02507990E-01-1.50021320E-01 0.00000000E+00-1.20368178E-01
19  3 2.48665308E-01 1.24413401E+00 1.33031801E-01-3.12931101E-02 0.00000000E+00
19  4 4.01633091E-01-1.49857416E-01 0.00000000E+00 2.10745853E-02-2.82732606E-02
19  5-1.91013467E-01 3.30223816E-03 1.10004862E-01 0.00000000E+00 6.17805572E-03
19  6 1.74358894E-01 0.00000000E+00-3.18877819E-02-8.75336507E-01-3.18877819E-02
19  7-8.75336507E-01 2.09904487E-02-2.81143503E-02-1.90568637E-01-2.52115137E-03
19  8 1.09652160E-01 0.00000000E+00-4.97924330E-03 1.73832525E-01 0.00000000E+00
19  9-3.19465775E-02-8.75339151E-01-3.19465775E-02-8.75339151E-01
20  1 0.00000000E+00 0.00000000E+00 0.00000000E+00 0.00000000E+00 0.00000000E+00
20  2-2.45874891E-01 0.00000000E+00 0.00000000E+00-6.81898201E-01 0.00000000E+00
20  3 0.00000000E+00 0.00000000E+00 0.00000000E+00 0.00000000E+00-2.45895163E-01
20  4 0.00000000E+00 0.00000000E+00-6.81916823E-01 0.00000000E+00 0.00000000E+00
20  5 0.00000000E+00 0.00000000E+00 0.00000000E+00 5.74720477E-02 0.00000000E+00
20  6 0.00000000E+00 8.88305671E-02-9.61198370E-02-8.75689311E-01 9.61198370E-02
20  7 8.75689311E-01 0.00000000E+00 0.00000000E+00 0.00000000E+00 0.00000000E+00
20  8 0.00000000E+00 5.77080357E-02 0.00000000E+00 0.00000000E+00 8.91948957E-02
20  9 9.60212214E-02 8.75741587E-01-9.60212214E-02-8.75741587E-01
21  1-1.39864804E-01 2.31252811E-01 2.06437383E+00-1.07708368E-02-8.66687335E-02
21  2 0.00000000E+00 1.50841813E-01-3.73521536E-01 0.00000000E+00 1.39713773E-01
21  3-2.30851348E-01-2.06381421E+00-1.06412102E-02 8.71091979E-02 0.00000000E+00
21  4 1.51477980E-01 3.74507263E-01 0.00000000E+00-6.90932797E-03 4.92923003E-03
21  5 8.87010469E-02-3.62444426E-02-4.62664317E-02 0.00000000E+00-4.57377168E-02
21  6-6.15906827E-02 0.00000000E+00 5.02430028E-02 1.08616858E+00 5.02430028E-02
21  7 1.08616858E+00 7.05695611E-03-5.19457355E-03-8.97391740E-02-3.61688313E-02
21  8 4.68461102E-02 0.00000000E+00-4.57216793E-02 6.25415241E-02 0.00000000E+00
21  9-5.01288164E-02-1.08612320E+00-5.01288164E-02-1.08612320E+00
22  1-4.95603150E-02 1.19297067E-01-2.36430057E-01-2.02981605E-01 2.93213856E-01
22  2 0.00000000E+00-6.80502887E-01 7.41082996E-01 0.00000000E+00 4.93392673E-02
22  3-1.18874056E-01 2.38435546E-01-2.03626378E-01-2.92346090E-01 0.00000000E+00
22  4-6.81134096E-01-7.37418705E-01 0.00000000E+00-6.16701307E-02 1.12679601E-01
22  5 4.32004262E-01-5.43981318E-03-2.28527615E-01 0.00000000E+00-3.17043544E-02
22  6-3.80602214E-01 0.00000000E+00 1.69277541E-02 2.86794126E-04 1.69277541E-02
22  7 2.86794126E-04 6.19026770E-02-1.13017112E-01-4.34344556E-01-4.65591240E-03
22  8 2.29151254E-01 0.00000000E+00-3.05398448E-02 3.82093142E-01 0.00000000E+00
22  9-1.69287142E-02-4.40482728E-04-1.69287142E-02-4.40482728E-04
23  1 0.00000000E+00 0.00000000E+00 0.00000000E+00 0.00000000E+00 0.00000000E+00
23  2-2.92627904E-01 0.00000000E+00 0.00000000E+00-9.21562756E-01 0.00000000E+00
23  3 0.00000000E+00 0.00000000E+00 0.00000000E+00 0.00000000E+00 2.92510683E-01
23  4 0.00000000E+00 0.00000000E+00 9.21378639E-01 0.00000000E+00 0.00000000E+00
23  5 0.00000000E+00 0.00000000E+00 0.00000000E+00-4.40830398E-02 0.00000000E+00
23  6 0.00000000E+00-8.54428460E-02 4.61566584E-02 1.11378114E+00-4.61566584E-02
23  7-1.11378114E+00 0.00000000E+00 0.00000000E+00 0.00000000E+00 0.00000000E+00
23  8 0.00000000E+00 4.41984119E-02 0.00000000E+00 0.00000000E+00 8.57140133E-02
23  9 4.59692776E-02 1.11402529E+00-4.59692776E-02-1.11402529E+00
24  1-1.11037826E-01 1.97256882E-01 1.34879920E+00 3.32674821E-01 1.79652378E-01
24  2 0.00000000E+00 1.35441313E+00 5.08520944E-01 0.00000000E+00 1.10703918E-01
24  3-1.96382951E-01-1.34651703E+00 3.32339622E-01-1.79603050E-01 0.00000000E+00
24  4 1.35446719E+00-5.08181814E-01 0.00000000E+00-3.10947257E-02 5.33064426E-02
24  5 2.65835335E-01-1.13753417E-01-6.61059165E-02 0.00000000E+00-1.99633215E-01
24  6-1.16793598E-01 0.00000000E+00-5.43266898E-02-2.09195443E-01-5.43266898E-02
24  7-2.09195443E-01 3.13378731E-02-5.35978828E-02-2.68916648E-01-1.13588639E-01
24  8 6.73568414E-02 0.00000000E+00-1.99671581E-01 1.19304866E-01 0.00000000E+00
24  9 5.47747348E-02 2.08404885E-01 5.47747348E-02 2.08404885E-01
25  1 0.00000000E+00 0.00000000E+00 0.00000000E+00 0.00000000E+00 0.00000000E+00
25  2-8.85075925E-02 0.00000000E+00 0.00000000E+00 4.28479102E-01 0.00000000E+00
25  3 0.00000000E+00 0.00000000E+00 0.00000000E+00 0.00000000E+00-8.86650876E-02
25  4 0.00000000E+00 0.00000000E+00 4.28396636E-01 0.00000000E+00 0.00000000E+00
25  5 0.00000000E+00 0.00000000E+00 0.00000000E+00-9.72321118E-02 0.00000000E+00
25  6 0.00000000E+00-8.25437610E-02 5.98024108E-01-3.10474392E-01-5.98024108E-01
25  7 3.10474392E-01 0.00000000E+00 0.00000000E+00 0.00000000E+00 0.00000000E+00
25  8 0.00000000E+00-9.73757280E-02 0.00000000E+00 0.00000000E+00-8.26259260E-02
25  9-5.97494161E-01 3.09412222E-01 5.97494161E-01-3.09412222E-01
26  1 1.93532349E-01-1.20791757E+00 1.98609767E+00 1.32514086E-01-3.48634250E-01
26  2 0.00000000E+00-2.75941229E-01 2.88394245E-01 0.00000000E+00 1.92536745E-01
26  3-1.20101179E+00 1.96219463E+00-1.32896142E-01-3.46029292E-01 0.00000000E+00
26  4 2.82410906E-01 2.81946984E-01 0.00000000E+00 2.74929977E-02-4.82799262E-02
26  5-4.44120570E-01 2.48837721E-02-1.25590175E-01 0.00000000E+00 6.53327433E-02
26  6 8.61766670E-02 0.00000000E+00 1.20852118E-01-6.41572748E-01 1.20852118E-01
26  7-6.41572748E-01 2.75189168E-02-4.78692871E-02-4.49678407E-01-2.47745223E-02
26  8-1.26571100E-01 0.00000000E+00-6.56645680E-02 8.68625476E-02 0.00000000E+00
26  9 1.22188145E-01-6.45797700E-01 1.22188145E-01-6.45797700E-01
27  1-1.93304351E-01 1.22158205E+00-3.85260099E+00 7.76520527E-02 2.18114498E-01
27  2 0.00000000E+00-9.29727042E-01-8.03390105E-01 0.00000000E+00 1.94598356E-01
27  3-1.23073084E+00 3.86812689E+00 7.71671703E-02-2.18879100E-01 0.00000000E+00
27  4-9.25683956E-01 8.03806470E-01 0.00000000E+00 1.99024723E-03 7.98130952E-02
27  5-7.65301331E-01-5.95505863E-02-9.28213051E-02 0.00000000E+00 1.15278490E-01
27  6 1.65667074E-01 0.00000000E+00 3.64963180E-01-7.98453996E-01 3.64963180E-01
27  7-7.98453996E-01-1.39021757E-03-8.16417361E-02 7.64769774E-01-6.02014210E-02
27  8 9.28260582E-02 0.00000000E+00 1.13774314E-01-1.65211181E-01 0.00000000E+00
27  9-3.65865810E-01 7.93653616E-01-3.65865810E-01 7.93653616E-01
28  1 3.19671447E-02-5.21800379E-01 1.20997211E+00-1.33749005E-01 1.18909554E-01
28  2 0.00000000E+00-2.60790043E-01-3.78453339E-01 0.00000000E+00 3.13666677E-02
28  3-5.15781963E-01 1.18959411E+00 1.36584841E-01 1.20821510E-01 0.00000000E+00
28  4 2.61127528E-01-3.83642523E-01 0.00000000E+00 5.84998813E-02-2.10309924E-01
28  5 4.66546744E-02-1.72297376E-02 7.14337447E-02 0.00000000E+00-2.79199349E-02
28  6 3.98083956E-02 0.00000000E+00-5.78069921E-01-1.69914564E-01-5.78069921E-01
28  7-1.69914564E-01 5.86680171E-02-2.10409040E-01 4.21627314E-02 1.80562908E-02
28  8 7.08500214E-02 0.00000000E+00 2.77294543E-02 4.09129228E-02 0.00000000E+00
28  9-5.78150510E-01-1.73874987E-01-5.78150510E-01-1.73874987E-01
29  1 1.49256613E-02 2.31927795E-01-5.19848658E-01-4.62703577E-01 4.16988804E-01
29  2 0.00000000E+00 8.23647703E-01-5.53009333E-01 0.00000000E+00-1.33903768E-02
29  3-2.43376847E-01 5.36793161E-01-4.58503480E-01-4.12352375E-01 0.00000000E+00
29  4 8.21660713E-01 5.46361733E-01 0.00000000E+00 2.72204219E-02-5.58236531E-02
29  5-4.04487332E-01-8.58587976E-02-3.39356325E-02 0.00000000E+00-1.41919130E-02
29  6 1.62799621E-01 0.00000000E+00-3.15295870E-01-5.30506942E-02-3.15295870E-01
29  7-5.30506942E-02-2.65606893E-02 5.34665722E-02 4.05997384E-01-8.69601826E-02
29  8 3.48190464E-02 0.00000000E+00-1.55523873E-02-1.62626053E-01 0.00000000E+00
29  9 3.15257999E-01 4.66128183E-02 3.15257999E-01 4.66128183E-02
30  1 1.12750938E-01-6.96960515E-01 7.72682175E-01-4.00386928E-01 4.42570523E-01
30  2 0.00000000E+00 4.75642810E-01-4.48419475E-01 0.00000000E+00 1.12879215E-01
30  3-6.94921008E-01 7.69829244E-01 4.05944315E-01 4.46771279E-01 0.00000000E+00
30  4-4.86186142E-01-4.56916685E-01 0.00000000E+00 1.33564884E-02-7.16606960E-02
30  5 2.22549669E-01 1.02811073E-01 3.82630496E-02 0.00000000E+00 2.52935876E-02
30  6-9.17920148E-02 0.00000000E+00 2.70038382E-01-4.61994183E-01 2.70038382E-01
30  7-4.61994183E-01 1.37542719E-02-7.23976145E-02 2.16953338E-01-1.01679946E-01
30  8 3.82922912E-02 0.00000000E+00-2.59983849E-02-8.92474206E-02 0.00000000E+00
30  9 2.68373931E-01-4.62803747E-01 2.68373931E-01-4.62803747E-01
31  1 0.00000000E+00 0.00000000E+00 0.00000000E+00 0.00000000E+00 0.00000000E+00
31  2 4.49610575E-01 0.00000000E+00 0.00000000E+00-1.27054403E-01 0.00000000E+00
31  3 0.00000000E+00 0.00000000E+00 0.00000000E+00 0.00000000E+00-4.48968619E-01
31  4 0.00000000E+00 0.00000000E+00 1.26710817E-01 0.00000000E+00 0.00000000E+00
31  5 0.00000000E+00 0.00000000E+00 0.00000000E+00 9.99356941E-02 0.00000000E+00
31  6 0.00000000E+00 5.17361794E-03-5.91986263E-01 7.18263654E-01 5.91986263E-01
31  7-7.18263654E-01 0.00000000E+00 0.00000000E+00 0.00000000E+00 0.00000000E+00
31  8 0.00000000E+00-1.00140592E-01 0.00000000E+00 0.00000000E+00-5.15029188E-03
31  9-5.92583793E-01 7.18849035E-01 5.92583793E-01-7.18849035E-01
32  1 1.19734026E-01-8.12193211E-01 1.90490224E+00 4.13293501E-01 5.26129400E-01
32  2 0.00000000E+00-7.04475483E-01-1.19271120E+00 0.00000000E+00-1.18075715E-01
32  3 8.03894800E-01-1.87778200E+00 3.98557080E-01-5.16217916E-01 0.00000000E+00
32  4-6.85579544E-01 1.18109068E+00 0.00000000E+00-1.57451502E-02 8.33199477E-02
32  5-2.24844126E-01-1.17504212E-02-3.23017986E-02 0.00000000E+00 1.00274333E-01
32  6 6.30439461E-02 0.00000000E+00-2.41755839E-02 9.40354206E-01-2.41755839E-02
32  7 9.40354206E-01 1.56026153E-02-8.25930759E-02 2.24722542E-01-1.00003030E-02
32  8 3.30885228E-02 0.00000000E+00 1.01845954E-01-6.30731961E-02 0.00000000E+00
32  9 2.70973686E-02-9.54593955E-01 2.70973686E-02-9.54593955E-01
33  1 6.26328263E-02-3.24156281E-01 1.15532977E+00 5.80071515E-01 4.43855171E-01
33  2 0.00000000E+00-7.34419338E-01-5.21030316E-01 0.00000000E+00 6.51368180E-02
33  3-3.40791337E-01 1.18941054E+00-5.90470308E-01 4.56736395E-01 0.00000000E+00
33  4 7.55578366E-01-5.48191566E-01 0.00000000E+00-1.06326653E-02 4.99860609E-02
33  5-5.98677568E-02-9.25188201E-02 3.32782836E-02 0.00000000E+00-7.83607124E-02
33  6 2.37329314E-02 0.00000000E+00 8.19011676E-02-6.01073514E-01 8.19011676E-02
33  7-6.01073514E-01-1.09942685E-02 5.18449353E-02-6.42882453E-02 9.27920990E-02
33  8 3.23853937E-02 0.00000000E+00 7.61768906E-02 2.45451215E-02 0.00000000E+00
33  9 8.05543701E-02-5.79652737E-01 8.05543701E-02-5.79652737E-01
34  1 0.00000000E+00 0.00000000E+00 0.00000000E+00 0.00000000E+00 0.00000000E+00
34  2-7.56460145E-01 0.00000000E+00 0.00000000E+00 9.13072552E-01 0.00000000E+00
34  3 0.00000000E+00 0.00000000E+00 0.00000000E+00 0.00000000E+00-7.57057194E-01
34  4 0.00000000E+00 0.00000000E+00 9.13463243E-01 0.00000000E+00 0.00000000E+00
34  5 0.00000000E+00 0.00000000E+00 0.00000000E+00-4.20648939E-02 0.00000000E+00
34  6 0.00000000E+00-6.75594357E-02-1.79321315E-01 6.75373858E-01 1.79321315E-01
34  7-6.75373858E-01 0.00000000E+00 0.00000000E+00 0.00000000E+00 0.00000000E+00
34  8 0.00000000E+00-4.21960057E-02 0.00000000E+00 0.00000000E+00-6.76794055E-02
34  9 1.78925914E-01-6.74866624E-01-1.78925914E-01 6.74866624E-01
35  1-7.56543240E-02 1.02413937E+00-4.83868264E+00 3.87818028E-01-6.56532340E-02
35  2 0.00000000E+00-1.88393640E+00 5.73414136E-01 0.00000000E+00 7.56167237E-02
35  3-1.02331879E+00 4.83928812E+00 3.85490029E-01 6.52587547E-02 0.00000000E+00
35  4-1.88167061E+00-5.71384904E-01 0.00000000E+00 7.38375088E-02-2.84163417E-01
35  5 2.18042447E-02-1.04975825E-02 1.71863764E-02 0.00000000E+00 9.79614877E-02
35  6-8.45428383E-03 0.00000000E+00-4.96240138E-01-4.71917017E-01-4.96240138E-01
35  7-4.71917017E-01-7.37415838E-02 2.83726430E-01-2.07543542E-02-1.07369488E-02
35  8-1.71851091E-02 0.00000000E+00 9.83587789E-02 8.17589788E-03 0.00000000E+00
35  9 4.96080705E-01 4.71308849E-01 4.96080705E-01 4.71308849E-01
36  1 0.00000000E+00 0.00000000E+00 0.00000000E+00 0.00000000E+00 0.00000000E+00
36  2-6.13401108E-01 0.00000000E+00 0.00000000E+00 1.90123775E+00 0.00000000E+00
36  3 0.00000000E+00 0.00000000E+00 0.00000000E+00 0.00000000E+00 6.13097458E-01
36  4 0.00000000E+00 0.00000000E+00-1.90002952E+00 0.00000000E+00 0.00000000E+00
36  5 0.00000000E+00 0.00000000E+00 0.00000000E+00 1.98388800E-01 0.00000000E+00
36  6 0.00000000E+00 1.04685722E-01-3.65040143E-01-6.13338723E-01 3.65040143E-01
36  7 6.13338723E-01 0.00000000E+00 0.00000000E+00 0.00000000E+00 0.00000000E+00
36  8 0.00000000E+00-1.98417943E-01 0.00000000E+00 0.00000000E+00-1.05064654E-01
36  9-3.65406743E-01-6.13730493E-01 3.65406743E-01 6.13730493E-01
37  1-3.33658676E-02 3.97275575E-01-1.00423576E+00 6.38422599E-02 1.18006161E-02
37  2 0.00000000E+00 1.54364691E-01-2.17934530E-01 0.00000000E+00-3.35043163E-02
37  3 3.99040260E-01-1.00884083E+00-6.41515976E-02 1.25401906E-02 0.00000000E+00
37  4-1.53955766E-01-2.18580793E-01 0.00000000E+00 2.23861075E-01-1.13871521E+00
37  5 1.47096739E+00-2.88161445E-02-2.63663667E-01 0.00000000E+00-4.26681473E-02
37  6 6.94127680E-02 0.00000000E+00 1.00520827E-01 2.10368259E-01 1.00520827E-01
37  7 2.10368259E-01 2.23763895E-01-1.13822068E+00 1.47009486E+00 2.84344290E-02
37  8-2.63766899E-01 0.00000000E+00 4.24480300E-02 6.95842031E-02 0.00000000E+00
37  9 1.00149082E-01 2.10021051E-01 1.00149082E-01 2.10021051E-01
38  1 3.07188681E-02-5.68573963E-01 2.70630040E+00-4.16082656E-02-3.11723933E-03
38  2 0.00000000E+00 5.56820738E-01 2.60762424E-01 0.00000000E+00-3.05621331E-02
38  3 5.67211638E-01-2.70441230E+00-4.04657970E-02 3.23081068E-03 0.00000000E+00
38  4 5.54374690E-01-2.60247077E-01 0.00000000E+00 2.07162887E-01-1.07821329E+00
38  5 1.53598553E+00-1.35630355E-01-3.09755479E-01 0.00000000E+00 4.71686754E-02
38  6 1.02900491E-01 0.00000000E+00 1.76629329E-01 3.35246668E-01 1.76629329E-01
38  7 3.35246668E-01-2.07214554E-01 1.07861347E+00-1.53775261E+00-1.33318035E-01
38  8 3.10559256E-01 0.00000000E+00 4.56352845E-02-1.03180308E-01 0.00000000E+00
38  9-1.76299531E-01-3.35569077E-01-1.76299531E-01-3.35569077E-01
39  1-1.92030438E-02 1.28428677E-01 3.95197133E-02 1.25829911E-01 3.05143145E-02
39  2 0.00000000E+00-3.00106170E-01-1.55904228E-01 0.00000000E+00-1.94397480E-02
39  3 1.31658580E-01 2.51014056E-02-1.26506737E-01 3.14106283E-02 0.00000000E+00
39  4 3.04872871E-01-1.58820303E-01 0.00000000E+00-1.32851715E-02 5.70430162E-02
39  5-2.30532314E-02 6.66175928E-01-1.46316844E-01 0.00000000E+00-7.06667655E-01
39  6 1.48724840E-01 0.00000000E+00-8.18461133E-02-2.10561536E-02-8.18461133E-02
39  7-2.10561536E-02-1.36005427E-02 5.88762298E-02-2.69128545E-02-6.67077921E-01
39  8-1.43198794E-01 0.00000000E+00 7.07367632E-01 1.46067799E-01 0.00000000E+00
39  9-8.22049182E-02-2.24984127E-02-8.22049182E-02-2.24984127E-02
40  1 0.00000000E+00 0.00000000E+00 0.00000000E+00 0.00000000E+00 0.00000000E+00
40  2 4.87249558E-02 0.00000000E+00 0.00000000E+00-2.75765917E-01 0.00000000E+00
40  3 0.00000000E+00 0.00000000E+00 0.00000000E+00 0.00000000E+00 4.90180793E-02
40  4 0.00000000E+00 0.00000000E+00-2.75817168E-01 0.00000000E+00 0.00000000E+00
40  5 0.00000000E+00 0.00000000E+00 0.00000000E+00-6.88420562E-01 0.00000000E+00
40  6 0.00000000E+00 7.14607397E-01-8.76227402E-02-7.11108425E-02 8.76227402E-02
40  7 7.11108425E-02 0.00000000E+00 0.00000000E+00 0.00000000E+00 0.00000000E+00
40  8 0.00000000E+00-6.87944114E-01 0.00000000E+00 0.00000000E+00 7.14296104E-01
40  9 8.76529912E-02 7.12286026E-02-8.76529912E-02-7.12286026E-02
41  1 1.15202979E-02-1.01097981E-01 1.91250881E-02 4.55062491E-03-4.31829531E-02
41  2 0.00000000E+00-4.09175743E-01 1.08362609E-01 0.00000000E+00-1.15733370E-02
41  3 1.01706222E-01-1.97207139E-02 4.86885121E-03 4.35494582E-02 0.00000000E+00
41  4-4.09351390E-01-1.07998928E-01 0.00000000E+00-7.26781628E-03 1.75391295E-02
41  5 9.44210799E-02-6.35324350E-01 2.66234121E-01 0.00000000E+00 6.79797172E-01
41  6-3.29101945E-01 0.00000000E+00 3.85315468E-02 6.10418822E-02 3.85315468E-02
41  7 6.10418822E-02 7.31717501E-03-1.78446881E-02-9.37760449E-02-6.36019906E-01
41  8-2.64773285E-01 0.00000000E+00 6.80947517E-01 3.27419351E-01 0.00000000E+00
41  9-3.84687788E-02-6.10135704E-02-3.84687788E-02-6.10135704E-02
42  1 0.00000000E+00 0.00000000E+00 0.00000000E+00 0.00000000E+00 0.00000000E+00
42  2-1.30440234E-01 0.00000000E+00 0.00000000E+00 9.38373197E-01 0.00000000E+00
42  3 0.00000000E+00 0.00000000E+00 0.00000000E+00 0.00000000E+00 1.30271023E-01
42  4 0.00000000E+00 0.00000000E+00-9.36860398E-01 0.00000000E+00 0.00000000E+00
42  5 0.00000000E+00 0.00000000E+00 0.00000000E+00-6.64703480E-01 0.00000000E+00
42  6 0.00000000E+00 8.02314877E-01-2.56972004E-01-2.01407596E-01 2.56972004E-01
42  7 2.01407596E-01 0.00000000E+00 0.00000000E+00 0.00000000E+00 0.00000000E+00
42  8 0.00000000E+00 6.65161107E-01 0.00000000E+00 0.00000000E+00-8.03203673E-01
42  9-2.57411908E-01-2.02016855E-01 2.57411908E-01 2.02016855E-01
43  1 2.95303260E-02 1.62606136E-02-8.07468094E-01 1.32930011E-01-2.19754133E-01
43  2 0.00000000E+00 1.76224678E-01-2.08705178E-01 0.00000000E+00 2.95409192E-02
43  3 1.86106983E-02-8.15618640E-01-1.33931061E-01-2.19303311E-01 0.00000000E+00
43  4-1.76350988E-01-2.10040890E-01 0.00000000E+00 9.97156678E-02-6.05353475E-01
43  5 1.00539125E+00 1.54688967E-01 6.25715704E-01 0.00000000E+00-2.46499194E-01
43  6-8.96515500E-01 0.00000000E+00 1.16959233E-01 1.56246260E-01 1.16959233E-01
43  7 1.56246260E-01 9.93578405E-02-6.03369595E-01 1.00199079E+00-1.52459879E-01
43  8 6.24322868E-01 0.00000000E+00 2.43281800E-01-8.94779355E-01 0.00000000E+00
43  9 1.16277025E-01 1.55216179E-01 1.16277025E-01 1.55216179E-01
44  1-4.82865452E-02-9.59309384E-02 2.19789992E+00-7.78369034E-02 2.53418593E-01
44  2 0.00000000E+00 3.60244429E-01 3.80260046E-01 0.00000000E+00 4.82348567E-02
44  3 9.61324596E-02-2.19444095E+00-7.74594874E-02-2.51966158E-01 0.00000000E+00
44  4 3.58733644E-01-3.78827722E-01 0.00000000E+00 1.26593560E-01-7.71154782E-01
44  5 1.35462219E+00 2.25521720E-01 5.64991737E-01 0.00000000E+00-3.53348084E-01
44  6-9.10621458E-01 0.00000000E+00 1.71288696E-01 2.56559422E-01 1.71288696E-01
44  7 2.56559422E-01-1.26992853E-01 7.73847452E-01-1.36027435E+00 2.23615401E-01
44  8-5.67534853E-01 0.00000000E+00-3.50691295E-01 9.15292283E-01 0.00000000E+00
44  9-1.71462843E-01-2.57031683E-01-1.71462843E-01-2.57031683E-01
 $END   
 POPULATION ANALYSIS
C            6.10909  -0.10909   6.00837  -0.00837
C            6.10957  -0.10957   6.00861  -0.00861
F            9.32903  -0.32903   9.20307  -0.20307
H            0.78074   0.21926   0.89425   0.10575
H            0.78074   0.21926   0.89425   0.10575
F            9.32923  -0.32923   9.20285  -0.20285
H            0.78080   0.21920   0.89430   0.10570
H            0.78080   0.21920   0.89430   0.10570
 MOMENTS AT POINT    1 X,Y,Z= -0.000000 -0.000000  0.000000
 DIPOLE      -0.007627 -3.595740 -0.000000
 THE VIB 0 GRADIENT RMS = 1.55050783E-04
 MOMENTS AT POINT    1 X,Y,Z=  0.001817 -0.000000  0.000000
 DIPOLE       0.000148 -3.599086 -0.000000
 MOMENTS AT POINT    1 X,Y,Z= -0.000000  0.001817  0.000000
 DIPOLE      -0.007712 -3.581416 -0.000000
 MOMENTS AT POINT    1 X,Y,Z= -0.000000 -0.000000  0.001817
 DIPOLE      -0.007603 -3.595727  0.008991
 MOMENTS AT POINT    1 X,Y,Z=  0.001817 -0.000000  0.000000
 DIPOLE       0.000149 -3.592326 -0.000000
 MOMENTS AT POINT    1 X,Y,Z= -0.000000  0.001817  0.000000
 DIPOLE      -0.007564 -3.581445  0.000000
 MOMENTS AT POINT    1 X,Y,Z= -0.000000 -0.000000  0.001817
 DIPOLE      -0.007676 -3.595727  0.008970
 MOMENTS AT POINT    1 X,Y,Z=  0.002877 -0.000000  0.000000
 DIPOLE      -0.016322 -3.599096 -0.000000
 MOMENTS AT POINT    1 X,Y,Z= -0.000000  0.002877  0.000000
 DIPOLE      -0.011572 -3.609190 -0.000000
 MOMENTS AT POINT    1 X,Y,Z= -0.000000 -0.000000  0.002877
 DIPOLE      -0.007645 -3.595760 -0.005473
 MOMENTS AT POINT    1 X,Y,Z=  0.000153 -0.000000  0.000000
 DIPOLE      -0.007218 -3.595709 -0.001055
 MOMENTS AT POINT    1 X,Y,Z= -0.000000  0.000153  0.000000
 DIPOLE      -0.006758 -3.596066  0.002115
 MOMENTS AT POINT    1 X,Y,Z= -0.000000 -0.000000  0.000153
 DIPOLE      -0.009791 -3.593422 -0.001773
 MOMENTS AT POINT    1 X,Y,Z=  0.002877 -0.000000  0.000000
 DIPOLE      -0.016292 -3.592400 -0.000000
 MOMENTS AT POINT    1 X,Y,Z= -0.000000  0.002877  0.000000
 DIPOLE      -0.003707 -3.609225  0.000000
 MOMENTS AT POINT    1 X,Y,Z= -0.000000 -0.000000  0.002877
 DIPOLE      -0.007634 -3.595760 -0.005468
 MOMENTS AT POINT    1 X,Y,Z=  0.000153 -0.000000  0.000000
 DIPOLE      -0.007191 -3.595768 -0.001026
 MOMENTS AT POINT    1 X,Y,Z= -0.000000  0.000153  0.000000
 DIPOLE      -0.008523 -3.596069 -0.002111
 MOMENTS AT POINT    1 X,Y,Z= -0.000000 -0.000000  0.000153
 DIPOLE      -0.009781 -3.598048 -0.001738
 MOMENTS AT POINT    1 X,Y,Z= -0.001817 -0.000000  0.000000
 DIPOLE      -0.015430 -3.592340 -0.000000
 MOMENTS AT POINT    1 X,Y,Z= -0.000000 -0.001817  0.000000
 DIPOLE      -0.007537 -3.609812  0.000000
 MOMENTS AT POINT    1 X,Y,Z= -0.000000 -0.000000 -0.001817
 DIPOLE      -0.007603 -3.595727 -0.008991
 MOMENTS AT POINT    1 X,Y,Z= -0.001817 -0.000000  0.000000
 DIPOLE      -0.015425 -3.599099 -0.000000
 MOMENTS AT POINT    1 X,Y,Z= -0.000000 -0.001817  0.000000
 DIPOLE      -0.007746 -3.609784 -0.000000
 MOMENTS AT POINT    1 X,Y,Z= -0.000000 -0.000000 -0.001817
 DIPOLE      -0.007676 -3.595727 -0.008970
 MOMENTS AT POINT    1 X,Y,Z= -0.002877 -0.000000  0.000000
 DIPOLE       0.001031 -3.592397  0.000000
 MOMENTS AT POINT    1 X,Y,Z= -0.000000 -0.002877  0.000000
 DIPOLE      -0.003670 -3.582210  0.000000
 MOMENTS AT POINT    1 X,Y,Z= -0.000000 -0.000000 -0.002877
 DIPOLE      -0.007645 -3.595760  0.005473
 MOMENTS AT POINT    1 X,Y,Z= -0.000153 -0.000000  0.000000
 DIPOLE      -0.008089 -3.595763  0.001024
 MOMENTS AT POINT    1 X,Y,Z= -0.000000 -0.000153  0.000000
 DIPOLE      -0.008537 -3.595391 -0.002147
 MOMENTS AT POINT    1 X,Y,Z= -0.000000 -0.000000 -0.000153
 DIPOLE      -0.005502 -3.598052  0.001733
 MOMENTS AT POINT    1 X,Y,Z= -0.002877 -0.000000  0.000000
 DIPOLE       0.001024 -3.599093  0.000000
 MOMENTS AT POINT    1 X,Y,Z= -0.000000 -0.002877  0.000000
 DIPOLE      -0.011610 -3.582174 -0.000000
 MOMENTS AT POINT    1 X,Y,Z= -0.000000 -0.000000 -0.002877
 DIPOLE      -0.007634 -3.595760  0.005468
 MOMENTS AT POINT    1 X,Y,Z= -0.000153 -0.000000  0.000000
 DIPOLE      -0.008060 -3.595705  0.001057
 MOMENTS AT POINT    1 X,Y,Z= -0.000000 -0.000153  0.000000
 DIPOLE      -0.006741 -3.595389  0.002142
 MOMENTS AT POINT    1 X,Y,Z= -0.000000 -0.000000 -0.000153
 DIPOLE      -0.005484 -3.593427  0.001778
 $GRAD  
E=     -277.1916781069  GMAX=   0.0003724  GRMS=   0.0001551
C            6.   -3.6609941418E-04    3.4219768956E-05    0.0000000000E+00
C            6.   -2.4095237711E-04   -2.0330983086E-04    0.0000000000E+00
F            9.    1.8989465629E-04    3.7242222837E-04    0.0000000000E+00
H            1.    4.5486205642E-05    9.9570712227E-06   -1.5240926097E-05
H            1.    4.5486205642E-05    9.9570712227E-06    1.5240926097E-05
F            9.    2.8680588975E-04   -2.7936846126E-04    0.0000000000E+00
H            1.    1.9689416977E-05    2.8061076173E-05    9.2596997947E-06
H            1.    1.9689416977E-05    2.8061076173E-05   -9.2596997947E-06
 $END
 $HESS
ENERGY IS     -277.1916781069 E(NUC) IS      126.2232482140
 1  1 3.89416465E-01 3.82765620E-02 1.28918823E-07-1.19698642E-01 4.55688665E-03
 1  2 1.58410855E-08-2.02802208E-02-1.50624245E-02-3.99717846E-08-1.26024855E-02
 1  3-2.03609120E-05-3.89578077E-03-1.26024722E-02-2.03850988E-05 3.89579306E-03
 1  4-6.27885779E-02 5.17235453E-02-7.28822475E-09-8.07202550E-02-3.97286319E-02
 1  5 7.33071534E-02-8.07202804E-02-3.97286368E-02-7.33072019E-02
 2  1 3.82765620E-02 4.60409513E-01 1.80542374E-08-4.63499604E-03-4.69715705E-02
 2  2-4.31078039E-08-2.72590209E-02-2.06309153E-02-1.66764567E-08 1.04436065E-02
 2  3 3.24794479E-03 1.38312127E-03 1.04436333E-02 3.24794871E-03-1.38309509E-03
 2  4 5.58290609E-02-2.23711232E-01-9.54163496E-09-4.15649476E-02-8.77935115E-02
 2  5 8.35845448E-02-4.15648916E-02-8.77934893E-02-8.35845211E-02
 3  1 1.28918823E-07 1.80542374E-08 5.72893325E-01 1.37221251E-08 4.12183069E-08
 3  2-8.04134238E-02-1.62146857E-08-5.24295824E-09 2.85702463E-03 2.48598459E-02
 3  3-3.78644266E-03 1.70660360E-03-2.48598528E-02 3.78642806E-03 1.70659908E-03
 3  4-2.90699477E-08 3.72570250E-08-5.66080047E-02 7.35144376E-02 7.91196966E-02
 3  5-2.21072345E-01-7.35144911E-02-7.91197453E-02-2.21072324E-01
 4  1-1.19698642E-01-4.63499604E-03 1.37221251E-08 3.89512161E-01-3.88011616E-02
 4  2 1.25484587E-07-6.28840046E-02-5.14954667E-02-7.88121511E-09-8.06297144E-02
 4  3 3.98020101E-02 7.31927936E-02-8.06297464E-02 3.98020159E-02-7.31928421E-02
 4  4-2.03468937E-02 1.52415603E-02-3.70236839E-08-1.26598304E-02 4.49686698E-05
 4  5-3.88129542E-03-1.26598169E-02 4.49943431E-05 3.88130912E-03
 5  1 4.55688665E-03-4.69715705E-02 4.12183069E-08-3.88011616E-02 4.58825182E-01
 5  2 4.51851366E-10-5.56126881E-02-2.21625706E-01 1.22162836E-08 4.15878139E-02
 5  3-8.79058464E-02-8.36964413E-02 4.15877717E-02-8.79058231E-02 8.36964062E-02
 5  4 2.75512612E-02-2.09152337E-02 1.07987456E-08-1.04194023E-02 3.25147039E-03
 5  5-1.36918585E-03-1.04194292E-02 3.25146957E-03 1.36915991E-03
 6  1 1.58410855E-08-4.31078039E-08-8.04134238E-02 1.25484587E-07 4.51851366E-10
 6  2 5.72644748E-01-3.09998939E-08-3.91436968E-08-5.66778089E-02 7.34059068E-02
 6  3-7.92784775E-02-2.20934001E-01-7.34059586E-02 7.92785260E-02-2.20933980E-01
 6  4-1.64019993E-08 6.04208128E-09 2.92360853E-03 2.48755789E-02 3.72845301E-03
 6  5 1.69429587E-03-2.48755871E-02-3.72844093E-03 1.69428723E-03
 7  1-2.02802208E-02-2.72590209E-02-1.62146857E-08-6.28840046E-02-5.56126881E-02
 7  2-3.09998939E-08 7.80204423E-02 8.54155775E-02 3.34263743E-08 5.56776805E-03
 7  3 2.83122290E-03-2.29064032E-03 5.56776014E-03 2.83124743E-03 2.29064911E-03
 7  4 1.16444278E-04-8.23464274E-03 7.54450564E-10-3.05266501E-03 1.32470022E-05
 7  5-5.72715240E-04-3.05267129E-03 1.32506291E-05 5.72716109E-04
 8  1-1.50624245E-02-2.06309153E-02-5.24295824E-09-5.14954667E-02-2.21625706E-01
 8  2-3.91436968E-08 8.54155775E-02 3.01512280E-01 5.52086628E-08-1.15774894E-02
 8  3-3.13096345E-02-1.76771778E-03-1.15774881E-02-3.13096085E-02 1.76770459E-03
 8  4 8.21146850E-03 3.77957657E-03-2.01478474E-09-1.95614156E-03-2.12012326E-04
 8  5-5.34360219E-04-1.95614184E-03-2.12012941E-04 5.34364750E-04
 9  1-3.99717846E-08-1.66764567E-08 2.85702463E-03-7.88121511E-09 1.22162836E-08
 9  2-5.66778089E-02 3.34263743E-08 5.52086628E-08 3.73601691E-02-9.44429108E-03
 9  3-2.45848576E-02 7.80851601E-03 9.44429853E-03 2.45848321E-02 7.80851425E-03
 9  4 2.01022747E-09-4.93017422E-09 8.71848820E-04-2.24932544E-04-5.76717385E-04
 9  5-1.33871632E-05 2.24927280E-04 5.76714921E-04-1.33842542E-05
10  1-1.26024855E-02 1.04436065E-02 2.48598459E-02-8.06297144E-02 4.15878139E-02
10  2 7.34059068E-02 5.56776805E-03-1.15774894E-02-9.44429108E-03 8.75620498E-02
10  3-3.94309809E-02-7.75909908E-02 5.90209668E-03-3.09645546E-03-1.07271210E-02
10  4-3.06285966E-03 1.97807893E-03-2.35798642E-04-3.53633028E-03-6.42502819E-04
10  5 7.83727699E-05 7.96150654E-04 7.39044365E-04-3.45261281E-04
11  1-2.03609120E-05 3.24794479E-03-3.78644266E-03 3.98020101E-02-8.79058464E-02
11  2-7.92784775E-02 2.83122290E-03-3.13096345E-02-2.45848576E-02-3.94309809E-02
11  3 1.04629289E-01 9.50005647E-02-3.09645546E-03 1.04935936E-02 1.12651708E-02
11  4-6.38648197E-06-2.22141349E-04 5.80204252E-04 6.53947539E-04-3.37549259E-04
11  5 4.94680428E-04-7.41117744E-04 1.40606209E-03 3.07496443E-04
12  1-3.89578077E-03 1.38312127E-03 1.70660360E-03 7.31927936E-02-8.36964413E-02
12  2-2.20934001E-01-2.29064032E-03-1.76771778E-03 7.80851601E-03-7.75909908E-02
12  3 9.50005647E-02 2.30537903E-01 1.07271210E-02-1.12651708E-02-2.15245608E-02
12  4-5.70443754E-04 5.35001420E-04-1.91859306E-05 7.57933435E-05-4.92630494E-04
12  5 1.01624056E-03 3.51653176E-04 3.04247069E-04 1.40880063E-03
13  1-1.26024722E-02 1.04436333E-02-2.48598528E-02-8.06297464E-02 4.15877717E-02
13  2-7.34059586E-02 5.56776014E-03-1.15774881E-02 9.44429853E-03 5.90209668E-03
13  3-3.09645546E-03 1.07271210E-02 8.75620498E-02-3.94309809E-02 7.75909908E-02
13  4-3.06286458E-03 1.97807818E-03 2.35793857E-04 7.96150654E-04 7.39044365E-04
13  5 3.45261281E-04-3.53633028E-03-6.42502819E-04-7.83727699E-05
14  1-2.03850988E-05 3.24794871E-03 3.78642806E-03 3.98020159E-02-8.79058231E-02
14  2 7.92785260E-02 2.83124743E-03-3.13096085E-02 2.45848321E-02-3.09645546E-03
14  3 1.04935936E-02-1.12651708E-02-3.94309809E-02 1.04629289E-01-9.50005647E-02
14  4-6.39088404E-06-2.22141577E-04-5.80195708E-04-7.41117744E-04 1.40606209E-03
14  5-3.07496443E-04 6.53947539E-04-3.37549259E-04-4.94680428E-04
15  1 3.89579306E-03-1.38309509E-03 1.70659908E-03-7.31928421E-02 8.36964062E-02
15  2-2.20933980E-01 2.29064911E-03 1.76770459E-03 7.80851425E-03-1.07271210E-02
15  3 1.12651708E-02-2.15245608E-02 7.75909908E-02-9.50005647E-02 2.30537903E-01
15  4 5.70445040E-04-5.35006085E-04-1.91855326E-05-3.51653176E-04-3.04247069E-04
15  5 1.40880063E-03-7.57933435E-05 4.92630494E-04 1.01624056E-03
16  1-6.27885779E-02 5.58290609E-02-2.90699477E-08-2.03468937E-02 2.75512612E-02
16  2-1.64019993E-08 1.16444278E-04 8.21146850E-03 2.01022747E-09-3.06285966E-03
16  3-6.38648197E-06-5.70443754E-04-3.06286458E-03-6.39088404E-06 5.70445040E-04
16  4 7.78866519E-02-8.56272736E-02 3.11345709E-08 5.63084645E-03-2.97534274E-03
16  5-2.28999836E-03 5.63083808E-03-2.97536752E-03 2.29000576E-03
17  1 5.17235453E-02-2.23711232E-01 3.72570250E-08 1.52415603E-02-2.09152337E-02
17  2 6.04208128E-09-8.23464274E-03 3.77957657E-03-4.93017422E-09 1.97807893E-03
17  3-2.22141349E-04 5.35001420E-04 1.97807818E-03-2.22141577E-04-5.35006085E-04
17  4-8.56272736E-02 3.03982531E-01-5.44722426E-08 1.14690797E-02-3.13494107E-02
17  5 1.78895875E-03 1.14690776E-02-3.13493844E-02-1.78894631E-03
18  1-7.28822475E-09-9.54163496E-09-5.66080047E-02-3.70236839E-08 1.07987456E-08
18  2 2.92360853E-03 7.54450564E-10-2.01478474E-09 8.71848820E-04-2.35798642E-04
18  3 5.80204252E-04-1.91859306E-05 2.35793857E-04-5.80195708E-04-1.91855326E-05
18  4 3.11345709E-08-5.44722426E-08 3.71978224E-02-9.41450784E-03 2.46639526E-02
18  5 7.82733265E-03 9.41451713E-03-2.46639246E-02 7.82733302E-03
19  1-8.07202550E-02-4.15649476E-02 7.35144376E-02-1.26598304E-02-1.04194023E-02
19  2 2.48755789E-02-3.05266501E-03-1.95614156E-03-2.24932544E-04-3.53633028E-03
19  3 6.53947539E-04 7.57933435E-05 7.96150654E-04-7.41117744E-04-3.51653176E-04
19  4 5.63084645E-03 1.14690797E-02-9.41450784E-03 8.76265074E-02 3.94545971E-02
19  5-7.77308332E-02 5.91218883E-03 3.10301245E-03-1.07434538E-02
20  1-3.97286319E-02-8.77935115E-02 7.91196966E-02 4.49686698E-05 3.25147039E-03
20  2 3.72845301E-03 1.32470022E-05-2.12012326E-04-5.76717385E-04-6.42502819E-04
20  3-3.37549259E-04-4.92630494E-04 7.39044365E-04 1.40606209E-03-3.04247069E-04
20  4-2.97534274E-03-3.13494107E-02 2.46639526E-02 3.94545971E-02 1.04554316E-01
20  5-9.48975774E-02 3.10301245E-03 1.04822870E-02-1.12395337E-02
21  1 7.33071534E-02 8.35845448E-02-2.21072345E-01-3.88129542E-03-1.36918585E-03
21  2 1.69429587E-03-5.72715240E-04-5.34360219E-04-1.33871632E-05 7.83727699E-05
21  3 4.94680428E-04 1.01624056E-03 3.45261281E-04-3.07496443E-04 1.40880063E-03
21  4-2.28999836E-03 1.78895875E-03 7.82733265E-03-7.77308332E-02-9.48975774E-02
21  5 2.30641690E-01 1.07434538E-02 1.12395337E-02-2.15020799E-02
22  1-8.07202804E-02-4.15648916E-02-7.35144911E-02-1.26598169E-02-1.04194292E-02
22  2-2.48755871E-02-3.05267129E-03-1.95614184E-03 2.24927280E-04 7.96150654E-04
22  3-7.41117744E-04 3.51653176E-04-3.53633028E-03 6.53947539E-04-7.57933435E-05
22  4 5.63083808E-03 1.14690776E-02 9.41451713E-03 5.91218883E-03 3.10301245E-03
22  5 1.07434538E-02 8.76265074E-02 3.94545971E-02 7.77308332E-02
23  1-3.97286368E-02-8.77934893E-02-7.91197453E-02 4.49943431E-05 3.25146957E-03
23  2-3.72844093E-03 1.32506291E-05-2.12012941E-04 5.76714921E-04 7.39044365E-04
23  3 1.40606209E-03 3.04247069E-04-6.42502819E-04-3.37549259E-04 4.92630494E-04
23  4-2.97536752E-03-3.13493844E-02-2.46639246E-02 3.10301245E-03 1.04822870E-02
23  5 1.12395337E-02 3.94545971E-02 1.04554316E-01 9.48975774E-02
24  1-7.33072019E-02-8.35845211E-02-2.21072324E-01 3.88130912E-03 1.36915991E-03
24  2 1.69428723E-03 5.72716109E-04 5.34364750E-04-1.33842542E-05-3.45261281E-04
24  3 3.07496443E-04 1.40880063E-03-7.83727699E-05-4.94680428E-04 1.01624056E-03
24  4 2.29000576E-03-1.78894631E-03 7.82733302E-03-1.07434538E-02-1.12395337E-02
24  5-2.15020799E-02 7.77308332E-02 9.48975774E-02 2.30641690E-01
 $END
 $DIPDR
  1.47189655E+00-6.37409279E-01-5.56483319E-07
 -1.65765928E-02 2.68303570E+00-9.06660402E-06
  1.43368082E-06 9.27769236E-07 1.69899432E+00
  1.47151552E+00 6.39881878E-01 8.18617279E-07
  1.72033257E-02 2.67768546E+00 6.13217766E-06
  9.14548475E-07-7.06637536E-07 1.69511817E+00
 -1.63961735E+00-6.33018787E-01-2.01118952E-06
 -7.46667989E-01-2.54923262E+00-2.25973637E-06
  1.95549401E-07 2.58238555E-06-1.03418812E+00
  8.23653838E-02 5.09152793E-03 1.96442464E-01
  1.68075649E-01-6.37504532E-02-4.02661158E-01
  4.05247006E-01-4.37453020E-01-3.31268923E-01
  8.23653838E-02 5.09152793E-03-1.96442464E-01
  1.68075649E-01-6.37504532E-02 4.02661158E-01
 -4.05247006E-01 4.37453020E-01-3.31268923E-01
 -1.63611160E+00 6.32321819E-01-2.28109057E-06
  7.46715781E-01-2.55595559E+00 2.72639883E-06
  8.37630056E-08-2.41311545E-06-1.03336878E+00
  8.20863333E-02-5.96145100E-03 1.96807453E-01
 -1.68412073E-01-6.41938548E-02 4.01892358E-01
  4.06000403E-01 4.36618257E-01-3.32270049E-01
  8.20863333E-02-5.96145100E-03-1.96807453E-01
 -1.68412073E-01-6.41938548E-02-4.01892358E-01
 -4.06000403E-01-4.36618257E-01-3.32270049E-01
 $END
----- START OF NORMAL MODES FOR -MOLPLT- PROGRAM -----
ATOMIC MASSES
    12.00000    12.00000    18.99840     1.00782     1.00782
    18.99840     1.00782     1.00782
MODE     1   FREQUENCY= 174.94476 (CM**-1)
 -3.947063432E-09  1.031408535E-07  1.141444372E-01
  3.361917243E-09  6.237129116E-08 -1.120773365E-01
  9.536892259E-08  1.210141025E-08  7.417212845E-02
 -1.205681370E-01  1.804438658E-01 -2.656456788E-01
  1.205680230E-01 -1.804436966E-01 -2.656456203E-01
 -5.925095635E-08  6.336706475E-08 -7.580678388E-02
  1.206475180E-01  1.824545493E-01  2.687743133E-01
 -1.206474389E-01 -1.824542783E-01  2.687742558E-01
MODE     2   FREQUENCY=  11.31931 (CM**-1)
 -1.791399533E-05  1.893354188E-05 -3.456847771E-02
 -1.790541480E-05 -1.913960112E-05 -1.463671262E-01
  1.407079146E-05 -3.016668104E-05 -1.765021416E-02
 -6.529191024E-02  1.084559513E-01 -2.360163159E-01
  6.523125194E-02 -1.085137626E-01 -2.360162615E-01
  1.423613272E-05  2.992022801E-05  1.676033814E-01
  6.308613275E-02 -1.141990440E-01 -7.065922483E-02
 -6.314678522E-02  1.142565761E-01 -7.065922133E-02
MODE     3   FREQUENCY=   5.27769 (CM**-1)
  7.004796980E-02 -7.441387979E-02  8.646309693E-06
  7.015662708E-02  7.440067251E-02 -3.345244979E-05
 -5.493068169E-02  1.175075762E-01 -2.166073079E-05
  1.184823433E-01  1.126824989E-01 -5.971356019E-05
  1.185311065E-01  1.126501823E-01 -4.679712073E-05
 -5.600880065E-02 -1.174271942E-01  4.868848717E-05
  1.185771119E-01 -1.130076429E-01 -3.098052507E-05
  1.185290996E-01 -1.129701526E-01  4.852427270E-05
MODE     4   FREQUENCY=   0.04225 (CM**-1)
  1.225343281E-01 -4.054862376E-03  4.959787727E-05
  1.225337898E-01 -5.033225577E-03  5.036696141E-05
  1.233365360E-01 -5.306132329E-03  5.065607219E-05
  1.222300325E-01 -5.265497571E-03  4.789132911E-05
  1.222292071E-01 -5.265562577E-03  5.318470592E-05
  1.233417907E-01 -3.783059214E-03  4.939417351E-05
  1.222291334E-01 -3.821098028E-03  4.693285556E-05
  1.222300667E-01 -3.821089052E-03  5.186087293E-05
MODE     5   FREQUENCY=   0.01506 (CM**-1)
  4.522378806E-03  1.230043680E-01  1.237344223E-04
  4.520109109E-03  1.229555189E-01  1.255107123E-04
  4.562288322E-03  1.229440751E-01  1.259983319E-04
  4.503857032E-03  1.229420101E-01  1.254869029E-04
  4.501850548E-03  1.229419333E-01  1.264003539E-04
  4.562950163E-03  1.230208454E-01  1.233099910E-04
  4.507352173E-03  1.230150200E-01  1.235398536E-04
  4.509325792E-03  1.230150320E-01  1.230335693E-04
MODE     6   FREQUENCY=   0.05201 (CM**-1)
 -5.529943170E-05 -1.219571366E-04  1.226500908E-01
 -5.529836537E-05 -1.234703509E-04  1.240430830E-01
 -5.402168280E-05 -1.239108070E-04  1.239963487E-01
  7.443315907E-04 -4.217798451E-04  1.245635137E-01
 -8.558171642E-04  1.740434899E-04  1.245634745E-01
 -5.400590800E-05 -1.215189404E-04  1.216620578E-01
 -8.572751865E-04  2.667928370E-04  1.225135476E-01
  7.457788243E-04 -5.099049227E-04  1.225135111E-01
MODE     7   FREQUENCY=  13.48565 (CM**-1)
  7.575116094E-06 -8.542800980E-06 -1.434649656E-01
  7.545594901E-06  7.875064982E-06 -2.140656538E-02
 -6.355157454E-06  1.264813459E-05  1.700939624E-01
  6.930123349E-02  1.050293130E-01 -4.974107104E-02
 -6.927546600E-02 -1.050050539E-01 -4.974104912E-02
 -6.353827466E-06 -1.328886271E-05 -3.851686116E-02
 -7.138706165E-02 -9.425189805E-02 -2.278006499E-01
  7.141281053E-02  9.422624991E-02 -2.278005856E-01
MODE     8   FREQUENCY= 256.24153 (CM**-1)
 -7.265546762E-03  3.104327898E-02 -1.095736855E-07
  6.867560970E-03  3.079814818E-02  1.123529270E-07
  1.589692362E-01 -1.995074705E-02  3.027024022E-08
 -2.799831360E-02 -6.856114451E-04  1.704026752E-03
 -2.799853299E-02 -6.855201345E-04 -1.703646437E-03
 -1.586553395E-01 -1.899641531E-02 -2.809395955E-08
  2.738773275E-02 -3.761309515E-04 -1.708316559E-03
  2.738794381E-02 -3.760388124E-04  1.707945619E-03
MODE     9   FREQUENCY= 550.32858 (CM**-1)
  1.176502461E-01  8.945578392E-02 -3.083970217E-08
  1.172305291E-01 -8.923960589E-02 -1.645066203E-08
 -8.662394100E-02 -5.318565863E-02 -1.239924746E-08
  1.165089054E-01 -8.644742598E-02 -4.539776950E-03
  1.165085042E-01 -8.644700227E-02  4.540143057E-03
 -8.656233976E-02  5.308797365E-02 -2.811111843E-09
  1.173239337E-01  8.609158909E-02 -4.628599469E-03
  1.173235045E-01  8.609118735E-02  4.628936529E-03
MODE    10   FREQUENCY= 823.64530 (CM**-1)
 -1.937646711E-08 -4.166942861E-09  7.233491276E-02
  1.536622621E-07 -7.986715096E-08  7.274551460E-02
 -5.085521690E-08 -1.747739077E-08 -2.414452712E-02
 -3.487262359E-01  2.181893511E-01 -2.054142845E-01
  3.487266896E-01 -2.181895049E-01 -2.054143200E-01
 -6.925805039E-08  8.464982103E-08 -2.393121149E-02
 -3.495907057E-01 -2.163904913E-01 -2.052307584E-01
  3.495907484E-01  2.163906179E-01 -2.052308373E-01
MODE    11   FREQUENCY= 849.63537 (CM**-1)
  1.624211373E-01  7.096511744E-02  4.247442527E-08
 -1.623587586E-01  7.279725652E-02  4.154289626E-08
 -1.364752565E-02 -4.745568508E-02 -3.599123474E-08
 -1.924877170E-01  1.693010163E-02  1.805542167E-02
 -1.924873626E-01  1.692987526E-02 -1.805567710E-02
  1.360897222E-02 -4.675427938E-02  8.230463265E-09
  1.924804714E-01  1.515602348E-02 -1.798629809E-02
  1.924808603E-01  1.515632017E-02  1.798609974E-02
MODE    12   FREQUENCY=1016.92641 (CM**-1)
  1.649511009E-02 -1.376005523E-01 -1.580508623E-08
  2.764718545E-02  1.497686099E-01 -5.449044953E-08
 -2.249307968E-02 -1.023343196E-01  1.925959245E-08
  6.949494530E-02  1.539024175E-01  1.026270976E-02
  6.949519031E-02  1.539029984E-01 -1.026256169E-02
 -1.943919364E-02  9.373964005E-02  1.171904059E-08
  6.297141006E-02 -1.453324361E-01  1.095665013E-02
  6.297174879E-02 -1.453328503E-01 -1.095656726E-02
MODE    13   FREQUENCY=1046.10115 (CM**-1)
 -9.513788790E-02  1.353913348E-01  2.595979245E-08
  9.322467641E-02  1.212612747E-01 -1.106508202E-08
 -2.764649234E-02 -8.589746886E-02  8.824027376E-09
  4.417772241E-02  8.499068855E-02 -7.124533224E-03
  4.417791065E-02  8.499100591E-02  7.124635118E-03
  2.963594125E-02 -9.591733649E-02 -1.379177057E-08
 -5.153863683E-02  1.007842096E-01  6.201334948E-03
 -5.153885567E-02  1.007846922E-01 -6.201482680E-03
MODE    14   FREQUENCY=1096.45134 (CM**-1)
  3.363484982E-08 -3.312522213E-08  1.089302316E-01
 -3.553429540E-08 -6.682086360E-08 -1.088827080E-01
  3.117433834E-08  5.695383983E-08  3.405574889E-02
 -1.215070740E-02 -3.957153450E-01  1.005295670E-01
  1.215054619E-02  3.957154409E-01  1.005296980E-01
 -2.789839518E-08  3.893290189E-08 -3.402110037E-02
  8.928058881E-03 -3.948435682E-01 -1.011376933E-01
 -8.927921946E-03  3.948437474E-01 -1.011378259E-01
MODE    15   FREQUENCY=1194.58374 (CM**-1)
 -3.634656425E-09  7.604017810E-08 -4.388703018E-02
 -2.306979688E-09 -5.563617418E-08 -4.447075114E-02
  1.169735001E-08  5.483890573E-08  2.636001602E-02
 -3.053562257E-01 -3.651228686E-01  1.327854452E-02
  3.053558042E-01  3.651225858E-01  1.327861513E-02
  1.446418700E-08 -6.461383877E-08  2.665492440E-02
 -3.107038998E-01  3.690400171E-01  1.307956438E-02
  3.107035051E-01 -3.690397003E-01  1.307962572E-02
MODE    16   FREQUENCY=1207.97229 (CM**-1)
  2.169816466E-08 -2.979857853E-08 -7.767858562E-02
 -2.615041861E-08 -8.646988893E-09  7.716644872E-02
  4.744642932E-09  1.593982164E-08  8.828846860E-03
 -4.419585882E-01 -1.248602735E-01 -5.716275489E-02
  4.419586133E-01  1.248600998E-01 -5.716286065E-02
 -5.003151307E-09  2.524510362E-08 -8.499944128E-03
  4.373820169E-01 -1.207444869E-01  5.711091128E-02
 -4.373820275E-01  1.207442231E-01  5.711103059E-02
MODE    17   FREQUENCY=1341.10927 (CM**-1)
  6.886748341E-02 -2.318257497E-02 -1.024792567E-08
 -6.886806011E-02 -2.324514303E-02  1.037399537E-08
  9.288739840E-03 -1.695578722E-02 -5.218461661E-09
  3.534526517E-01  2.977320082E-01  1.250573598E-02
  3.534527158E-01  2.977320153E-01 -1.250577195E-02
 -9.394698447E-03 -1.679527044E-02  7.078507828E-09
 -3.524491586E-01  2.968125638E-01 -1.299151358E-02
 -3.524492171E-01  2.968125649E-01  1.299154946E-02
MODE    18   FREQUENCY=1370.05139 (CM**-1)
 -7.145896201E-02  6.734465652E-02 -2.764270203E-08
 -7.115480578E-02 -6.691132803E-02 -3.023813434E-08
  8.195910673E-03 -6.522167179E-03  4.198306871E-09
  3.458625407E-01  2.643241784E-01  2.192078933E-04
  3.458626955E-01  2.643244519E-01 -2.192405840E-04
  8.349710401E-03  6.253652675E-03  5.868298870E-09
  3.471002801E-01 -2.643720184E-01  1.049058527E-03
  3.471004699E-01 -2.643722912E-01 -1.049100240E-03
MODE    19   FREQUENCY=1502.07600 (CM**-1)
  3.917409539E-02  4.207034305E-02  3.734361037E-08
  3.947700480E-02 -4.226416310E-02  3.442078704E-08
 -1.855147641E-04 -4.130069242E-03 -9.061771930E-09
 -2.333046620E-01  3.047554794E-01 -2.863108816E-01
 -2.333046476E-01  3.047553848E-01  2.863109026E-01
 -1.391229924E-04  4.110666772E-03 -8.454680817E-09
 -2.319283956E-01 -3.034188240E-01 -2.847405738E-01
 -2.319283541E-01 -3.034187267E-01  2.847405871E-01
MODE    20   FREQUENCY=1513.54374 (CM**-1)
 -2.680812994E-02 -4.736453105E-02 -5.971302714E-08
  2.679466754E-02 -4.692385565E-02  5.917012527E-08
  7.727549426E-04 -2.603448675E-03 -1.065994525E-08
 -2.349903498E-01  3.041436232E-01 -2.856231363E-01
 -2.349902142E-01  3.041434962E-01  2.856231559E-01
 -8.406438784E-04 -2.587461614E-03  1.166890566E-08
  2.357110435E-01  3.061201731E-01  2.870328233E-01
  2.357108867E-01  3.061200522E-01 -2.870328396E-01
MODE    21   FREQUENCY=2955.04919 (CM**-1)
  2.789933578E-02  3.357729402E-02  5.173739421E-09
  2.886530814E-02 -3.472670498E-02  3.382797635E-09
 -5.627589236E-04 -9.192102452E-04 -1.335129647E-09
 -1.663892668E-01  2.110657753E-01  4.145451375E-01
 -1.663892583E-01  2.110657671E-01 -4.145451284E-01
 -5.483083886E-04  8.988668271E-04 -1.161121778E-09
 -1.610930611E-01 -2.040309212E-01  4.011846185E-01
 -1.610930621E-01 -2.040309264E-01 -4.011846360E-01
MODE    22   FREQUENCY=2963.51437 (CM**-1)
  3.020638239E-02  3.419208111E-02 -3.155462253E-08
 -2.924503975E-02  3.311107618E-02  2.922958444E-08
  2.523067816E-04  6.077794499E-04  6.022798832E-10
  1.644268360E-01 -2.029098580E-01 -4.000672629E-01
  1.644266602E-01 -2.029096455E-01  4.000668791E-01
 -2.630554027E-04  6.364067919E-04 -1.273361007E-09
 -1.700492432E-01 -2.095042543E-01  4.135549172E-01
 -1.700490462E-01 -2.095040204E-01 -4.135544942E-01
MODE    23   FREQUENCY=2992.22900 (CM**-1)
  2.705134191E-08  1.563876132E-08  6.403886627E-02
 -2.810847146E-08  1.525510894E-08 -6.507423265E-02
 -1.004054660E-10 -1.059059833E-09  4.067521255E-04
 -1.774100699E-01  2.110203737E-01  3.883361324E-01
  1.774102567E-01 -2.110206012E-01  3.883365450E-01
  3.395609877E-10 -1.119208754E-09 -3.979935063E-04
  1.747989620E-01  2.073793612E-01 -3.822553080E-01
 -1.747991437E-01 -2.073795820E-01 -3.822557081E-01
MODE    24   FREQUENCY=3019.69357 (CM**-1)
 -6.583559787E-09  9.841116756E-09 -6.576470729E-02
 -4.734208234E-09 -1.283059724E-08 -6.472559927E-02
  1.043436476E-10 -5.125742746E-10  4.366310600E-04
 -1.752677227E-01  2.076743665E-01  3.811903336E-01
  1.752677273E-01 -2.076743563E-01  3.811903005E-01
  6.796277620E-11  4.393377854E-10  4.404636538E-04
 -1.783027187E-01 -2.107056397E-01  3.874045525E-01
  1.783027432E-01  2.107056540E-01  3.874045665E-01
----- END OF NORMAL MODES FOR -MOLPLT- PROGRAM -----
