 $DATA  
Title                                                                           
CNV      2

S          16.0      0.0000000000      0.0000000000     -0.2223747870
   PC1     0
        
O           8.0      1.2216004070      0.0000000000      0.2222513993
   PC1     0
        
 $END      
 $ZMAT   IZMAT(1)=
         1,   3,   1,
         1,   2,   1,
         2,   2,   1,   3,
 $END
--- CLOSED SHELL ORBITALS --- GENERATED AT Thu Feb 26 00:14:35 2015
Title                                                                           
E(R-PBE)=     -548.1334387003, E(NUC)=  118.0690870218,   21 ITERS
 $VEC   
 1  1 1.00298973E+00-1.02132636E-02 2.04112370E-03-3.28656576E-04 0.00000000E+00
 1  2 0.00000000E+00 6.38117521E-05 0.00000000E+00 0.00000000E+00 1.68137546E-04
 1  3 0.00000000E+00 0.00000000E+00 4.53472226E-05 3.20260515E-04-1.80626229E-04
 1  4-1.39634286E-04 0.00000000E+00 0.00000000E+00 0.00000000E+00 1.79479649E-05
 1  5 2.57134876E-05-4.28451257E-04-1.40005723E-04 0.00000000E+00 6.03029321E-05
 1  6-3.21828888E-04 0.00000000E+00 1.42608812E-04-1.17100824E-04 8.53401069E-05
 1  7 3.17607172E-05 0.00000000E+00 1.16220139E-04 0.00000000E+00 1.79479649E-05
 1  8 2.57134876E-05-4.28451257E-04 1.40005723E-04 0.00000000E+00 6.03029321E-05
 1  9 3.21828888E-04 0.00000000E+00 1.42608812E-04-1.17100824E-04 8.53401069E-05
 1 10 3.17607172E-05 0.00000000E+00-1.16220139E-04 0.00000000E+00
 2  1 0.00000000E+00 0.00000000E+00 0.00000000E+00 0.00000000E+00-2.72642494E-04
 2  2 0.00000000E+00 0.00000000E+00-4.92416676E-04 0.00000000E+00 0.00000000E+00
 2  3-7.21520248E-03 0.00000000E+00 0.00000000E+00 0.00000000E+00 0.00000000E+00
 2  4 0.00000000E+00 0.00000000E+00 9.18574727E-04 0.00000000E+00 7.03235115E-01
 2  5 2.66096515E-02-1.40966371E-02 1.31815618E-03 0.00000000E+00-4.48856075E-04
 2  6-2.10538006E-03 0.00000000E+00 1.90611398E-03 1.88520641E-04 4.39947450E-05
 2  7-2.32515386E-04 0.00000000E+00 2.32649637E-04 0.00000000E+00-7.03235115E-01
 2  8-2.66096515E-02 1.40966371E-02 1.31815618E-03 0.00000000E+00 4.48856075E-04
 2  9-2.10538006E-03 0.00000000E+00-1.90611398E-03-1.88520641E-04-4.39947450E-05
 2 10 2.32515386E-04 0.00000000E+00 2.32649637E-04 0.00000000E+00
 3  1-5.72641590E-05 4.38722952E-04-1.70914295E-04 1.07119623E-02 0.00000000E+00
 3  2 0.00000000E+00 1.06125455E-05 0.00000000E+00 0.00000000E+00 7.38123438E-04
 3  3 0.00000000E+00 0.00000000E+00 3.47810410E-03-9.60983548E-04 2.30192093E-04
 3  4 7.30791455E-04 0.00000000E+00 0.00000000E+00 0.00000000E+00 7.03244921E-01
 3  5 2.66247552E-02-1.39373424E-02 1.45912261E-03 0.00000000E+00-2.70190994E-04
 3  6-4.08094161E-03 0.00000000E+00 8.84790059E-06-3.30540127E-04 6.95531327E-05
 3  7 2.60986994E-04 0.00000000E+00-1.90059998E-04 0.00000000E+00 7.03244921E-01
 3  8 2.66247552E-02-1.39373424E-02-1.45912261E-03 0.00000000E+00-2.70190994E-04
 3  9 4.08094161E-03 0.00000000E+00 8.84790059E-06-3.30540127E-04 6.95531327E-05
 3 10 2.60986994E-04 0.00000000E+00 1.90059998E-04 0.00000000E+00
 4  1-2.73904047E-01 1.03941387E+00 4.25476508E-02-8.14645840E-03 0.00000000E+00
 4  2 0.00000000E+00 1.52870730E-02 0.00000000E+00 0.00000000E+00 2.44012402E-03
 4  3 0.00000000E+00 0.00000000E+00-2.12133301E-04 2.83214711E-03-1.47033868E-03
 4  4-1.36180843E-03 0.00000000E+00 0.00000000E+00 0.00000000E+00-4.93565012E-04
 4  5 3.13771850E-05-2.31699630E-03-2.29286224E-04 0.00000000E+00 1.42447494E-04
 4  6-2.41115987E-03 0.00000000E+00 1.18195478E-03 3.37603347E-04-1.10205310E-04
 4  7-2.27398037E-04 0.00000000E+00 2.21621916E-05 0.00000000E+00-4.93565012E-04
 4  8 3.13771850E-05-2.31699630E-03 2.29286224E-04 0.00000000E+00 1.42447494E-04
 4  9 2.41115987E-03 0.00000000E+00 1.18195478E-03 3.37603347E-04-1.10205310E-04
 4 10-2.27398037E-04 0.00000000E+00-2.21621916E-05 0.00000000E+00
 5  1 0.00000000E+00 0.00000000E+00 0.00000000E+00 0.00000000E+00 9.95591908E-01
 5  2 0.00000000E+00 0.00000000E+00 1.13767397E-02 0.00000000E+00 0.00000000E+00
 5  3-3.38976551E-04 0.00000000E+00 0.00000000E+00 0.00000000E+00 0.00000000E+00
 5  4 0.00000000E+00 0.00000000E+00 2.13071223E-03 0.00000000E+00 1.25812570E-03
 5  5-1.41406358E-03 2.62605251E-04-2.16268824E-03 0.00000000E+00 9.83155050E-04
 5  6 3.87987637E-04 0.00000000E+00 1.85757094E-04-9.19148028E-04 7.22898196E-04
 5  7 1.96249832E-04 0.00000000E+00 1.07479451E-03 0.00000000E+00-1.25812570E-03
 5  8 1.41406358E-03-2.62605251E-04-2.16268824E-03 0.00000000E+00-9.83155050E-04
 5  9 3.87987637E-04 0.00000000E+00-1.85757094E-04 9.19148028E-04-7.22898196E-04
 5 10-1.96249832E-04 0.00000000E+00 1.07479451E-03 0.00000000E+00
 6  1 0.00000000E+00 0.00000000E+00 0.00000000E+00 0.00000000E+00 0.00000000E+00
 6  2 9.96666636E-01 0.00000000E+00 0.00000000E+00 9.56455477E-03 0.00000000E+00
 6  3 0.00000000E+00-3.89224960E-04 0.00000000E+00 0.00000000E+00 0.00000000E+00
 6  4 0.00000000E+00 0.00000000E+00 0.00000000E+00 1.11239297E-03 0.00000000E+00
 6  5 0.00000000E+00 0.00000000E+00 0.00000000E+00 3.09477517E-04 0.00000000E+00
 6  6 0.00000000E+00-6.86510910E-05 0.00000000E+00 0.00000000E+00 0.00000000E+00
 6  7 0.00000000E+00 3.46215045E-04 0.00000000E+00-1.87219526E-04 0.00000000E+00
 6  8 0.00000000E+00 0.00000000E+00 0.00000000E+00 3.09477517E-04 0.00000000E+00
 6  9 0.00000000E+00-6.86510910E-05 0.00000000E+00 0.00000000E+00 0.00000000E+00
 6 10 0.00000000E+00-3.46215045E-04 0.00000000E+00-1.87219526E-04
 7  1 4.45693553E-03-1.67342017E-02 7.01423412E-04-1.16323104E-03 0.00000000E+00
 7  2 0.00000000E+00 9.96542234E-01 0.00000000E+00 0.00000000E+00 9.27410819E-03
 7  3 0.00000000E+00 0.00000000E+00-4.14955525E-04-8.20379489E-04-5.77409589E-04
 7  4 1.39778908E-03 0.00000000E+00 0.00000000E+00 0.00000000E+00-4.50385216E-04
 7  5 5.44976653E-04 6.80732418E-04 1.08617242E-03 0.00000000E+00-1.05686156E-04
 7  6 1.58209596E-04 0.00000000E+00-1.96737849E-04 6.10664196E-04-2.19093983E-04
 7  7-3.91570213E-04 0.00000000E+00-8.08351611E-05 0.00000000E+00-4.50385216E-04
 7  8 5.44976653E-04 6.80732418E-04-1.08617242E-03 0.00000000E+00-1.05686156E-04
 7  9-1.58209596E-04 0.00000000E+00-1.96737849E-04 6.10664196E-04-2.19093983E-04
 7 10-3.91570213E-04 0.00000000E+00 8.08351611E-05 0.00000000E+00
 8  1 5.70477093E-02-1.69537597E-01 3.17749394E-01 1.05452654E-01 0.00000000E+00
 8  2 0.00000000E+00-6.05643456E-02 0.00000000E+00 0.00000000E+00 1.07443670E-01
 8  3 0.00000000E+00 0.00000000E+00-7.62046992E-03 7.34096514E-02-4.35126406E-02
 8  4-2.98970108E-02 0.00000000E+00 0.00000000E+00 0.00000000E+00-1.23928722E-01
 8  5 2.38700811E-01 2.39633639E-01 1.34477839E-01 0.00000000E+00-3.76868764E-02
 8  6 4.01884871E-02 0.00000000E+00-2.84528383E-03 1.69375549E-02-7.17836146E-03
 8  7-9.75919349E-03 0.00000000E+00-4.93287534E-03 0.00000000E+00-1.23928722E-01
 8  8 2.38700811E-01 2.39633639E-01-1.34477839E-01 0.00000000E+00-3.76868764E-02
 8  9-4.01884871E-02 0.00000000E+00-2.84528383E-03 1.69375549E-02-7.17836146E-03
 8 10-9.75919349E-03 0.00000000E+00 4.93287534E-03 0.00000000E+00
 9  1 0.00000000E+00 0.00000000E+00 0.00000000E+00 0.00000000E+00-1.77401161E-01
 9  2 0.00000000E+00 0.00000000E+00 3.17776137E-01 0.00000000E+00 0.00000000E+00
 9  3 5.43452228E-03 0.00000000E+00 0.00000000E+00 0.00000000E+00 0.00000000E+00
 9  4 0.00000000E+00 0.00000000E+00 7.50799540E-02 0.00000000E+00 1.43622445E-01
 9  5-2.81653711E-01-2.90215309E-01-1.28523751E-01 0.00000000E+00 4.60882629E-02
 9  6-2.36117726E-02 0.00000000E+00 1.35372746E-02-9.28913994E-03 6.22087221E-03
 9  7 3.06826774E-03 0.00000000E+00 1.04105869E-02 0.00000000E+00-1.43622445E-01
 9  8 2.81653711E-01 2.90215309E-01-1.28523751E-01 0.00000000E+00-4.60882629E-02
 9  9-2.36117726E-02 0.00000000E+00-1.35372746E-02 9.28913994E-03-6.22087221E-03
 9 10-3.06826774E-03 0.00000000E+00 1.04105869E-02 0.00000000E+00
10  1 5.59615707E-02-1.47022095E-01 3.67321781E-01 2.51175070E-01 0.00000000E+00
10  2 0.00000000E+00 2.61467608E-02 0.00000000E+00 0.00000000E+00-5.02084372E-02
10  3 0.00000000E+00 0.00000000E+00-5.98865614E-02-1.55093383E-02 1.96647513E-02
10  4-4.15541304E-03 0.00000000E+00 0.00000000E+00 0.00000000E+00 1.02868749E-01
10  5-2.10780091E-01-3.61786415E-01 2.27121787E-01 0.00000000E+00-1.17784281E-01
10  6 1.18603774E-01 0.00000000E+00-5.41814274E-02 1.05782784E-02-8.03240140E-03
10  7-2.54587700E-03 0.00000000E+00-1.07104220E-02 0.00000000E+00 1.02868749E-01
10  8-2.10780091E-01-3.61786415E-01-2.27121787E-01 0.00000000E+00-1.17784281E-01
10  9-1.18603774E-01 0.00000000E+00-5.41814274E-02 1.05782784E-02-8.03240140E-03
10 10-2.54587700E-03 0.00000000E+00 1.07104220E-02 0.00000000E+00
11  1 0.00000000E+00 0.00000000E+00 0.00000000E+00 0.00000000E+00 0.00000000E+00
11  2-2.02018523E-01 0.00000000E+00 0.00000000E+00 4.58116857E-01 0.00000000E+00
11  3 0.00000000E+00 1.83220951E-01 0.00000000E+00 0.00000000E+00 0.00000000E+00
11  4 0.00000000E+00 0.00000000E+00 0.00000000E+00 5.49271704E-02 0.00000000E+00
11  5 0.00000000E+00 0.00000000E+00 0.00000000E+00 3.28907690E-01 0.00000000E+00
11  6 0.00000000E+00 1.82117513E-01 0.00000000E+00 0.00000000E+00 0.00000000E+00
11  7 0.00000000E+00 2.75495199E-02 0.00000000E+00-8.45711082E-03 0.00000000E+00
11  8 0.00000000E+00 0.00000000E+00 0.00000000E+00 3.28907690E-01 0.00000000E+00
11  9 0.00000000E+00 1.82117513E-01 0.00000000E+00 0.00000000E+00 0.00000000E+00
11 10 0.00000000E+00-2.75495199E-02 0.00000000E+00-8.45711082E-03
12  1-5.18709742E-03 2.20597789E-02-2.41106049E-02-1.30548575E-01 0.00000000E+00
12  2 0.00000000E+00-1.88702071E-01 0.00000000E+00 0.00000000E+00 4.22649657E-01
12  3 0.00000000E+00 0.00000000E+00 1.53490621E-01-7.99653075E-02-5.29726088E-03
12  4 8.52625684E-02 0.00000000E+00 0.00000000E+00 0.00000000E+00 2.15317760E-02
12  5-4.35100507E-02-6.15495405E-02 1.94033309E-01 0.00000000E+00 2.78013589E-01
12  6 1.21641599E-01 0.00000000E+00 1.52778426E-01 2.02415427E-02-5.37792170E-03
12  7-1.48636210E-02 0.00000000E+00 1.51291866E-02 0.00000000E+00 2.15317760E-02
12  8-4.35100507E-02-6.15495405E-02-1.94033309E-01 0.00000000E+00 2.78013589E-01
12  9-1.21641599E-01 0.00000000E+00 1.52778426E-01 2.02415427E-02-5.37792170E-03
12 10-1.48636210E-02 0.00000000E+00-1.51291866E-02 0.00000000E+00
13  1 0.00000000E+00 0.00000000E+00 0.00000000E+00 0.00000000E+00-1.57835403E-01
13  2 0.00000000E+00 0.00000000E+00 3.57192338E-01 0.00000000E+00 0.00000000E+00
13  3-3.14688819E-02 0.00000000E+00 0.00000000E+00 0.00000000E+00 0.00000000E+00
13  4 0.00000000E+00 0.00000000E+00 2.66045184E-02 0.00000000E+00-6.84133925E-02
13  5 1.40927883E-01 2.63046523E-01-3.44241586E-01 0.00000000E+00 1.99273818E-01
13  6-1.70807135E-01 0.00000000E+00 1.18018617E-01-1.25527626E-02 1.04546771E-02
13  7 2.09808550E-03 0.00000000E+00 1.62877414E-02 0.00000000E+00 6.84133925E-02
13  8-1.40927883E-01-2.63046523E-01-3.44241586E-01 0.00000000E+00-1.99273818E-01
13  9-1.70807135E-01 0.00000000E+00-1.18018617E-01 1.25527626E-02-1.04546771E-02
13 10-2.09808550E-03 0.00000000E+00 1.62877414E-02 0.00000000E+00
14  1 0.00000000E+00 0.00000000E+00 0.00000000E+00 0.00000000E+00 0.00000000E+00
14  2 0.00000000E+00 0.00000000E+00 0.00000000E+00 0.00000000E+00 0.00000000E+00
14  3 0.00000000E+00 0.00000000E+00 0.00000000E+00 0.00000000E+00 0.00000000E+00
14  4 0.00000000E+00-1.67523244E-01 0.00000000E+00 0.00000000E+00 0.00000000E+00
14  5 0.00000000E+00 0.00000000E+00 0.00000000E+00 4.57282123E-01 0.00000000E+00
14  6 0.00000000E+00 3.03036376E-01 0.00000000E+00 0.00000000E+00 0.00000000E+00
14  7 0.00000000E+00 2.14203328E-02 0.00000000E+00-6.24662186E-03 0.00000000E+00
14  8 0.00000000E+00 0.00000000E+00 0.00000000E+00-4.57282123E-01 0.00000000E+00
14  9 0.00000000E+00-3.03036376E-01 0.00000000E+00 0.00000000E+00 0.00000000E+00
14 10 0.00000000E+00 2.14203328E-02 0.00000000E+00 6.24662186E-03
15  1 0.00000000E+00 0.00000000E+00 0.00000000E+00 0.00000000E+00-7.45580971E-03
15  2 0.00000000E+00 0.00000000E+00 8.20559326E-03 0.00000000E+00 0.00000000E+00
15  3 6.46459745E-02 0.00000000E+00 0.00000000E+00 0.00000000E+00 0.00000000E+00
15  4 0.00000000E+00 0.00000000E+00-1.59624760E-01 0.00000000E+00 2.85013226E-03
15  5-1.14145679E-02-8.90185582E-03 2.40125749E-01 0.00000000E+00 3.95533703E-01
15  6 1.46242204E-01 0.00000000E+00 2.65436360E-01 1.34596655E-02-8.84521563E-04
15  7-1.25751440E-02 0.00000000E+00 1.95926077E-02 0.00000000E+00-2.85013226E-03
15  8 1.14145679E-02 8.90185582E-03 2.40125749E-01 0.00000000E+00-3.95533703E-01
15  9 1.46242204E-01 0.00000000E+00-2.65436360E-01-1.34596655E-02 8.84521563E-04
15 10 1.25751440E-02 0.00000000E+00 1.95926077E-02 0.00000000E+00
16  1 2.53017596E-02-1.39014919E-01 8.30572269E-02 8.68826496E-01 0.00000000E+00
16  2 0.00000000E+00 1.29388687E-01 0.00000000E+00 0.00000000E+00-3.03006359E-01
16  3 0.00000000E+00 0.00000000E+00-1.46001317E-01-2.04936544E-01 1.03186691E-01
16  4 1.01749853E-01 0.00000000E+00 0.00000000E+00 0.00000000E+00 2.40599968E-02
16  5-4.63239955E-02-1.59724282E-01-1.90153286E-01 0.00000000E+00 3.18831524E-01
16  6-1.45046123E-01 0.00000000E+00 2.48718281E-01-9.11914305E-03 5.18387407E-03
16  7 3.93526898E-03 0.00000000E+00 7.86730394E-03 0.00000000E+00 2.40599968E-02
16  8-4.63239955E-02-1.59724282E-01 1.90153286E-01 0.00000000E+00 3.18831524E-01
16  9 1.45046123E-01 0.00000000E+00 2.48718281E-01-9.11914305E-03 5.18387407E-03
16 10 3.93526898E-03 0.00000000E+00-7.86730394E-03 0.00000000E+00
17  1 0.00000000E+00 0.00000000E+00 0.00000000E+00 0.00000000E+00 0.00000000E+00
17  2-2.11561175E-01 0.00000000E+00 0.00000000E+00 5.50727748E-01 0.00000000E+00
17  3 0.00000000E+00 6.32041151E-01 0.00000000E+00 0.00000000E+00 0.00000000E+00
17  4 0.00000000E+00 0.00000000E+00 0.00000000E+00-5.87611727E-02 0.00000000E+00
17  5 0.00000000E+00 0.00000000E+00 0.00000000E+00-3.87241316E-01 0.00000000E+00
17  6 0.00000000E+00-3.81336367E-01 0.00000000E+00 0.00000000E+00 0.00000000E+00
17  7 0.00000000E+00-3.18795069E-03 0.00000000E+00-1.51989473E-03 0.00000000E+00
17  8 0.00000000E+00 0.00000000E+00 0.00000000E+00-3.87241316E-01 0.00000000E+00
17  9 0.00000000E+00-3.81336367E-01 0.00000000E+00 0.00000000E+00 0.00000000E+00
17 10 0.00000000E+00 3.18795069E-03 0.00000000E+00-1.51989473E-03
18  1 1.15305647E-02-1.24782933E-01-3.24473828E-02 1.11530600E+00 0.00000000E+00
18  2 0.00000000E+00-1.53161447E-01 0.00000000E+00 0.00000000E+00 4.24880926E-01
18  3 0.00000000E+00 0.00000000E+00 8.54394785E-01-1.69035860E-01 1.78367602E-01
18  4-9.33174198E-03 0.00000000E+00 0.00000000E+00 0.00000000E+00 5.13661630E-02
18  5-9.72915367E-02-5.05477308E-01-2.85603343E-01 0.00000000E+00-2.09140922E-01
18  6-3.57099548E-01 0.00000000E+00-2.28083781E-01-8.85814292E-03 9.33126282E-03
18  7-4.73119903E-04 0.00000000E+00 5.81492488E-03 0.00000000E+00 5.13661630E-02
18  8-9.72915367E-02-5.05477308E-01 2.85603343E-01 0.00000000E+00-2.09140922E-01
18  9 3.57099548E-01 0.00000000E+00-2.28083781E-01-8.85814292E-03 9.33126282E-03
18 10-4.73119903E-04 0.00000000E+00-5.81492488E-03 0.00000000E+00
19  1 0.00000000E+00 0.00000000E+00 0.00000000E+00 0.00000000E+00-6.94617484E-02
19  2 0.00000000E+00 0.00000000E+00 2.00460337E-01 0.00000000E+00 0.00000000E+00
19  3 1.83814923E+00 0.00000000E+00 0.00000000E+00 0.00000000E+00 0.00000000E+00
19  4 0.00000000E+00 0.00000000E+00-1.41979193E-01 0.00000000E+00-7.19297075E-02
19  5 9.63066724E-02 1.03471682E+00-2.80212336E-03 0.00000000E+00-1.81004749E-01
19  6 1.60293022E-01 0.00000000E+00-2.72143137E-01 1.66969987E-02-7.09670584E-03
19  7-9.60029284E-03 0.00000000E+00-8.61950284E-03 0.00000000E+00 7.19297075E-02
19  8-9.63066724E-02-1.03471682E+00-2.80212336E-03 0.00000000E+00 1.81004749E-01
19  9 1.60293022E-01 0.00000000E+00 2.72143137E-01-1.66969987E-02 7.09670584E-03
19 10 9.60029284E-03 0.00000000E+00-8.61950284E-03 0.00000000E+00
20  1 0.00000000E+00 0.00000000E+00 0.00000000E+00 0.00000000E+00 0.00000000E+00
20  2 2.85548019E-01 0.00000000E+00 0.00000000E+00-1.09530160E+00 0.00000000E+00
20  3 0.00000000E+00 1.23059891E+00 0.00000000E+00 0.00000000E+00 0.00000000E+00
20  4 0.00000000E+00 0.00000000E+00 0.00000000E+00-1.69931660E-01 0.00000000E+00
20  5 0.00000000E+00 0.00000000E+00 0.00000000E+00-1.94513017E-02 0.00000000E+00
20  6 0.00000000E+00-7.14205860E-02 0.00000000E+00 0.00000000E+00 0.00000000E+00
20  7 0.00000000E+00-3.83005506E-02 0.00000000E+00 7.04610230E-03 0.00000000E+00
20  8 0.00000000E+00 0.00000000E+00 0.00000000E+00-1.94513017E-02 0.00000000E+00
20  9 0.00000000E+00-7.14205860E-02 0.00000000E+00 0.00000000E+00 0.00000000E+00
20 10 0.00000000E+00 3.83005506E-02 0.00000000E+00 7.04610230E-03
21  1 1.83225710E-03-8.82234723E-05 2.54621428E-02 4.19863876E-01 0.00000000E+00
21  2 0.00000000E+00 2.79554179E-01 0.00000000E+00 0.00000000E+00-1.03538221E+00
21  3 0.00000000E+00 0.00000000E+00 1.23251109E+00 2.99302853E-01-5.78628339E-02
21  4-2.41440019E-01 0.00000000E+00 0.00000000E+00 0.00000000E+00 8.62566833E-03
21  5 3.25788417E-02-3.80420142E-01 1.18161728E-01 0.00000000E+00-2.46650817E-02
21  6-1.47730055E-01 0.00000000E+00 2.58001511E-02-4.16382812E-02 1.67064503E-02
21  7 2.49318309E-02 0.00000000E+00-1.35901560E-02 0.00000000E+00 8.62566833E-03
21  8 3.25788417E-02-3.80420142E-01-1.18161728E-01 0.00000000E+00-2.46650817E-02
21  9 1.47730055E-01 0.00000000E+00 2.58001511E-02-4.16382812E-02 1.67064503E-02
21 10 2.49318309E-02 0.00000000E+00 1.35901560E-02 0.00000000E+00
22  1-1.04778361E-01-3.12699111E-01-1.52059017E+00 2.64242949E+00 0.00000000E+00
22  2 0.00000000E+00-3.93457320E-02 0.00000000E+00 0.00000000E+00 2.24869137E-01
22  3 0.00000000E+00 0.00000000E+00 5.91483598E-02 3.63360936E-01-2.62969681E-01
22  4-1.00391255E-01 0.00000000E+00 0.00000000E+00 0.00000000E+00 2.22524539E-02
22  5-2.93054444E-03-7.28190080E-01 2.40099894E-01 0.00000000E+00-9.96166012E-02
22  6-4.04656024E-01 0.00000000E+00 1.94498912E-01-5.46633174E-02 3.32267483E-02
22  7 2.14365691E-02 0.00000000E+00 4.68172244E-02 0.00000000E+00 2.22524539E-02
22  8-2.93054444E-03-7.28190080E-01-2.40099894E-01 0.00000000E+00-9.96166012E-02
22  9 4.04656024E-01 0.00000000E+00 1.94498912E-01-5.46633174E-02 3.32267483E-02
22 10 2.14365691E-02 0.00000000E+00-4.68172244E-02 0.00000000E+00
23  1 0.00000000E+00 0.00000000E+00 0.00000000E+00 0.00000000E+00 1.98783040E-01
23  2 0.00000000E+00 0.00000000E+00-5.67814313E-01 0.00000000E+00 0.00000000E+00
23  3 1.00456507E+00 0.00000000E+00 0.00000000E+00 0.00000000E+00 0.00000000E+00
23  4 0.00000000E+00 0.00000000E+00 7.34451046E-01 0.00000000E+00-1.09281483E-02
23  5-5.59265140E-02 5.87935366E-01-2.68346025E-01 0.00000000E+00 2.17244996E-01
23  6 3.75148795E-01 0.00000000E+00 2.12558304E-02 2.48018823E-02-3.35116919E-02
23  7 8.70980966E-03 0.00000000E+00-5.09238719E-02 0.00000000E+00 1.09281483E-02
23  8 5.59265140E-02-5.87935366E-01-2.68346025E-01 0.00000000E+00-2.17244996E-01
23  9 3.75148795E-01 0.00000000E+00-2.12558304E-02-2.48018823E-02 3.35116919E-02
23 10-8.70980966E-03 0.00000000E+00-5.09238719E-02 0.00000000E+00
24  1 0.00000000E+00 0.00000000E+00 0.00000000E+00 0.00000000E+00 0.00000000E+00
24  2 4.56441257E-02 0.00000000E+00 0.00000000E+00-1.90787492E-01 0.00000000E+00
24  3 0.00000000E+00 2.69048411E-01 0.00000000E+00 0.00000000E+00 0.00000000E+00
24  4 0.00000000E+00 0.00000000E+00 0.00000000E+00 9.60770782E-01 0.00000000E+00
24  5 0.00000000E+00 0.00000000E+00 0.00000000E+00-1.98719757E-01 0.00000000E+00
24  6 0.00000000E+00-1.38100731E-02 0.00000000E+00 0.00000000E+00 0.00000000E+00
24  7 0.00000000E+00 2.22748226E-02 0.00000000E+00 4.42929660E-02 0.00000000E+00
24  8 0.00000000E+00 0.00000000E+00 0.00000000E+00-1.98719757E-01 0.00000000E+00
24  9 0.00000000E+00-1.38100731E-02 0.00000000E+00 0.00000000E+00 0.00000000E+00
24 10 0.00000000E+00-2.22748226E-02 0.00000000E+00 4.42929660E-02
25  1-1.87250354E-02-4.17869607E-02-2.59952111E-01-1.30674183E-01 0.00000000E+00
25  2 0.00000000E+00-1.79058952E-02 0.00000000E+00 0.00000000E+00 6.63568900E-02
25  3 0.00000000E+00 0.00000000E+00-2.69546498E-01-3.14724595E-03 8.29462522E-01
25  4-8.26315276E-01 0.00000000E+00 0.00000000E+00 0.00000000E+00-1.48866612E-02
25  5 4.91710424E-02 1.55291694E-01 8.14877366E-02 0.00000000E+00 1.88616160E-01
25  6 1.71585297E-01 0.00000000E+00-4.46857813E-02-8.12214362E-03 3.99660420E-02
25  7-3.18438983E-02 0.00000000E+00-2.84265915E-02 0.00000000E+00-1.48866612E-02
25  8 4.91710424E-02 1.55291694E-01-8.14877366E-02 0.00000000E+00 1.88616160E-01
25  9-1.71585297E-01 0.00000000E+00-4.46857813E-02-8.12214362E-03 3.99660420E-02
25 10-3.18438983E-02 0.00000000E+00 2.84265915E-02 0.00000000E+00
26  1-6.45842046E-02-2.94751708E-01-1.09242093E+00-8.16844885E-01 0.00000000E+00
26  2 0.00000000E+00 8.51912612E-02 0.00000000E+00 0.00000000E+00-4.81557844E-01
26  3 0.00000000E+00 0.00000000E+00-2.89677958E-02-3.96270799E-01 1.46328094E-01
26  4 2.49942705E-01 0.00000000E+00 0.00000000E+00 0.00000000E+00-5.66546111E-02
26  5 7.53676625E-02 6.99712906E-01-2.84287470E-01 0.00000000E+00-2.75684043E-02
26  6 1.15121126E+00 0.00000000E+00-3.37306354E-01-8.39498156E-03-2.03887138E-03
26  7 1.04338529E-02 0.00000000E+00 9.23290005E-05 0.00000000E+00-5.66546111E-02
26  8 7.53676625E-02 6.99712906E-01 2.84287470E-01 0.00000000E+00-2.75684043E-02
26  9-1.15121126E+00 0.00000000E+00-3.37306354E-01-8.39498156E-03-2.03887138E-03
26 10 1.04338529E-02 0.00000000E+00-9.23290005E-05 0.00000000E+00
27  1 0.00000000E+00 0.00000000E+00 0.00000000E+00 0.00000000E+00-2.40003416E-01
27  2 0.00000000E+00 0.00000000E+00 1.26844042E+00 0.00000000E+00 0.00000000E+00
27  3-1.90318748E-01 0.00000000E+00 0.00000000E+00 0.00000000E+00 0.00000000E+00
27  4 0.00000000E+00 0.00000000E+00 1.00555049E-01 0.00000000E+00-5.12886055E-02
27  5 9.86401638E-02 4.41683411E-01-1.44238405E-01 0.00000000E+00 1.70192654E-01
27  6 1.00268276E+00 0.00000000E+00-5.05423146E-01-2.05853610E-02 2.02781560E-02
27  7 3.07205008E-04 0.00000000E+00 3.28614718E-02 0.00000000E+00 5.12886055E-02
27  8-9.86401638E-02-4.41683411E-01-1.44238405E-01 0.00000000E+00-1.70192654E-01
27  9 1.00268276E+00 0.00000000E+00 5.05423146E-01 2.05853610E-02-2.02781560E-02
27 10-3.07205008E-04 0.00000000E+00 3.28614718E-02 0.00000000E+00
28  1 0.00000000E+00 0.00000000E+00 0.00000000E+00 0.00000000E+00 0.00000000E+00
28  2 0.00000000E+00 0.00000000E+00 0.00000000E+00 0.00000000E+00 0.00000000E+00
28  3 0.00000000E+00 0.00000000E+00 0.00000000E+00 0.00000000E+00 0.00000000E+00
28  4 0.00000000E+00 1.01113319E+00 0.00000000E+00 0.00000000E+00 0.00000000E+00
28  5 0.00000000E+00 0.00000000E+00 0.00000000E+00 2.91955809E-01 0.00000000E+00
28  6 0.00000000E+00 1.77663337E-01 0.00000000E+00 0.00000000E+00 0.00000000E+00
28  7 0.00000000E+00-5.83061987E-02 0.00000000E+00 4.42765140E-02 0.00000000E+00
28  8 0.00000000E+00 0.00000000E+00 0.00000000E+00-2.91955809E-01 0.00000000E+00
28  9 0.00000000E+00-1.77663337E-01 0.00000000E+00 0.00000000E+00 0.00000000E+00
28 10 0.00000000E+00-5.83061987E-02 0.00000000E+00-4.42765140E-02
29  1 0.00000000E+00 0.00000000E+00 0.00000000E+00 0.00000000E+00 0.00000000E+00
29  2 0.00000000E+00 0.00000000E+00 0.00000000E+00 0.00000000E+00 0.00000000E+00
29  3 0.00000000E+00 0.00000000E+00 0.00000000E+00 0.00000000E+00 0.00000000E+00
29  4 0.00000000E+00 2.61299349E-01 0.00000000E+00 0.00000000E+00 0.00000000E+00
29  5 0.00000000E+00 0.00000000E+00 0.00000000E+00-5.99128340E-01 0.00000000E+00
29  6 0.00000000E+00 8.27580598E-01 0.00000000E+00 0.00000000E+00 0.00000000E+00
29  7 0.00000000E+00-2.56060244E-02 0.00000000E+00 9.12244200E-03 0.00000000E+00
29  8 0.00000000E+00 0.00000000E+00 0.00000000E+00 5.99128340E-01 0.00000000E+00
29  9 0.00000000E+00-8.27580598E-01 0.00000000E+00 0.00000000E+00 0.00000000E+00
29 10 0.00000000E+00-2.56060244E-02 0.00000000E+00-9.12244200E-03
30  1 0.00000000E+00 0.00000000E+00 0.00000000E+00 0.00000000E+00-7.99270784E-02
30  2 0.00000000E+00 0.00000000E+00 3.77876945E-01 0.00000000E+00 0.00000000E+00
30  3-4.57490364E-01 0.00000000E+00 0.00000000E+00 0.00000000E+00 0.00000000E+00
30  4 0.00000000E+00 0.00000000E+00 2.03864441E-01 0.00000000E+00-1.66028700E-04
30  5-7.27094965E-02 5.94816099E-02-1.42383463E-01 0.00000000E+00-5.87357190E-01
30  6 4.92804375E-01 0.00000000E+00 7.21725464E-01-3.40156636E-02 1.41449350E-02
30  7 1.98707286E-02 0.00000000E+00-1.29358014E-02 0.00000000E+00 1.66028700E-04
30  8 7.27094965E-02-5.94816099E-02-1.42383463E-01 0.00000000E+00 5.87357190E-01
30  9 4.92804375E-01 0.00000000E+00-7.21725464E-01 3.40156636E-02-1.41449350E-02
30 10-1.98707286E-02 0.00000000E+00-1.29358014E-02 0.00000000E+00
31  1 1.48910273E-02 7.77183008E-02 2.64750756E-01-1.08819840E-01 0.00000000E+00
31  2 0.00000000E+00-4.42926896E-02 0.00000000E+00 0.00000000E+00 1.54407750E-01
31  3 0.00000000E+00 0.00000000E+00-8.90544913E-01 2.20907454E-01 9.43945538E-02
31  4-3.15302007E-01 0.00000000E+00 0.00000000E+00 0.00000000E+00-4.74420496E-03
31  5 9.11437684E-02-4.75570772E-02-2.40517496E-01 0.00000000E+00-5.25462258E-01
31  6 2.11427579E-01 0.00000000E+00 9.92024449E-01-7.87717471E-03 5.62200404E-04
31  7 7.31497430E-03 0.00000000E+00-3.61644309E-02 0.00000000E+00-4.74420496E-03
31  8 9.11437684E-02-4.75570772E-02 2.40517496E-01 0.00000000E+00-5.25462258E-01
31  9-2.11427579E-01 0.00000000E+00 9.92024449E-01-7.87717471E-03 5.62200404E-04
31 10 7.31497430E-03 0.00000000E+00 3.61644309E-02 0.00000000E+00
32  1 0.00000000E+00 0.00000000E+00 0.00000000E+00 0.00000000E+00 0.00000000E+00
32  2-3.30290166E-02 0.00000000E+00 0.00000000E+00 8.38250190E-02 0.00000000E+00
32  3 0.00000000E+00-9.26718788E-01 0.00000000E+00 0.00000000E+00 0.00000000E+00
32  4 0.00000000E+00 0.00000000E+00 0.00000000E+00-2.31439693E-01 0.00000000E+00
32  5 0.00000000E+00 0.00000000E+00 0.00000000E+00-6.07312230E-01 0.00000000E+00
32  6 0.00000000E+00 1.05374429E+00 0.00000000E+00 0.00000000E+00 0.00000000E+00
32  7 0.00000000E+00-4.66059806E-02 0.00000000E+00 4.68895880E-03 0.00000000E+00
32  8 0.00000000E+00 0.00000000E+00 0.00000000E+00-6.07312230E-01 0.00000000E+00
32  9 0.00000000E+00 1.05374429E+00 0.00000000E+00 0.00000000E+00 0.00000000E+00
32 10 0.00000000E+00 4.66059806E-02 0.00000000E+00 4.68895880E-03
33  1 0.00000000E+00 0.00000000E+00 0.00000000E+00 0.00000000E+00-2.23657898E-01
33  2 0.00000000E+00 0.00000000E+00 7.67999771E-01 0.00000000E+00 0.00000000E+00
33  3 3.79732303E-01 0.00000000E+00 0.00000000E+00 0.00000000E+00 0.00000000E+00
33  4 0.00000000E+00 0.00000000E+00 8.33531347E-01 0.00000000E+00-3.60426523E-02
33  5 2.10196262E-01 4.86974696E-01 6.57855895E-01 0.00000000E+00-4.60116729E-02
33  6-1.53608670E-01 0.00000000E+00 1.78026660E-02-1.03843700E-01-9.52590327E-03
33  7 1.13369603E-01 0.00000000E+00-3.99267402E-02 0.00000000E+00 3.60426523E-02
33  8-2.10196262E-01-4.86974696E-01 6.57855895E-01 0.00000000E+00 4.60116729E-02
33  9-1.53608670E-01 0.00000000E+00-1.78026660E-02 1.03843700E-01 9.52590327E-03
33 10-1.13369603E-01 0.00000000E+00-3.99267402E-02 0.00000000E+00
34  1 1.46869827E-02-1.79186349E-01-4.85945707E-02 1.23565866E+00 0.00000000E+00
34  2 0.00000000E+00-1.04535236E-01 0.00000000E+00 0.00000000E+00 4.23781529E-01
34  3 0.00000000E+00 0.00000000E+00 2.00233910E-01 1.17408157E+00-7.07125624E-01
34  4-4.66955943E-01 0.00000000E+00 0.00000000E+00 0.00000000E+00 3.30545584E-02
34  5-1.11430949E-01-8.34874215E-01-5.34395879E-01 0.00000000E+00 3.62192730E-01
34  6-7.57190808E-02 0.00000000E+00-3.88111201E-02-2.86706087E-02-6.50126578E-02
34  7 9.36832664E-02 0.00000000E+00-9.86505630E-02 0.00000000E+00 3.30545584E-02
34  8-1.11430949E-01-8.34874215E-01 5.34395879E-01 0.00000000E+00 3.62192730E-01
34  9 7.57190808E-02 0.00000000E+00-3.88111201E-02-2.86706087E-02-6.50126578E-02
34 10 9.36832664E-02 0.00000000E+00 9.86505630E-02 0.00000000E+00
35  1-8.30146686E-03-3.82150025E-02-1.26837741E-01 2.28848800E+00 0.00000000E+00
35  2 0.00000000E+00 1.63483829E-03 0.00000000E+00 0.00000000E+00 1.25382236E-01
35  3 0.00000000E+00 0.00000000E+00 7.23331352E-01 1.48356396E-01-1.31607669E-01
35  4-1.67487268E-02 0.00000000E+00 0.00000000E+00 0.00000000E+00 1.78884628E-03
35  5 1.24394678E+00-2.21561778E+00 2.11827048E-02 0.00000000E+00 6.13624584E-02
35  6-7.31193668E-01 0.00000000E+00-2.29218042E-02 2.18757486E-01-7.88978639E-02
35  7-1.39859622E-01 0.00000000E+00 1.59929177E-03 0.00000000E+00 1.78884628E-03
35  8 1.24394678E+00-2.21561778E+00-2.11827048E-02 0.00000000E+00 6.13624584E-02
35  9 7.31193668E-01 0.00000000E+00-2.29218042E-02 2.18757486E-01-7.88978639E-02
35 10-1.39859622E-01 0.00000000E+00-1.59929177E-03 0.00000000E+00
36  1 0.00000000E+00 0.00000000E+00 0.00000000E+00 0.00000000E+00-1.39872050E-02
36  2 0.00000000E+00 0.00000000E+00 3.48493070E-01 0.00000000E+00 0.00000000E+00
36  3 1.60434630E+00 0.00000000E+00 0.00000000E+00 0.00000000E+00 0.00000000E+00
36  4 0.00000000E+00 0.00000000E+00 1.64445474E-01 0.00000000E+00-4.11753493E-03
36  5-1.27462634E+00 2.36898652E+00 8.56281658E-02 0.00000000E+00 6.00500777E-02
36  6 3.24462959E-01 0.00000000E+00-3.87563802E-01-8.19593686E-02 8.81672138E-02
36  7-6.20784517E-03 0.00000000E+00 1.73923167E-01 0.00000000E+00 4.11753493E-03
36  8 1.27462634E+00-2.36898652E+00 8.56281658E-02 0.00000000E+00-6.00500777E-02
36  9 3.24462959E-01 0.00000000E+00 3.87563802E-01 8.19593686E-02-8.81672138E-02
36 10 6.20784517E-03 0.00000000E+00 1.73923167E-01 0.00000000E+00
37  1 0.00000000E+00 0.00000000E+00 0.00000000E+00 0.00000000E+00 0.00000000E+00
37  2 0.00000000E+00 0.00000000E+00 0.00000000E+00 0.00000000E+00 0.00000000E+00
37  3 0.00000000E+00 0.00000000E+00 0.00000000E+00 0.00000000E+00 0.00000000E+00
37  4 0.00000000E+00 3.72049985E-02 0.00000000E+00 0.00000000E+00 0.00000000E+00
37  5 0.00000000E+00 0.00000000E+00 0.00000000E+00-1.26394739E-02 0.00000000E+00
37  6 0.00000000E+00 2.37235366E-02 0.00000000E+00 0.00000000E+00 0.00000000E+00
37  7 0.00000000E+00 3.62946395E-01 0.00000000E+00 6.07600633E-01 0.00000000E+00
37  8 0.00000000E+00 0.00000000E+00 0.00000000E+00 1.26394739E-02 0.00000000E+00
37  9 0.00000000E+00-2.37235366E-02 0.00000000E+00 0.00000000E+00 0.00000000E+00
37 10 0.00000000E+00 3.62946395E-01 0.00000000E+00-6.07600633E-01
38  1 0.00000000E+00 0.00000000E+00 0.00000000E+00 0.00000000E+00-4.44007748E-03
38  2 0.00000000E+00 0.00000000E+00-2.08073150E-03 0.00000000E+00 0.00000000E+00
38  3 6.55458292E-02 0.00000000E+00 0.00000000E+00 0.00000000E+00 0.00000000E+00
38  4 0.00000000E+00 0.00000000E+00-3.09369865E-02 0.00000000E+00-4.53471749E-04
38  5-1.87240730E-02 4.30316876E-02 1.90772319E-02 0.00000000E+00 2.00086946E-02
38  6-3.43104358E-02 0.00000000E+00-3.60805995E-02-1.80212406E-01 6.13511087E-01
38  7-4.33298681E-01 0.00000000E+00-3.21418364E-01 0.00000000E+00 4.53471749E-04
38  8 1.87240730E-02-4.30316876E-02 1.90772319E-02 0.00000000E+00-2.00086946E-02
38  9-3.43104358E-02 0.00000000E+00 3.60805995E-02 1.80212406E-01-6.13511087E-01
38 10 4.33298681E-01 0.00000000E+00-3.21418364E-01 0.00000000E+00
39  1 0.00000000E+00 0.00000000E+00 0.00000000E+00 0.00000000E+00 0.00000000E+00
39  2-3.54010767E-02 0.00000000E+00 0.00000000E+00 1.51740962E-01 0.00000000E+00
39  3 0.00000000E+00 8.77424830E-03 0.00000000E+00 0.00000000E+00 0.00000000E+00
39  4 0.00000000E+00 0.00000000E+00 0.00000000E+00-1.09012729E-01 0.00000000E+00
39  5 0.00000000E+00 0.00000000E+00 0.00000000E+00 3.24895925E-02 0.00000000E+00
39  6 0.00000000E+00-5.32514821E-02 0.00000000E+00 0.00000000E+00 0.00000000E+00
39  7 0.00000000E+00-3.02889867E-02 0.00000000E+00 7.10826900E-01 0.00000000E+00
39  8 0.00000000E+00 0.00000000E+00 0.00000000E+00 3.24895925E-02 0.00000000E+00
39  9 0.00000000E+00-5.32514821E-02 0.00000000E+00 0.00000000E+00 0.00000000E+00
39 10 0.00000000E+00 3.02889867E-02 0.00000000E+00 7.10826900E-01
40  1-1.18822543E-03-3.63926766E-02-6.26702482E-02 4.51641881E-02 0.00000000E+00
40  2 0.00000000E+00 6.73491502E-04 0.00000000E+00 0.00000000E+00-2.21560596E-02
40  3 0.00000000E+00 0.00000000E+00 1.93741561E-02 1.32723364E-01-2.39672499E-01
40  4 1.06949135E-01 0.00000000E+00 0.00000000E+00 0.00000000E+00 2.64889709E-03
40  5-9.01012582E-02 3.21942292E-02-6.52221786E-02 0.00000000E+00 2.30951370E-02
40  6 4.65722983E-02 0.00000000E+00-1.50822438E-02-1.65533379E-02 5.93931798E-01
40  7-5.77378460E-01 0.00000000E+00-2.10562824E-01 0.00000000E+00 2.64889709E-03
40  8-9.01012582E-02 3.21942292E-02 6.52221786E-02 0.00000000E+00 2.30951370E-02
40  9-4.65722983E-02 0.00000000E+00-1.50822438E-02-1.65533379E-02 5.93931798E-01
40 10-5.77378460E-01 0.00000000E+00 2.10562824E-01 0.00000000E+00
41  1 0.00000000E+00 0.00000000E+00 0.00000000E+00 0.00000000E+00 0.00000000E+00
41  2 8.75423996E-02 0.00000000E+00 0.00000000E+00-3.75325781E-01 0.00000000E+00
41  3 0.00000000E+00-1.46540169E-01 0.00000000E+00 0.00000000E+00 0.00000000E+00
41  4 0.00000000E+00 0.00000000E+00 0.00000000E+00-3.07088193E-01 0.00000000E+00
41  5 0.00000000E+00 0.00000000E+00 0.00000000E+00-6.92033498E-02 0.00000000E+00
41  6 0.00000000E+00 2.39776516E-01 0.00000000E+00 0.00000000E+00 0.00000000E+00
41  7 0.00000000E+00 7.53499707E-01 0.00000000E+00 1.65656646E-02 0.00000000E+00
41  8 0.00000000E+00 0.00000000E+00 0.00000000E+00-6.92033498E-02 0.00000000E+00
41  9 0.00000000E+00 2.39776516E-01 0.00000000E+00 0.00000000E+00 0.00000000E+00
41 10 0.00000000E+00-7.53499707E-01 0.00000000E+00 1.65656646E-02
42  1 0.00000000E+00 0.00000000E+00 0.00000000E+00 0.00000000E+00 1.46495211E-02
42  2 0.00000000E+00 0.00000000E+00-2.40522901E-01 0.00000000E+00 0.00000000E+00
42  3-1.53455780E-01 0.00000000E+00 0.00000000E+00 0.00000000E+00 0.00000000E+00
42  4 0.00000000E+00 0.00000000E+00 6.53044591E-01 0.00000000E+00 1.31625381E-03
42  5 3.46748017E-01-3.92488699E-01 1.26800255E-01 0.00000000E+00-6.11121431E-02
42  6-1.02576312E-01 0.00000000E+00 2.92485458E-01 3.22783002E-01 1.70186864E-01
42  7-4.92969866E-01 0.00000000E+00 5.72995746E-01 0.00000000E+00-1.31625381E-03
42  8-3.46748017E-01 3.92488699E-01 1.26800255E-01 0.00000000E+00 6.11121431E-02
42  9-1.02576312E-01 0.00000000E+00-2.92485458E-01-3.22783002E-01-1.70186864E-01
42 10 4.92969866E-01 0.00000000E+00 5.72995746E-01 0.00000000E+00
43  1-8.55812766E-03-1.00167463E-01-2.47134005E-01-4.73165515E-01 0.00000000E+00
43  2 0.00000000E+00 8.63308241E-02 0.00000000E+00 0.00000000E+00-4.68019249E-01
43  3 0.00000000E+00 0.00000000E+00-3.18976994E-01 4.72635684E-01-1.92493838E-03
43  4-4.70710746E-01 0.00000000E+00 0.00000000E+00 0.00000000E+00-6.44229528E-03
43  5-4.56602293E-01 6.50709716E-01-1.38826099E-01 0.00000000E+00 1.71690265E-02
43  6 4.12347694E-01 0.00000000E+00 2.05123066E-01 5.55567620E-01-1.45681208E-01
43  7-4.09886412E-01 0.00000000E+00 5.02951519E-01 0.00000000E+00-6.44229528E-03
43  8-4.56602293E-01 6.50709716E-01 1.38826099E-01 0.00000000E+00 1.71690265E-02
43  9-4.12347694E-01 0.00000000E+00 2.05123066E-01 5.55567620E-01-1.45681208E-01
43 10-4.09886412E-01 0.00000000E+00-5.02951519E-01 0.00000000E+00
44  1 0.00000000E+00 0.00000000E+00 0.00000000E+00 0.00000000E+00 0.00000000E+00
44  2 0.00000000E+00 0.00000000E+00 0.00000000E+00 0.00000000E+00 0.00000000E+00
44  3 0.00000000E+00 0.00000000E+00 0.00000000E+00 0.00000000E+00 0.00000000E+00
44  4 0.00000000E+00 7.63871563E-01 0.00000000E+00 0.00000000E+00 0.00000000E+00
44  5 0.00000000E+00 0.00000000E+00 0.00000000E+00 1.84524776E-02 0.00000000E+00
44  6 0.00000000E+00 2.56454479E-01 0.00000000E+00 0.00000000E+00 0.00000000E+00
44  7 0.00000000E+00 7.09042099E-01 0.00000000E+00-4.01855611E-01 0.00000000E+00
44  8 0.00000000E+00 0.00000000E+00 0.00000000E+00-1.84524776E-02 0.00000000E+00
44  9 0.00000000E+00-2.56454479E-01 0.00000000E+00 0.00000000E+00 0.00000000E+00
44 10 0.00000000E+00 7.09042099E-01 0.00000000E+00 4.01855611E-01
45  1-7.08013394E-02-2.94154939E-01-1.29516992E+00-1.57620031E+00 0.00000000E+00
45  2 0.00000000E+00 6.53462776E-02 0.00000000E+00 0.00000000E+00-6.09179520E-01
45  3 0.00000000E+00 0.00000000E+00-1.69098604E-01-1.04630160E+00 5.63625768E-01
45  4 4.82675834E-01 0.00000000E+00 0.00000000E+00 0.00000000E+00-4.53010231E-02
45  5-4.97974691E-01 1.82528835E+00 2.54280417E-01 0.00000000E+00-1.31681064E-01
45  6 8.95602506E-01 0.00000000E+00-3.83693535E-01 6.16278351E-01-4.72282460E-01
45  7-1.43995891E-01 0.00000000E+00-6.70104348E-01 0.00000000E+00-4.53010231E-02
45  8-4.97974691E-01 1.82528835E+00-2.54280417E-01 0.00000000E+00-1.31681064E-01
45  9-8.95602506E-01 0.00000000E+00-3.83693535E-01 6.16278351E-01-4.72282460E-01
45 10-1.43995891E-01 0.00000000E+00 6.70104348E-01 0.00000000E+00
46  1 0.00000000E+00 0.00000000E+00 0.00000000E+00 0.00000000E+00-2.24626393E-01
46  2 0.00000000E+00 0.00000000E+00 1.84045846E+00 0.00000000E+00 0.00000000E+00
46  3 4.41171763E-01 0.00000000E+00 0.00000000E+00 0.00000000E+00 0.00000000E+00
46  4 0.00000000E+00 0.00000000E+00 6.74090841E-01 0.00000000E+00-4.44393461E-02
46  5-4.77621065E-01 1.65114134E+00 2.53687317E-01 0.00000000E+00-5.47960114E-02
46  6 8.52179965E-01 0.00000000E+00-2.80516130E-01 8.26119657E-01-4.11348611E-01
46  7-4.14771046E-01 0.00000000E+00-4.07951795E-01 0.00000000E+00 4.44393461E-02
46  8 4.77621065E-01-1.65114134E+00 2.53687317E-01 0.00000000E+00 5.47960114E-02
46  9 8.52179965E-01 0.00000000E+00 2.80516130E-01-8.26119657E-01 4.11348611E-01
46 10 4.14771046E-01 0.00000000E+00-4.07951795E-01 0.00000000E+00
 $END   
 POPULATION ANALYSIS
S           15.42652   0.57348  15.36357   0.63643
O            8.28674  -0.28674   8.31822  -0.31822
O            8.28674  -0.28674   8.31822  -0.31822
 MOMENTS AT POINT    1 X,Y,Z=  0.000000  0.000000  0.000000
 DIPOLE       0.000000  0.000000 -0.217610
