 $DATA  
Title                                                                           
CNV      2

S          16.0      0.0000000000      0.0000000000     -0.2907977984
   PC1     0
        
O           8.0      1.5974774553      0.0000000000      0.2906364452
   PC1     0
        
 $END      
 $ZMAT   IZMAT(1)=
         1,   3,   1,
         1,   2,   1,
         2,   2,   1,   3,
 $END
--- CLOSED SHELL ORBITALS --- GENERATED AT Thu Feb 26 00:19:38 2015
Title                                                                           
E(R-PBE)=     -548.1945526147, E(NUC)=   90.2881253696,   21 ITERS
 $VEC   
 1  1 1.00297853E+00-1.02898724E-02 1.76504785E-03-8.61956774E-04 0.00000000E+00
 1  2 0.00000000E+00 6.28193238E-05 0.00000000E+00 0.00000000E+00 1.22997194E-05
 1  3 0.00000000E+00 0.00000000E+00-1.93133279E-05 4.08363425E-05-2.28891140E-05
 1  4-1.79472286E-05 0.00000000E+00 0.00000000E+00 0.00000000E+00 3.95099787E-06
 1  5 2.24321527E-05 2.29172015E-05 9.09773132E-07 0.00000000E+00-3.33253561E-06
 1  6-6.07990980E-05 0.00000000E+00 3.41456016E-05-7.37650703E-05 4.60777426E-05
 1  7 2.76873278E-05 0.00000000E+00 5.39919575E-05 0.00000000E+00 3.95099787E-06
 1  8 2.24321527E-05 2.29172015E-05-9.09773132E-07 0.00000000E+00-3.33253561E-06
 1  9 6.07990980E-05 0.00000000E+00 3.41456016E-05-7.37650703E-05 4.60777426E-05
 1 10 2.76873278E-05 0.00000000E+00-5.39919575E-05 0.00000000E+00
 2  1 0.00000000E+00 0.00000000E+00 0.00000000E+00 0.00000000E+00 1.37672995E-04
 2  2 0.00000000E+00 0.00000000E+00-1.16516461E-03 0.00000000E+00 0.00000000E+00
 2  3-6.38596527E-03 0.00000000E+00 0.00000000E+00 0.00000000E+00 0.00000000E+00
 2  4 0.00000000E+00 0.00000000E+00-1.10107262E-03 0.00000000E+00 7.03281770E-01
 2  5 2.56300326E-02-1.22973819E-02 7.62076581E-04 0.00000000E+00-3.96694368E-04
 2  6-2.59451400E-03 0.00000000E+00 1.57629763E-03-2.60948804E-04 1.88439804E-04
 2  7 7.25089997E-05 0.00000000E+00 2.46636897E-04 0.00000000E+00-7.03281770E-01
 2  8-2.56300326E-02 1.22973819E-02 7.62076581E-04 0.00000000E+00 3.96694368E-04
 2  9-2.59451400E-03 0.00000000E+00-1.57629763E-03 2.60948804E-04-1.88439804E-04
 2 10-7.25089997E-05 0.00000000E+00 2.46636897E-04 0.00000000E+00
 3  1-4.64023443E-05-8.23580968E-04-1.41594310E-03 7.10031906E-03 0.00000000E+00
 3  2 0.00000000E+00-5.75457091E-05 0.00000000E+00 0.00000000E+00 4.73301898E-04
 3  3 0.00000000E+00 0.00000000E+00 2.06671998E-03 1.34604835E-03-8.90814453E-04
 3  4-4.55233894E-04 0.00000000E+00 0.00000000E+00 0.00000000E+00 7.03245372E-01
 3  5 2.51510631E-02-1.06234792E-02 8.74780148E-04 0.00000000E+00-1.42217454E-04
 3  6-2.91692609E-03 0.00000000E+00 4.67795726E-04-4.15437541E-04 2.54836502E-04
 3  7 1.60601038E-04 0.00000000E+00 2.28618285E-04 0.00000000E+00 7.03245372E-01
 3  8 2.51510631E-02-1.06234792E-02-8.74780148E-04 0.00000000E+00-1.42217454E-04
 3  9 2.91692609E-03 0.00000000E+00 4.67795726E-04-4.15437541E-04 2.54836502E-04
 3 10 1.60601038E-04 0.00000000E+00-2.28618285E-04 0.00000000E+00
 4  1-2.74120041E-01 1.03940110E+00 4.02502672E-02-1.15264874E-02 0.00000000E+00
 4  2 0.00000000E+00 1.03133273E-02 0.00000000E+00 0.00000000E+00 8.48375731E-04
 4  3 0.00000000E+00 0.00000000E+00-3.86203909E-04 7.58301420E-04-3.71686532E-04
 4  4-3.86614889E-04 0.00000000E+00 0.00000000E+00 0.00000000E+00 4.67297483E-05
 4  5 1.40408865E-04 1.86452230E-04-1.75763394E-04 0.00000000E+00 3.36980621E-05
 4  6-7.34578784E-04 0.00000000E+00 4.17767560E-04-7.10881312E-04 4.44302885E-04
 4  7 2.66578427E-04 0.00000000E+00 5.21447483E-04 0.00000000E+00 4.67297483E-05
 4  8 1.40408865E-04 1.86452230E-04 1.75763394E-04 0.00000000E+00 3.36980621E-05
 4  9 7.34578784E-04 0.00000000E+00 4.17767560E-04-7.10881312E-04 4.44302885E-04
 4 10 2.66578427E-04 0.00000000E+00-5.21447483E-04 0.00000000E+00
 5  1 0.00000000E+00 0.00000000E+00 0.00000000E+00 0.00000000E+00 9.96872455E-01
 5  2 0.00000000E+00 0.00000000E+00 8.88798009E-03 0.00000000E+00 0.00000000E+00
 5  3-2.28905270E-04 0.00000000E+00 0.00000000E+00 0.00000000E+00 0.00000000E+00
 5  4 0.00000000E+00 0.00000000E+00 6.51514637E-04 0.00000000E+00 1.05572964E-04
 5  5 8.51071973E-05-1.86349655E-04-9.81520388E-05 0.00000000E+00 2.16959540E-05
 5  6-1.24632579E-04 0.00000000E+00 1.24871712E-04-2.47398411E-04 1.68018400E-04
 5  7 7.93800103E-05 0.00000000E+00 2.21516493E-04 0.00000000E+00-1.05572964E-04
 5  8-8.51071973E-05 1.86349655E-04-9.81520388E-05 0.00000000E+00-2.16959540E-05
 5  9-1.24632579E-04 0.00000000E+00-1.24871712E-04 2.47398411E-04-1.68018400E-04
 5 10-7.93800103E-05 0.00000000E+00 2.21516493E-04 0.00000000E+00
 6  1 0.00000000E+00 0.00000000E+00 0.00000000E+00 0.00000000E+00 0.00000000E+00
 6  2 9.96952550E-01 0.00000000E+00 0.00000000E+00 8.74892146E-03 0.00000000E+00
 6  3 0.00000000E+00-1.31475284E-04 0.00000000E+00 0.00000000E+00 0.00000000E+00
 6  4 0.00000000E+00 0.00000000E+00 0.00000000E+00 5.80763115E-04 0.00000000E+00
 6  5 0.00000000E+00 0.00000000E+00 0.00000000E+00 7.05169209E-06 0.00000000E+00
 6  6 0.00000000E+00-4.91307795E-05 0.00000000E+00 0.00000000E+00 0.00000000E+00
 6  7 0.00000000E+00 1.65660479E-06 0.00000000E+00-7.66344098E-06 0.00000000E+00
 6  8 0.00000000E+00 0.00000000E+00 0.00000000E+00 7.05169209E-06 0.00000000E+00
 6  9 0.00000000E+00-4.91307795E-05 0.00000000E+00 0.00000000E+00 0.00000000E+00
 6 10 0.00000000E+00-1.65660479E-06 0.00000000E+00-7.66344098E-06
 7  1 2.86037619E-03-1.08974321E-02-1.53925814E-05-5.04105004E-04 0.00000000E+00
 7  2 0.00000000E+00 9.96950951E-01 0.00000000E+00 0.00000000E+00 8.55240310E-03
 7  3 0.00000000E+00 0.00000000E+00-1.74589969E-04-4.99106619E-04-2.45082548E-04
 7  4 7.44189167E-04 0.00000000E+00 0.00000000E+00 0.00000000E+00-5.19366155E-05
 7  5-1.32638272E-04 3.65356299E-04 5.94341856E-05 0.00000000E+00-1.27610155E-05
 7  6 2.30928028E-04 0.00000000E+00-1.50856661E-04 1.66354676E-04-9.98543816E-05
 7  7-6.65002943E-05 0.00000000E+00-1.28213942E-04 0.00000000E+00-5.19366155E-05
 7  8-1.32638272E-04 3.65356299E-04-5.94341856E-05 0.00000000E+00-1.27610155E-05
 7  9-2.30928028E-04 0.00000000E+00-1.50856661E-04 1.66354676E-04-9.98543816E-05
 7 10-6.65002943E-05 0.00000000E+00 1.28213942E-04 0.00000000E+00
 8  1 4.45555303E-02-1.29937604E-01 2.62387564E-01 1.77209313E-01 0.00000000E+00
 8  2 0.00000000E+00-3.25777246E-02 0.00000000E+00 0.00000000E+00 6.71387159E-02
 8  3 0.00000000E+00 0.00000000E+00 8.39498235E-03 4.28036179E-02-2.59282862E-02
 8  4-1.68753317E-02 0.00000000E+00 0.00000000E+00 0.00000000E+00-1.29762732E-01
 8  5 2.60393453E-01 3.15341462E-01 8.24909802E-02 0.00000000E+00-2.70617874E-02
 8  6 3.92653730E-02 0.00000000E+00-1.16950164E-02 1.03168835E-02-4.37982013E-03
 8  7-5.93706339E-03 0.00000000E+00-4.70862815E-03 0.00000000E+00-1.29762732E-01
 8  8 2.60393453E-01 3.15341462E-01-8.24909802E-02 0.00000000E+00-2.70617874E-02
 8  9-3.92653730E-02 0.00000000E+00-1.16950164E-02 1.03168835E-02-4.37982013E-03
 8 10-5.93706339E-03 0.00000000E+00 4.70862815E-03 0.00000000E+00
 9  1 0.00000000E+00 0.00000000E+00 0.00000000E+00 0.00000000E+00 9.20438418E-02
 9  2 0.00000000E+00 0.00000000E+00-1.83073964E-01 0.00000000E+00 0.00000000E+00
 9  3-2.40413779E-02 0.00000000E+00 0.00000000E+00 0.00000000E+00 0.00000000E+00
 9  4 0.00000000E+00 0.00000000E+00-3.58586991E-02 0.00000000E+00-1.50589180E-01
 9  5 3.03268529E-01 3.84050166E-01 7.37708341E-02 0.00000000E+00-2.60579759E-02
 9  6 3.86947702E-02 0.00000000E+00-1.54257914E-02 8.00237859E-03-3.17966886E-03
 9  7-4.82270973E-03 0.00000000E+00-4.73855215E-03 0.00000000E+00 1.50589180E-01
 9  8-3.03268529E-01-3.84050166E-01 7.37708341E-02 0.00000000E+00 2.60579759E-02
 9  9 3.86947702E-02 0.00000000E+00 1.54257914E-02-8.00237859E-03 3.17966886E-03
 9 10 4.82270973E-03 0.00000000E+00-4.73855215E-03 0.00000000E+00
10  1 7.21744010E-02-2.04291475E-01 4.53947329E-01 4.24778383E-01 0.00000000E+00
10  2 0.00000000E+00 7.46405426E-03 0.00000000E+00 0.00000000E+00-9.03432533E-03
10  3 0.00000000E+00 0.00000000E+00-2.12863861E-02-1.46569884E-02 1.15166298E-02
10  4 3.14035862E-03 0.00000000E+00 0.00000000E+00 0.00000000E+00 9.93050923E-02
10  5-2.06771949E-01-3.16937704E-01 1.14580415E-01 0.00000000E+00-4.07581687E-02
10  6 5.34251596E-02 0.00000000E+00-1.46660144E-02 6.76572220E-03-5.27484952E-03
10  7-1.49087267E-03 0.00000000E+00-5.24334296E-03 0.00000000E+00 9.93050923E-02
10  8-2.06771949E-01-3.16937704E-01-1.14580415E-01 0.00000000E+00-4.07581687E-02
10  9-5.34251596E-02 0.00000000E+00-1.46660144E-02 6.76572220E-03-5.27484952E-03
10 10-1.49087267E-03 0.00000000E+00 5.24334296E-03 0.00000000E+00
11  1 0.00000000E+00 0.00000000E+00 0.00000000E+00 0.00000000E+00-1.77868427E-01
11  2 0.00000000E+00 0.00000000E+00 4.20687914E-01 0.00000000E+00 0.00000000E+00
11  3 8.28608757E-02 0.00000000E+00 0.00000000E+00 0.00000000E+00 0.00000000E+00
11  4 0.00000000E+00 0.00000000E+00 3.35124313E-02 0.00000000E+00-5.79379013E-02
11  5 1.23500996E-01 1.97776121E-01-3.35213381E-01 0.00000000E+00 1.42117603E-01
11  6-2.03658548E-01 0.00000000E+00 9.25104564E-02-1.05658199E-02 8.01075206E-03
11  7 2.55506780E-03 0.00000000E+00 1.07536942E-02 0.00000000E+00 5.79379013E-02
11  8-1.23500996E-01-1.97776121E-01-3.35213381E-01 0.00000000E+00-1.42117603E-01
11  9-2.03658548E-01 0.00000000E+00-9.25104564E-02 1.05658199E-02-8.01075206E-03
11 10-2.55506780E-03 0.00000000E+00 1.07536942E-02 0.00000000E+00
12  1 0.00000000E+00 0.00000000E+00 0.00000000E+00 0.00000000E+00 0.00000000E+00
12  2-2.06747815E-01 0.00000000E+00 0.00000000E+00 4.86175554E-01 0.00000000E+00
12  3 0.00000000E+00 3.06774505E-01 0.00000000E+00 0.00000000E+00 0.00000000E+00
12  4 0.00000000E+00 0.00000000E+00 0.00000000E+00 2.96407029E-02 0.00000000E+00
12  5 0.00000000E+00 0.00000000E+00 0.00000000E+00 2.95251768E-01 0.00000000E+00
12  6 0.00000000E+00 1.82505232E-01 0.00000000E+00 0.00000000E+00 0.00000000E+00
12  7 0.00000000E+00 1.58957457E-02 0.00000000E+00-5.39249129E-03 0.00000000E+00
12  8 0.00000000E+00 0.00000000E+00 0.00000000E+00 2.95251768E-01 0.00000000E+00
12  9 0.00000000E+00 1.82505232E-01 0.00000000E+00 0.00000000E+00 0.00000000E+00
12 10 0.00000000E+00-1.58957457E-02 0.00000000E+00-5.39249129E-03
13  1-1.01006138E-02 3.96427211E-02-4.97052416E-02-1.58073258E-01 0.00000000E+00
13  2 0.00000000E+00-2.06875532E-01 0.00000000E+00 0.00000000E+00 4.85345026E-01
13  3 0.00000000E+00 0.00000000E+00 2.85021723E-01-1.14711022E-02-1.96951328E-02
13  4 3.11662349E-02 0.00000000E+00 0.00000000E+00 0.00000000E+00 1.46253657E-02
13  5-2.89175709E-02-6.09065566E-02 2.22874723E-01 0.00000000E+00 1.95719769E-01
13  6 1.43027669E-01 0.00000000E+00 1.22526688E-01 1.36579902E-02-3.58087787E-03
13  7-1.00771123E-02 0.00000000E+00 8.44336566E-03 0.00000000E+00 1.46253657E-02
13  8-2.89175709E-02-6.09065566E-02-2.22874723E-01 0.00000000E+00 1.95719769E-01
13  9-1.43027669E-01 0.00000000E+00 1.22526688E-01 1.36579902E-02-3.58087787E-03
13 10-1.00771123E-02 0.00000000E+00-8.44336566E-03 0.00000000E+00
14  1 0.00000000E+00 0.00000000E+00 0.00000000E+00 0.00000000E+00 0.00000000E+00
14  2 0.00000000E+00 0.00000000E+00 0.00000000E+00 0.00000000E+00 0.00000000E+00
14  3 0.00000000E+00 0.00000000E+00 0.00000000E+00 0.00000000E+00 0.00000000E+00
14  4 0.00000000E+00-9.30793629E-02 0.00000000E+00 0.00000000E+00 0.00000000E+00
14  5 0.00000000E+00 0.00000000E+00 0.00000000E+00 4.69284455E-01 0.00000000E+00
14  6 0.00000000E+00 3.34589576E-01 0.00000000E+00 0.00000000E+00 0.00000000E+00
14  7 0.00000000E+00 1.47591740E-02 0.00000000E+00-5.53495779E-03 0.00000000E+00
14  8 0.00000000E+00 0.00000000E+00 0.00000000E+00-4.69284455E-01 0.00000000E+00
14  9 0.00000000E+00-3.34589576E-01 0.00000000E+00 0.00000000E+00 0.00000000E+00
14 10 0.00000000E+00 1.47591740E-02 0.00000000E+00 5.53495779E-03
15  1 0.00000000E+00 0.00000000E+00 0.00000000E+00 0.00000000E+00-1.92054555E-02
15  2 0.00000000E+00 0.00000000E+00 4.18140758E-02 0.00000000E+00 0.00000000E+00
15  3 9.34763641E-02 0.00000000E+00 0.00000000E+00 0.00000000E+00 0.00000000E+00
15  4 0.00000000E+00 0.00000000E+00-8.64168811E-02 0.00000000E+00-2.26886066E-03
15  5 8.16763525E-04 3.76745133E-02 2.16031637E-01 0.00000000E+00 4.15358637E-01
15  6 1.58012097E-01 0.00000000E+00 2.90446004E-01 8.49221663E-03 2.24410479E-04
15  7-8.71662711E-03 0.00000000E+00 1.18589099E-02 0.00000000E+00 2.26886066E-03
15  8-8.16763525E-04-3.76745133E-02 2.16031637E-01 0.00000000E+00-4.15358637E-01
15  9 1.58012097E-01 0.00000000E+00-2.90446004E-01-8.49221663E-03-2.24410479E-04
15 10 8.71662711E-03 0.00000000E+00 1.18589099E-02 0.00000000E+00
16  1 2.15170382E-02-9.05279971E-02 1.01918476E-01 4.25294543E-01 0.00000000E+00
16  2 0.00000000E+00 7.37788217E-02 0.00000000E+00 0.00000000E+00-1.80583285E-01
16  3 0.00000000E+00 0.00000000E+00-5.93195813E-02-1.28847882E-01 5.90965873E-02
16  4 6.97512948E-02 0.00000000E+00 0.00000000E+00 0.00000000E+00 4.10017511E-04
16  5-9.48207941E-04-3.56409541E-02-2.10986180E-01 0.00000000E+00 4.07583513E-01
16  6-1.55510638E-01 0.00000000E+00 2.93716267E-01-1.87223612E-03 3.65933085E-03
16  7-1.78709473E-03 0.00000000E+00 9.68844093E-03 0.00000000E+00 4.10017511E-04
16  8-9.48207941E-04-3.56409541E-02 2.10986180E-01 0.00000000E+00 4.07583513E-01
16  9 1.55510638E-01 0.00000000E+00 2.93716267E-01-1.87223612E-03 3.65933085E-03
16 10-1.78709473E-03 0.00000000E+00-9.68844093E-03 0.00000000E+00
17  1 0.00000000E+00 0.00000000E+00 0.00000000E+00 0.00000000E+00 0.00000000E+00
17  2-2.05059136E-01 0.00000000E+00 0.00000000E+00 5.12973282E-01 0.00000000E+00
17  3 0.00000000E+00 3.87572376E-01 0.00000000E+00 0.00000000E+00 0.00000000E+00
17  4 0.00000000E+00 0.00000000E+00 0.00000000E+00-2.20719529E-02 0.00000000E+00
17  5 0.00000000E+00 0.00000000E+00 0.00000000E+00-3.96991702E-01 0.00000000E+00
17  6 0.00000000E+00-3.01719245E-01 0.00000000E+00 0.00000000E+00 0.00000000E+00
17  7 0.00000000E+00-7.61230411E-04 0.00000000E+00 1.19186277E-05 0.00000000E+00
17  8 0.00000000E+00 0.00000000E+00 0.00000000E+00-3.96991702E-01 0.00000000E+00
17  9 0.00000000E+00-3.01719245E-01 0.00000000E+00 0.00000000E+00 0.00000000E+00
17 10 0.00000000E+00 7.61230411E-04 0.00000000E+00 1.19186277E-05
18  1 2.22177224E-02-7.48572765E-02 1.34047750E-01 3.91342383E-01 0.00000000E+00
18  2 0.00000000E+00-1.89834040E-01 0.00000000E+00 0.00000000E+00 4.83721867E-01
18  3 0.00000000E+00 0.00000000E+00 4.56621357E-01-1.02131561E-01 7.87687504E-02
18  4 2.33628106E-02 0.00000000E+00 0.00000000E+00 0.00000000E+00 2.40482044E-02
18  5-5.00187945E-02-1.66498614E-01-3.76573125E-01 0.00000000E+00-1.56308748E-01
18  6-3.09482976E-01 0.00000000E+00-1.19773412E-01 1.31393762E-04 1.49020326E-03
18  7-1.62159702E-03 0.00000000E+00 4.25492872E-03 0.00000000E+00 2.40482044E-02
18  8-5.00187945E-02-1.66498614E-01 3.76573125E-01 0.00000000E+00-1.56308748E-01
18  9 3.09482976E-01 0.00000000E+00-1.19773412E-01 1.31393762E-04 1.49020326E-03
18 10-1.62159702E-03 0.00000000E+00-4.25492872E-03 0.00000000E+00
19  1 0.00000000E+00 0.00000000E+00 0.00000000E+00 0.00000000E+00-2.20694604E-01
19  2 0.00000000E+00 0.00000000E+00 5.75217669E-01 0.00000000E+00 0.00000000E+00
19  3 9.66134052E-01 0.00000000E+00 0.00000000E+00 0.00000000E+00 0.00000000E+00
19  4 0.00000000E+00 0.00000000E+00-1.49501133E-01 0.00000000E+00-5.56609860E-02
19  5 9.93025711E-02 4.88830135E-01 2.40655424E-01 0.00000000E+00-2.32547069E-01
19  6 3.04886568E-01 0.00000000E+00-2.15352986E-01 4.39880759E-03 1.13148081E-03
19  7-5.53028840E-03 0.00000000E+00 6.44271573E-03 0.00000000E+00 5.56609860E-02
19  8-9.93025711E-02-4.88830135E-01 2.40655424E-01 0.00000000E+00 2.32547069E-01
19  9 3.04886568E-01 0.00000000E+00 2.15352986E-01-4.39880759E-03-1.13148081E-03
19 10 5.53028840E-03 0.00000000E+00 6.44271573E-03 0.00000000E+00
20  1 0.00000000E+00 0.00000000E+00 0.00000000E+00 0.00000000E+00 2.76214732E-01
20  2 0.00000000E+00 0.00000000E+00-1.05249875E+00 0.00000000E+00 0.00000000E+00
20  3 1.61169065E+00 0.00000000E+00 0.00000000E+00 0.00000000E+00 0.00000000E+00
20  4 0.00000000E+00 0.00000000E+00-6.07195809E-02 0.00000000E+00-1.79138078E-02
20  5-2.63981966E-02 5.68583487E-01-2.63472270E-01 0.00000000E+00 9.83767077E-03
20  6 1.79802998E-01 0.00000000E+00-1.02981337E-01 4.21399148E-02-2.46793219E-02
20  7-1.74605929E-02 0.00000000E+00-2.60839771E-02 0.00000000E+00 1.79138078E-02
20  8 2.63981966E-02-5.68583487E-01-2.63472270E-01 0.00000000E+00-9.83767077E-03
20  9 1.79802998E-01 0.00000000E+00 1.02981337E-01-4.21399148E-02 2.46793219E-02
20 10 1.74605929E-02 0.00000000E+00-2.60839771E-02 0.00000000E+00
21  1-2.61517470E-02-1.28050238E-01-4.45257402E-01 7.20345199E-01 0.00000000E+00
21  2 0.00000000E+00 2.75187227E-01 0.00000000E+00 0.00000000E+00-1.06668450E+00
21  3 0.00000000E+00 0.00000000E+00 1.27918346E+00 1.05055507E-02 1.41595069E-01
21  4-1.52100619E-01 0.00000000E+00 0.00000000E+00 0.00000000E+00 1.19056449E-02
21  5-6.12080494E-03-2.58437073E-01 6.78959298E-02 0.00000000E+00-1.23065215E-01
21  6-1.63256796E-01 0.00000000E+00-4.24003632E-02-3.29722766E-02 1.81947295E-02
21  7 1.47775471E-02 0.00000000E+00 6.33347435E-03 0.00000000E+00 1.19056449E-02
21  8-6.12080494E-03-2.58437073E-01-6.78959298E-02 0.00000000E+00-1.23065215E-01
21  9 1.63256796E-01 0.00000000E+00-4.24003632E-02-3.29722766E-02 1.81947295E-02
21 10 1.47775471E-02 0.00000000E+00-6.33347435E-03 0.00000000E+00
22  1 0.00000000E+00 0.00000000E+00 0.00000000E+00 0.00000000E+00 0.00000000E+00
22  2 2.91723233E-01 0.00000000E+00 0.00000000E+00-1.13134382E+00 0.00000000E+00
22  3 0.00000000E+00 1.23977840E+00 0.00000000E+00 0.00000000E+00 0.00000000E+00
22  4 0.00000000E+00 0.00000000E+00 0.00000000E+00-1.55631842E-01 0.00000000E+00
22  5 0.00000000E+00 0.00000000E+00 0.00000000E+00-8.47124976E-02 0.00000000E+00
22  6 0.00000000E+00-9.91789426E-02 0.00000000E+00 0.00000000E+00 0.00000000E+00
22  7 0.00000000E+00-1.57889425E-02 0.00000000E+00 2.89400154E-03 0.00000000E+00
22  8 0.00000000E+00 0.00000000E+00 0.00000000E+00-8.47124976E-02 0.00000000E+00
22  9 0.00000000E+00-9.91789426E-02 0.00000000E+00 0.00000000E+00 0.00000000E+00
22 10 0.00000000E+00 1.57889425E-02 0.00000000E+00 2.89400154E-03
23  1-1.09355764E-01-3.78665281E-01-1.66762161E+00 1.96436467E+00 0.00000000E+00
23  2 0.00000000E+00-7.93161062E-02 0.00000000E+00 0.00000000E+00 3.05509325E-01
23  3 0.00000000E+00 0.00000000E+00-2.27697522E-01-2.47271199E-01 1.19829491E-01
23  4 1.27441707E-01 0.00000000E+00 0.00000000E+00 0.00000000E+00 1.04236280E-02
23  5-2.63992480E-02-1.95207728E-01 7.85705548E-02 0.00000000E+00-8.32348542E-02
23  6-1.17063788E-01 0.00000000E+00 8.35195731E-02-3.05876159E-02 2.37986504E-02
23  7 6.78896545E-03 0.00000000E+00 3.64867981E-02 0.00000000E+00 1.04236280E-02
23  8-2.63992480E-02-1.95207728E-01-7.85705548E-02 0.00000000E+00-8.32348542E-02
23  9 1.17063788E-01 0.00000000E+00 8.35195731E-02-3.05876159E-02 2.37986504E-02
23 10 6.78896545E-03 0.00000000E+00-3.64867981E-02 0.00000000E+00
24  1 0.00000000E+00 0.00000000E+00 0.00000000E+00 0.00000000E+00 0.00000000E+00
24  2 0.00000000E+00 0.00000000E+00 0.00000000E+00 0.00000000E+00 0.00000000E+00
24  3 0.00000000E+00 0.00000000E+00 0.00000000E+00 0.00000000E+00 0.00000000E+00
24  4 0.00000000E+00 8.46206075E-01 0.00000000E+00 0.00000000E+00 0.00000000E+00
24  5 0.00000000E+00 0.00000000E+00 0.00000000E+00 3.51458978E-01 0.00000000E+00
24  6 0.00000000E+00-1.80201703E-01 0.00000000E+00 0.00000000E+00 0.00000000E+00
24  7 0.00000000E+00-5.42789395E-02 0.00000000E+00 2.58911224E-02 0.00000000E+00
24  8 0.00000000E+00 0.00000000E+00 0.00000000E+00-3.51458978E-01 0.00000000E+00
24  9 0.00000000E+00 1.80201703E-01 0.00000000E+00 0.00000000E+00 0.00000000E+00
24 10 0.00000000E+00-5.42789395E-02 0.00000000E+00-2.58911224E-02
25  1 0.00000000E+00 0.00000000E+00 0.00000000E+00 0.00000000E+00 0.00000000E+00
25  2 4.66544252E-02 0.00000000E+00 0.00000000E+00-1.76751865E-01 0.00000000E+00
25  3 0.00000000E+00 1.35962749E-01 0.00000000E+00 0.00000000E+00 0.00000000E+00
25  4 0.00000000E+00 0.00000000E+00 0.00000000E+00 9.57372520E-01 0.00000000E+00
25  5 0.00000000E+00 0.00000000E+00 0.00000000E+00-1.67365801E-01 0.00000000E+00
25  6 0.00000000E+00 8.39394145E-02 0.00000000E+00 0.00000000E+00 0.00000000E+00
25  7 0.00000000E+00 2.75024252E-02 0.00000000E+00 1.05259596E-02 0.00000000E+00
25  8 0.00000000E+00 0.00000000E+00 0.00000000E+00-1.67365801E-01 0.00000000E+00
25  9 0.00000000E+00 8.39394145E-02 0.00000000E+00 0.00000000E+00 0.00000000E+00
25 10 0.00000000E+00-2.75024252E-02 0.00000000E+00 1.05259596E-02
26  1 2.52952359E-03 4.79766186E-03 3.35610333E-02-2.40408786E-02 0.00000000E+00
26  2 0.00000000E+00 5.16814186E-02 0.00000000E+00 0.00000000E+00-1.96033568E-01
26  3 0.00000000E+00 0.00000000E+00 1.57597084E-01-1.06364571E-01-7.61670329E-01
26  4 8.68034901E-01 0.00000000E+00 0.00000000E+00 0.00000000E+00 4.30883356E-05
26  5 1.89893962E-03-1.49915757E-02-5.53229035E-02 0.00000000E+00-1.79021084E-01
26  6 3.00461960E-02 0.00000000E+00 8.71337693E-02 1.35732370E-02-1.49996734E-02
26  7 1.42643649E-03 0.00000000E+00 2.64568388E-02 0.00000000E+00 4.30883356E-05
26  8 1.89893962E-03-1.49915757E-02 5.53229035E-02 0.00000000E+00-1.79021084E-01
26  9-3.00461960E-02 0.00000000E+00 8.71337693E-02 1.35732370E-02-1.49996734E-02
26 10 1.42643649E-03 0.00000000E+00-2.64568388E-02 0.00000000E+00
27  1 0.00000000E+00 0.00000000E+00 0.00000000E+00 0.00000000E+00-2.63842213E-02
27  2 0.00000000E+00 0.00000000E+00 8.74689970E-02 0.00000000E+00 0.00000000E+00
27  3 7.42757365E-01 0.00000000E+00 0.00000000E+00 0.00000000E+00 0.00000000E+00
27  4 0.00000000E+00 0.00000000E+00 8.68706346E-01 0.00000000E+00-5.16848670E-02
27  5 2.12577231E-01 2.86209229E-01 6.05396812E-02 0.00000000E+00 2.80431735E-01
27  6 3.64753879E-01 0.00000000E+00-3.75417934E-01-3.67136974E-02 6.12470718E-04
27  7 3.61012266E-02 0.00000000E+00-3.09779642E-02 0.00000000E+00 5.16848670E-02
27  8-2.12577231E-01-2.86209229E-01 6.05396812E-02 0.00000000E+00-2.80431735E-01
27  9 3.64753879E-01 0.00000000E+00 3.75417934E-01 3.67136974E-02-6.12470718E-04
27 10-3.61012266E-02 0.00000000E+00-3.09779642E-02 0.00000000E+00
28  1-1.78537294E-02-1.60138617E-01-3.89052616E-01 1.29722521E+00 0.00000000E+00
28  2 0.00000000E+00-3.75387614E-02 0.00000000E+00 0.00000000E+00 1.60920886E-01
28  3 0.00000000E+00 0.00000000E+00 2.74991454E-01 7.92009616E-01-5.49578621E-01
28  4-2.42430996E-01 0.00000000E+00 0.00000000E+00 0.00000000E+00 6.16423769E-02
28  5-3.01875735E-01-1.96926180E-01 2.65559611E-01 0.00000000E+00 7.30018532E-02
28  6-8.30201940E-01 0.00000000E+00 1.21477524E-01 6.96733697E-03-1.74919089E-02
28  7 1.05245720E-02 0.00000000E+00-2.92306654E-02 0.00000000E+00 6.16423769E-02
28  8-3.01875735E-01-1.96926180E-01-2.65559611E-01 0.00000000E+00 7.30018532E-02
28  9 8.30201940E-01 0.00000000E+00 1.21477524E-01 6.96733697E-03-1.74919089E-02
28 10 1.05245720E-02 0.00000000E+00 2.92306654E-02 0.00000000E+00
29  1 0.00000000E+00 0.00000000E+00 0.00000000E+00 0.00000000E+00-6.42195521E-02
29  2 0.00000000E+00 0.00000000E+00 3.72546998E-01 0.00000000E+00 0.00000000E+00
29  3-2.04450682E-01 0.00000000E+00 0.00000000E+00 0.00000000E+00 0.00000000E+00
29  4 0.00000000E+00 0.00000000E+00 3.03994746E-01 0.00000000E+00-1.20354870E-02
29  5 4.40974098E-02-1.96465836E-02-4.55313708E-01 0.00000000E+00-3.69583168E-01
29  6 7.05960401E-01 0.00000000E+00 4.26635239E-01-4.91666886E-02 2.10026392E-02
29  7 2.81640494E-02 0.00000000E+00 5.80597500E-03 0.00000000E+00 1.20354870E-02
29  8-4.40974098E-02 1.96465836E-02-4.55313708E-01 0.00000000E+00 3.69583168E-01
29  9 7.05960401E-01 0.00000000E+00-4.26635239E-01 4.91666886E-02-2.10026392E-02
29 10-2.81640494E-02 0.00000000E+00 5.80597500E-03 0.00000000E+00
30  1 0.00000000E+00 0.00000000E+00 0.00000000E+00 0.00000000E+00 0.00000000E+00
30  2 0.00000000E+00 0.00000000E+00 0.00000000E+00 0.00000000E+00 0.00000000E+00
30  3 0.00000000E+00 0.00000000E+00 0.00000000E+00 0.00000000E+00 0.00000000E+00
30  4 0.00000000E+00 5.48070067E-01 0.00000000E+00 0.00000000E+00 0.00000000E+00
30  5 0.00000000E+00 0.00000000E+00 0.00000000E+00-5.48748065E-01 0.00000000E+00
30  6 0.00000000E+00 7.45230983E-01 0.00000000E+00 0.00000000E+00 0.00000000E+00
30  7 0.00000000E+00-5.57649230E-02 0.00000000E+00 2.52548102E-02 0.00000000E+00
30  8 0.00000000E+00 0.00000000E+00 0.00000000E+00 5.48748065E-01 0.00000000E+00
30  9 0.00000000E+00-7.45230983E-01 0.00000000E+00 0.00000000E+00 0.00000000E+00
30 10 0.00000000E+00-5.57649230E-02 0.00000000E+00-2.52548102E-02
31  1 2.23613231E-02 9.07259072E-02 3.69967083E-01-1.31435791E-01 0.00000000E+00
31  2 0.00000000E+00-3.69022375E-02 0.00000000E+00 0.00000000E+00 2.13645045E-01
31  3 0.00000000E+00 0.00000000E+00-5.24621337E-01 2.29165056E-02 1.92910355E-01
31  4-2.15826861E-01 0.00000000E+00 0.00000000E+00 0.00000000E+00-2.10124642E-03
31  5 3.52907658E-02 3.23272734E-02 1.18867273E-01 0.00000000E+00-5.98896406E-01
31  6-1.27337811E-01 0.00000000E+00 8.20687681E-01 1.40411106E-02-1.05397359E-02
31  7-3.50137478E-03 0.00000000E+00-3.73677070E-02 0.00000000E+00-2.10124642E-03
31  8 3.52907658E-02 3.23272734E-02-1.18867273E-01 0.00000000E+00-5.98896406E-01
31  9 1.27337811E-01 0.00000000E+00 8.20687681E-01 1.40411106E-02-1.05397359E-02
31 10-3.50137478E-03 0.00000000E+00 3.73677070E-02 0.00000000E+00
32  1 0.00000000E+00 0.00000000E+00 0.00000000E+00 0.00000000E+00 0.00000000E+00
32  2-2.72078437E-02 0.00000000E+00 0.00000000E+00 1.41268544E-01 0.00000000E+00
32  3 0.00000000E+00-5.91291817E-01 0.00000000E+00 0.00000000E+00 0.00000000E+00
32  4 0.00000000E+00 0.00000000E+00 0.00000000E+00-2.48346995E-01 0.00000000E+00
32  5 0.00000000E+00 0.00000000E+00 0.00000000E+00-6.14169863E-01 0.00000000E+00
32  6 0.00000000E+00 8.69284370E-01 0.00000000E+00 0.00000000E+00 0.00000000E+00
32  7 0.00000000E+00-3.19346797E-02 0.00000000E+00 3.86369399E-03 0.00000000E+00
32  8 0.00000000E+00 0.00000000E+00 0.00000000E+00-6.14169863E-01 0.00000000E+00
32  9 0.00000000E+00 8.69284370E-01 0.00000000E+00 0.00000000E+00 0.00000000E+00
32 10 0.00000000E+00 3.19346797E-02 0.00000000E+00 3.86369399E-03
33  1 0.00000000E+00 0.00000000E+00 0.00000000E+00 0.00000000E+00 6.53133200E-02
33  2 0.00000000E+00 0.00000000E+00-4.17161148E-01 0.00000000E+00 0.00000000E+00
33  3 1.52963209E-01 0.00000000E+00 0.00000000E+00 0.00000000E+00 0.00000000E+00
33  4 0.00000000E+00 0.00000000E+00 4.61932774E-01 0.00000000E+00 4.16946653E-03
33  5-8.19059693E-02 1.24006985E-01 3.95662142E-01 0.00000000E+00-4.26454545E-01
33  6-4.57936031E-01 0.00000000E+00 5.71886319E-01-3.32816430E-03-1.90829786E-02
33  7 2.24111429E-02 0.00000000E+00-5.37636988E-02 0.00000000E+00-4.16946653E-03
33  8 8.19059693E-02-1.24006985E-01 3.95662142E-01 0.00000000E+00 4.26454545E-01
33  9-4.57936031E-01 0.00000000E+00-5.71886319E-01 3.32816430E-03 1.90829786E-02
33 10-2.24111429E-02 0.00000000E+00-5.37636988E-02 0.00000000E+00
34  1-3.36780920E-02-1.55883742E-01-5.78642077E-01 4.28962840E-01 0.00000000E+00
34  2 0.00000000E+00-5.12328951E-03 0.00000000E+00 0.00000000E+00-2.02766011E-02
34  3 0.00000000E+00 0.00000000E+00-1.63207860E-01 6.59441876E-01-2.99612563E-01
34  4-3.59829313E-01 0.00000000E+00 0.00000000E+00 0.00000000E+00 1.33096239E-02
34  5-8.00177882E-03-1.27378606E-01-5.52122496E-01 0.00000000E+00-7.23250495E-02
34  6 5.20037355E-01 0.00000000E+00 2.52920298E-01-3.43454772E-02-6.83071496E-04
34  7 3.50285487E-02 0.00000000E+00-4.36392956E-02 0.00000000E+00 1.33096239E-02
34  8-8.00177882E-03-1.27378606E-01 5.52122496E-01 0.00000000E+00-7.23250495E-02
34  9-5.20037355E-01 0.00000000E+00 2.52920298E-01-3.43454772E-02-6.83071496E-04
34 10 3.50285487E-02 0.00000000E+00 4.36392956E-02 0.00000000E+00
35  1-2.21228299E-02-2.34937176E-01-5.24393626E-01 1.65065718E+00 0.00000000E+00
35  2 0.00000000E+00-1.03621946E-02 0.00000000E+00 0.00000000E+00 5.85313796E-02
35  3 0.00000000E+00 0.00000000E+00 4.88273539E-01 3.78863279E-01-2.59007672E-01
35  4-1.19855607E-01 0.00000000E+00 0.00000000E+00 0.00000000E+00-9.89280930E-03
35  5 1.12354561E+00-1.58595045E+00 1.02977813E-01 0.00000000E+00 3.78838285E-02
35  6-6.22290049E-01 0.00000000E+00 4.70466734E-02 1.83929885E-01-1.13955116E-01
35  7-6.99747695E-02 0.00000000E+00-9.52146771E-02 0.00000000E+00-9.89280930E-03
35  8 1.12354561E+00-1.58595045E+00-1.02977813E-01 0.00000000E+00 3.78838285E-02
35  9 6.22290049E-01 0.00000000E+00 4.70466734E-02 1.83929885E-01-1.13955116E-01
35 10-6.99747695E-02 0.00000000E+00 9.52146771E-02 0.00000000E+00
36  1 0.00000000E+00 0.00000000E+00 0.00000000E+00 0.00000000E+00-2.66598346E-02
36  2 0.00000000E+00 0.00000000E+00 1.40286800E-01 0.00000000E+00 0.00000000E+00
36  3 1.35484423E+00 0.00000000E+00 0.00000000E+00 0.00000000E+00 0.00000000E+00
36  4 0.00000000E+00 0.00000000E+00 2.96523959E-01 0.00000000E+00 5.37100907E-03
36  5-1.20809148E+00 1.87682213E+00-4.85272101E-02 0.00000000E+00 9.21746878E-02
36  6 4.78695960E-01 0.00000000E+00-3.47423704E-01-1.65692401E-01 9.63488003E-02
36  7 6.93436008E-02 0.00000000E+00 1.17271104E-01 0.00000000E+00-5.37100907E-03
36  8 1.20809148E+00-1.87682213E+00-4.85272101E-02 0.00000000E+00-9.21746878E-02
36  9 4.78695960E-01 0.00000000E+00 3.47423704E-01 1.65692401E-01-9.63488003E-02
36 10-6.93436008E-02 0.00000000E+00 1.17271104E-01 0.00000000E+00
37  1 0.00000000E+00 0.00000000E+00 0.00000000E+00 0.00000000E+00-5.12851026E-04
37  2 0.00000000E+00 0.00000000E+00-4.30256434E-04 0.00000000E+00 0.00000000E+00
37  3 2.41540228E-02 0.00000000E+00 0.00000000E+00 0.00000000E+00 0.00000000E+00
37  4 0.00000000E+00 0.00000000E+00-2.64564606E-02 0.00000000E+00 5.05306707E-04
37  5-1.34832206E-02 1.98785347E-02-1.78285785E-04 0.00000000E+00 7.19899337E-03
37  6 2.84308893E-04 0.00000000E+00-1.20088763E-02-1.47985134E-01 6.06086592E-01
37  7-4.58101458E-01 0.00000000E+00-3.17425840E-01 0.00000000E+00-5.05306707E-04
37  8 1.34832206E-02-1.98785347E-02-1.78285785E-04 0.00000000E+00-7.19899337E-03
37  9 2.84308893E-04 0.00000000E+00 1.20088763E-02 1.47985134E-01-6.06086592E-01
37 10 4.58101458E-01 0.00000000E+00-3.17425840E-01 0.00000000E+00
38  1 0.00000000E+00 0.00000000E+00 0.00000000E+00 0.00000000E+00 0.00000000E+00
38  2 0.00000000E+00 0.00000000E+00 0.00000000E+00 0.00000000E+00 0.00000000E+00
38  3 0.00000000E+00 0.00000000E+00 0.00000000E+00 0.00000000E+00 0.00000000E+00
38  4 0.00000000E+00 2.54162609E-02 0.00000000E+00 0.00000000E+00 0.00000000E+00
38  5 0.00000000E+00 0.00000000E+00 0.00000000E+00-4.38328652E-03 0.00000000E+00
38  6 0.00000000E+00 7.23496867E-03 0.00000000E+00 0.00000000E+00 0.00000000E+00
38  7 0.00000000E+00 3.36589835E-01 0.00000000E+00 6.21956424E-01 0.00000000E+00
38  8 0.00000000E+00 0.00000000E+00 0.00000000E+00 4.38328652E-03 0.00000000E+00
38  9 0.00000000E+00-7.23496867E-03 0.00000000E+00 0.00000000E+00 0.00000000E+00
38 10 0.00000000E+00 3.36589835E-01 0.00000000E+00-6.21956424E-01
39  1 0.00000000E+00 0.00000000E+00 0.00000000E+00 0.00000000E+00 0.00000000E+00
39  2-9.18827232E-03 0.00000000E+00 0.00000000E+00 2.10244983E-02 0.00000000E+00
39  3 0.00000000E+00 4.12092244E-02 0.00000000E+00 0.00000000E+00 0.00000000E+00
39  4 0.00000000E+00 0.00000000E+00 0.00000000E+00-1.46502055E-02 0.00000000E+00
39  5 0.00000000E+00 0.00000000E+00 0.00000000E+00 1.37569831E-02 0.00000000E+00
39  6 0.00000000E+00-2.35717386E-02 0.00000000E+00 0.00000000E+00 0.00000000E+00
39  7 0.00000000E+00 2.76909870E-03 0.00000000E+00 7.07635136E-01 0.00000000E+00
39  8 0.00000000E+00 0.00000000E+00 0.00000000E+00 1.37569831E-02 0.00000000E+00
39  9 0.00000000E+00-2.35717386E-02 0.00000000E+00 0.00000000E+00 0.00000000E+00
39 10 0.00000000E+00-2.76909870E-03 0.00000000E+00 7.07635136E-01
40  1-1.19670396E-03-3.16819854E-03-1.73908851E-02 1.34706663E-02 0.00000000E+00
40  2 0.00000000E+00 3.55110305E-03 0.00000000E+00 0.00000000E+00-1.17898712E-02
40  3 0.00000000E+00 0.00000000E+00 8.27411711E-04 1.37428175E-02-5.00169779E-02
40  4 3.62741604E-02 0.00000000E+00 0.00000000E+00 0.00000000E+00 8.61585125E-04
40  5-3.03617707E-03-3.43402146E-03-6.33132703E-03 0.00000000E+00 9.93024109E-04
40  6 3.32113782E-03 0.00000000E+00-1.27071025E-03-2.27119677E-02 5.98222590E-01
40  7-5.75510622E-01 0.00000000E+00-2.00471287E-01 0.00000000E+00 8.61585125E-04
40  8-3.03617707E-03-3.43402146E-03 6.33132703E-03 0.00000000E+00 9.93024109E-04
40  9-3.32113782E-03 0.00000000E+00-1.27071025E-03-2.27119677E-02 5.98222590E-01
40 10-5.75510622E-01 0.00000000E+00 2.00471287E-01 0.00000000E+00
41  1 0.00000000E+00 0.00000000E+00 0.00000000E+00 0.00000000E+00 0.00000000E+00
41  2 2.43996357E-02 0.00000000E+00 0.00000000E+00-5.17743404E-02 0.00000000E+00
41  3 0.00000000E+00-1.38522695E-01 0.00000000E+00 0.00000000E+00 0.00000000E+00
41  4 0.00000000E+00 0.00000000E+00 0.00000000E+00-1.34816158E-01 0.00000000E+00
41  5 0.00000000E+00 0.00000000E+00 0.00000000E+00-4.75857704E-02 0.00000000E+00
41  6 0.00000000E+00 9.32318852E-02 0.00000000E+00 0.00000000E+00 0.00000000E+00
41  7 0.00000000E+00 7.12883859E-01 0.00000000E+00-6.35714108E-03 0.00000000E+00
41  8 0.00000000E+00 0.00000000E+00 0.00000000E+00-4.75857704E-02 0.00000000E+00
41  9 0.00000000E+00 9.32318852E-02 0.00000000E+00 0.00000000E+00 0.00000000E+00
41 10 0.00000000E+00-7.12883859E-01 0.00000000E+00-6.35714108E-03
42  1 0.00000000E+00 0.00000000E+00 0.00000000E+00 0.00000000E+00 3.97256634E-02
42  2 0.00000000E+00 0.00000000E+00-1.55098647E-01 0.00000000E+00 0.00000000E+00
42  3-9.27516147E-02 0.00000000E+00 0.00000000E+00 0.00000000E+00 0.00000000E+00
42  4 0.00000000E+00 0.00000000E+00 1.94289670E-01 0.00000000E+00-8.22793541E-04
42  5 1.16444273E-01-1.64377152E-01 3.22699216E-02 0.00000000E+00-4.94697192E-02
42  6-6.66767871E-02 0.00000000E+00 9.67441784E-02 2.61639092E-01 1.72790558E-01
42  7-4.34429650E-01 0.00000000E+00 5.58818602E-01 0.00000000E+00 8.22793541E-04
42  8-1.16444273E-01 1.64377152E-01 3.22699216E-02 0.00000000E+00 4.94697192E-02
42  9-6.66767871E-02 0.00000000E+00-9.67441784E-02-2.61639092E-01-1.72790558E-01
42 10 4.34429650E-01 0.00000000E+00 5.58818602E-01 0.00000000E+00
43  1-3.26278631E-03 2.61097876E-02-6.39791588E-03-2.21427803E-01 0.00000000E+00
43  2 0.00000000E+00 3.46340677E-02 0.00000000E+00 0.00000000E+00-9.69751813E-02
43  3 0.00000000E+00 0.00000000E+00-1.98435977E-01 8.25738422E-02 7.62836108E-02
43  4-1.58857453E-01 0.00000000E+00 0.00000000E+00 0.00000000E+00 8.44243719E-04
43  5-1.56883947E-01 2.32429973E-01-6.57716392E-02 0.00000000E+00-3.76754974E-02
43  6 1.65156140E-01 0.00000000E+00 7.54025270E-02 4.97848267E-01-1.10281361E-01
43  7-3.87566906E-01 0.00000000E+00 4.82965588E-01 0.00000000E+00 8.44243719E-04
43  8-1.56883947E-01 2.32429973E-01 6.57716392E-02 0.00000000E+00-3.76754974E-02
43  9-1.65156140E-01 0.00000000E+00 7.54025270E-02 4.97848267E-01-1.10281361E-01
43 10-3.87566906E-01 0.00000000E+00-4.82965588E-01 0.00000000E+00
44  1 0.00000000E+00 0.00000000E+00 0.00000000E+00 0.00000000E+00 0.00000000E+00
44  2 0.00000000E+00 0.00000000E+00 0.00000000E+00 0.00000000E+00 0.00000000E+00
44  3 0.00000000E+00 0.00000000E+00 0.00000000E+00 0.00000000E+00 0.00000000E+00
44  4 0.00000000E+00 3.26784917E-01 0.00000000E+00 0.00000000E+00 0.00000000E+00
44  5 0.00000000E+00 0.00000000E+00 0.00000000E+00-3.88980432E-02 0.00000000E+00
44  6 0.00000000E+00 8.83891392E-02 0.00000000E+00 0.00000000E+00 0.00000000E+00
44  7 0.00000000E+00 6.30000757E-01 0.00000000E+00-3.38927842E-01 0.00000000E+00
44  8 0.00000000E+00 0.00000000E+00 0.00000000E+00 3.88980432E-02 0.00000000E+00
44  9 0.00000000E+00-8.83891392E-02 0.00000000E+00 0.00000000E+00 0.00000000E+00
44 10 0.00000000E+00 6.30000757E-01 0.00000000E+00 3.38927842E-01
45  1 0.00000000E+00 0.00000000E+00 0.00000000E+00 0.00000000E+00-1.62899449E-01
45  2 0.00000000E+00 0.00000000E+00 6.78178986E-01 0.00000000E+00 0.00000000E+00
45  3 4.11533244E-01 0.00000000E+00 0.00000000E+00 0.00000000E+00 0.00000000E+00
45  4 0.00000000E+00 0.00000000E+00 4.45172572E-01 0.00000000E+00-1.33276880E-02
45  5-4.93915449E-01 8.50767102E-01-6.94554541E-02 0.00000000E+00 2.85082433E-02
45  6 4.68379193E-01 0.00000000E+00-1.68321538E-01 6.71908423E-01-3.35141867E-01
45  7-3.36766556E-01 0.00000000E+00-3.02406457E-01 0.00000000E+00 1.33276880E-02
45  8 4.93915449E-01-8.50767102E-01-6.94554541E-02 0.00000000E+00-2.85082433E-02
45  9 4.68379193E-01 0.00000000E+00 1.68321538E-01-6.71908423E-01 3.35141867E-01
45 10 3.36766556E-01 0.00000000E+00-3.02406457E-01 0.00000000E+00
46  1 1.66565712E-02-1.36537134E-01 2.43008013E-02 1.04985817E+00 0.00000000E+00
46  2 0.00000000E+00-6.03425536E-02 0.00000000E+00 0.00000000E+00 2.60633277E-01
46  3 0.00000000E+00 0.00000000E+00 1.61223267E-01 6.87356835E-01-3.97487767E-01
46  4-2.89869068E-01 0.00000000E+00 0.00000000E+00 0.00000000E+00 1.77551493E-02
46  5 5.25551601E-01-9.29468497E-01 6.18919656E-02 0.00000000E+00-2.02943319E-02
46  6-5.51459363E-01 0.00000000E+00 2.04802718E-01-5.29326027E-01 3.79856308E-01
46  7 1.49469719E-01 0.00000000E+00 5.17289669E-01 0.00000000E+00 1.77551493E-02
46  8 5.25551601E-01-9.29468497E-01-6.18919656E-02 0.00000000E+00-2.02943319E-02
46  9 5.51459363E-01 0.00000000E+00 2.04802718E-01-5.29326027E-01 3.79856308E-01
46 10 1.49469719E-01 0.00000000E+00-5.17289669E-01 0.00000000E+00
 $END   
 POPULATION ANALYSIS
S           15.20369   0.79631  15.25240   0.74760
O            8.39815  -0.39815   8.37380  -0.37380
O            8.39815  -0.39815   8.37380  -0.37380
 MOMENTS AT POINT    1 X,Y,Z=  0.000000  0.000000  0.000000
 DIPOLE       0.000000  0.000000 -1.246618
