   1   4   1   0  0.1820629E+02  0.1000000E-03
  CAR 
 Au, FCC                                 
   0   0   0
   1   1
 256 256 256
 256
  0.1000000E-09
  0.6250000E-11
   4
  0.3500000E-15  0.4176000E-09  0.4176000E-09  0.4176000E-09
  0.0000000E+00  0.0000000E+00
  0.000
  0.000
  0.000
  0.000
  0.000
  0.000
  0.000
  0.000
  0.000
  0.000
  0.000
  0.000
  0.000
  0.000
  0.000
  0.000
  0.000
  0.000
  0.000
  0.000
  0.000
  0.000
  0.000
  0.000
  0.000
  0.000
  0.000
  0.000
  0.000
  0.000
  0.000
  0.000
  0.000
  0.000
  0.000
  0.000
  0.000
  0.000
  0.000
  0.000
  0.000
  0.000
  0.000
  5.645
  0.000
  0.000
  0.000
 22.093
  0.000
  0.000
  0.000
  4.027
  0.000
  0.000
  0.000
  0.000
  0.000
  0.000
  0.000
  0.000
  0.000
  0.000
  0.000
  0.000
  0.000
  0.000
  0.000
  0.000
  0.000
  0.000
  0.000
  0.000
  0.000
  0.000
  0.000
  0.000
  0.000
  1.778
  0.000
  3.380
  0.000
 11.793
  0.000
  0.000
  2.992
  0.000
  1.428
  0.000
  0.000
  0.000
  0.000
  0.000
  0.000
  0.000
  0.000
  0.000
  0.000
  0.000
  0.000
  0.000
  1.058
  0.000
  0.000
  0.000
  0.978
  8.957
  0.000
  0.924
  0.000
  0.000
  0.875
  0.000
  0.000
  0.000
  0.000
  0.000
  0.000
  0.000
  0.000
  0.000
  1.471
  0.000
  1.424
  1.401
  0.000
  9.947
  1.335
  0.000
  1.294
  1.274
  0.000
  0.000
  0.000
  0.000
  0.000
  0.000
  0.573
  0.565
  0.000
  0.000
  1.082
  6.402
  0.000
  1.037
  0.000
  0.505
  0.000
  0.491
  0.000
  0.000
  0.000
  0.000
  0.000
  0.907
  0.447
  0.000
  3.198
  0.000
  0.000
  0.420
  0.829
  0.000
  0.000
  0.000
  0.395
  0.780
  0.000
  0.761
  0.000
  1.115
  8.819
  1.090
  0.000
  0.710
  0.702
  0.347
  0.000
  0.678
  0.000
  0.000
  0.000
  0.649
  5.345
  0.000
  0.628
  0.621
  0.000
  0.000
  0.601
  0.000
  0.294
  1.165
  0.000
  0.000
  4.706
  0.000
  0.000
  0.822
  0.271
  0.268
  0.266
  0.526
  0.000
  0.516
  0.511
  6.071
  0.501
  0.496
  0.491
  0.000
  0.482
  0.239
  0.473
  0.469
  0.000
  0.460
  3.342
  0.452
  0.000
  0.000
  0.879
  0.435
  0.000
  0.000
  0.424
  0.420
  3.054
  0.413
  0.000
  0.406
  0.201
  0.399
  0.593
  0.784
  0.000
  0.193
  5.475
  0.189
  0.376
  0.372
  1.108
  0.549
  0.000
  0.360
  0.893
  5.199
  0.352
  0.872
  0.000
  0.515
  0.511
  0.000
  0.168
  0.000
  1.539
  0.000
  0.0000000E+00  0.0000000E+00
  0.000
  0.000
  0.000
  0.000
  0.000
  0.000
  0.000
  0.000
  0.000
  0.000
  0.000
  0.000
  0.000
  0.000
  0.000
  0.000
  0.000
  0.000
  0.000
  0.000
  0.000
  0.000
  0.000
  0.000
  0.000
  0.000
  0.000
  0.000
  0.000
  0.000
  0.000
  0.000
  0.000
  0.000
  0.000
  0.000
  0.000
  0.000
  0.000
  0.000
  0.000
  0.000
  0.000
  6.272
  0.000
  0.000
  0.000
 21.041
  0.000
  0.000
  0.000
  4.475
  0.000
  0.000
  0.000
  0.000
  0.000
  0.000
  0.000
  0.000
  0.000
  0.000
  0.000
  0.000
  0.000
  0.000
  0.000
  0.000
  0.000
  0.000
  0.000
  0.000
  0.000
  0.000
  0.000
  0.000
  0.000
  1.976
  0.000
  3.756
  0.000
 10.721
  0.000
  0.000
  3.324
  0.000
  1.586
  0.000
  0.000
  0.000
  0.000
  0.000
  0.000
  0.000
  0.000
  0.000
  0.000
  0.000
  0.000
  0.000
  1.175
  0.000
  0.000
  0.000
  1.087
  8.531
  0.000
  1.027
  0.000
  0.000
  0.972
  0.000
  0.000
  0.000
  0.000
  0.000
  0.000
  0.000
  0.000
  0.000
  1.635
  0.000
  1.582
  1.556
  0.000
  9.043
  1.483
  0.000
  1.438
  1.415
  0.000
  0.000
  0.000
  0.000
  0.000
  0.000
  0.637
  0.628
  0.000
  0.000
  1.202
  5.928
  0.000
  1.153
  0.000
  0.561
  0.000
  0.546
  0.000
  0.000
  0.000
  0.000
  0.000
  1.007
  0.497
  0.000
  2.908
  0.000
  0.000
  0.467
  0.921
  0.000
  0.000
  0.000
  0.439
  0.867
  0.000
  0.846
  0.000
  1.239
  8.165
  1.211
  0.000
  0.789
  0.780
  0.385
  0.000
  0.753
  0.000
  0.000
  0.000
  0.721
  4.989
  0.000
  0.697
  0.690
  0.000
  0.000
  0.668
  0.000
  0.327
  1.295
  0.000
  0.000
  4.392
  0.000
  0.000
  0.913
  0.301
  0.298
  0.295
  0.585
  0.000
  0.573
  0.568
  5.621
  0.557
  0.551
  0.546
  0.000
  0.536
  0.265
  0.526
  0.521
  0.000
  0.511
  3.039
  0.502
  0.000
  0.000
  0.976
  0.484
  0.000
  0.000
  0.471
  0.467
  2.776
  0.459
  0.000
  0.451
  0.223
  0.443
  0.659
  0.871
  0.000
  0.214
  5.093
  0.210
  0.417
  0.414
  1.231
  0.611
  0.000
  0.400
  0.993
  4.726
  0.391
  0.969
  0.000
  0.572
  0.567
  0.000
  0.186
  0.000
  1.466
  0.000
