   7.1800   0.9253656E+02         -0.168822          0.910291          6.293767
   7.1914   0.9297803E+02         -0.171508          0.880721          6.133014
   7.2028   0.9342091E+02         -0.174114          0.851950          5.976611
   7.2142   0.9386519E+02         -0.176643          0.823957          5.824435
   7.2256   0.9431087E+02         -0.179097          0.796720          5.676365
   7.2370   0.9475797E+02         -0.181476          0.770216          5.532284
   7.2484   0.9520647E+02         -0.183784          0.744425          5.392078
   7.2598   0.9565639E+02         -0.186021          0.719327          5.255637
   7.2712   0.9610772E+02         -0.188189          0.694901          5.122855
   7.2826   0.9656047E+02         -0.190289          0.671130          4.993628
   7.2940   0.9701464E+02         -0.192324          0.647994          4.867855
   7.3054   0.9747023E+02         -0.194295          0.625475          4.745439
   7.3168   0.9792725E+02         -0.196203          0.603557          4.626285
   7.3282   0.9838569E+02         -0.198049          0.582222          4.510302
   7.3396   0.9884556E+02         -0.199836          0.561453          4.397400
   7.3510   0.9930687E+02         -0.201564          0.541236          4.287493
   7.3624   0.9976960E+02         -0.203234          0.521554          4.180497
   7.3738   0.1002338E+03         -0.204848          0.502392          4.076330
   7.3852   0.1006994E+03         -0.206408          0.483736          3.974914
   7.3966   0.1011664E+03         -0.207914          0.465573          3.876171
   7.4080   0.1016349E+03         -0.209367          0.447887          3.780028
   7.4194   0.1021048E+03         -0.210770          0.430666          3.686412
   7.4308   0.1025762E+03         -0.212122          0.413898          3.595253
   7.4422   0.1030491E+03         -0.213425          0.397568          3.506482
   7.4536   0.1035233E+03         -0.214680          0.381666          3.420035
   7.4650   0.1039991E+03         -0.215889          0.366179          3.335846
   7.4764   0.1044763E+03         -0.217051          0.351097          3.253853
   7.4878   0.1049549E+03         -0.218169          0.336407          3.173996
   7.4992   0.1054350E+03         -0.219243          0.322099          3.096215
   7.5106   0.1059166E+03         -0.220274          0.308163          3.020455
   7.5220   0.1063996E+03         -0.221263          0.294588          2.946659
   7.5334   0.1068841E+03         -0.222211          0.281365          2.874774
   7.5448   0.1073701E+03         -0.223118          0.268483          2.804747
   7.5562   0.1078575E+03         -0.223986          0.255934          2.736528
   7.5676   0.1083464E+03         -0.224816          0.243709          2.670067
   7.5790   0.1088368E+03         -0.225608          0.231798          2.605317
   7.5904   0.1093287E+03         -0.226363          0.220193          2.542230
   7.6018   0.1098220E+03         -0.227082          0.208886          2.480763
   7.6132   0.1103168E+03         -0.227766          0.197869          2.420871
   7.6246   0.1108131E+03         -0.228415          0.187134          2.362511
   7.6360   0.1113109E+03         -0.229030          0.176672          2.305641
   7.6474   0.1118102E+03         -0.229612          0.166478          2.250223
   7.6588   0.1123110E+03         -0.230161          0.156544          2.196216
   7.6702   0.1128132E+03         -0.230679          0.146862          2.143583
   7.6816   0.1133170E+03         -0.231165          0.137426          2.092287
   7.6930   0.1138223E+03         -0.231621          0.128229          2.042291
   7.7044   0.1143290E+03         -0.232047          0.119265          1.993562
   7.7158   0.1148373E+03         -0.232444          0.110528          1.946065
   7.7272   0.1153470E+03         -0.232812          0.102011          1.899767
   7.7386   0.1158583E+03         -0.233151          0.093710          1.854636
   7.7500   0.1163711E+03         -0.233464          0.085617          1.810642
   7.7614   0.1168854E+03         -0.233749          0.077727          1.767753
   7.7728   0.1174012E+03         -0.234008          0.070036          1.725941
   7.7842   0.1179185E+03         -0.234241          0.062538          1.685177
   7.7956   0.1184373E+03         -0.234448          0.055227          1.645434
   7.8070   0.1189577E+03         -0.234631          0.048099          1.606684
   7.8184   0.1194796E+03         -0.234789          0.041148          1.568901
   7.8298   0.1200030E+03         -0.234923          0.034371          1.532059
   7.8412   0.1205279E+03         -0.235034          0.027763          1.496135
   7.8526   0.1210544E+03         -0.235122          0.021319          1.461103
   7.8640   0.1215823E+03         -0.235187          0.015035          1.426941
   7.8754   0.1221119E+03         -0.235230          0.008906          1.393625
   7.8868   0.1226429E+03         -0.235251          0.002929          1.361133
   7.8982   0.1231755E+03         -0.235251         -0.002900          1.329444
   7.9096   0.1237096E+03         -0.235230         -0.008585          1.298537
   7.9210   0.1242453E+03         -0.235189         -0.014130          1.268392
   7.9324   0.1247825E+03         -0.235127         -0.019539          1.238988
   7.9438   0.1253213E+03         -0.235046         -0.024815          1.210307
   7.9552   0.1258616E+03         -0.234946         -0.029962          1.182329
   7.9666   0.1264035E+03         -0.234826         -0.034982          1.155037
   7.9780   0.1269469E+03         -0.234688         -0.039880          1.128412
   7.9894   0.1274919E+03         -0.234531         -0.044658          1.102438
   8.0008   0.1280384E+03         -0.234357         -0.049319          1.077098
   8.0122   0.1285865E+03         -0.234165         -0.053867          1.052375
   8.0236   0.1291361E+03         -0.233955         -0.058304          1.028253
   8.0350   0.1296874E+03         -0.233729         -0.062634          1.004717
   8.0464   0.1302401E+03         -0.233485         -0.066858          0.981752
   8.0578   0.1307945E+03         -0.233226         -0.070980          0.959344
   8.0692   0.1313504E+03         -0.232950         -0.075002          0.937477
   8.0806   0.1319079E+03         -0.232659         -0.078928          0.916139
   8.0920   0.1324670E+03         -0.232351         -0.082758          0.895316
   8.1034   0.1330276E+03         -0.232029         -0.086496          0.874994
   8.1148   0.1335899E+03         -0.231692         -0.090145          0.855161
   8.1262   0.1341537E+03         -0.231340         -0.093705          0.835804
   8.1376   0.1347191E+03         -0.230973         -0.097181          0.816912
   8.1490   0.1352860E+03         -0.230592         -0.100573          0.798473
   8.1604   0.1358546E+03         -0.230197         -0.103883          0.780474
   8.1718   0.1364248E+03         -0.229788         -0.107115          0.762906
   8.1832   0.1369965E+03         -0.229366         -0.110270          0.745756
   8.1946   0.1375699E+03         -0.228931         -0.113349          0.729016
   8.2060   0.1381448E+03         -0.228482         -0.116355          0.712673
   8.2174   0.1387213E+03         -0.228020         -0.119290          0.696719
   8.2288   0.1392995E+03         -0.227546         -0.122155          0.681143
   8.2402   0.1398792E+03         -0.227060         -0.124953          0.665937
   8.2516   0.1404606E+03         -0.226561         -0.127684          0.651090
   8.2630   0.1410436E+03         -0.226050         -0.130350          0.636594
   8.2744   0.1416281E+03         -0.225527         -0.132954          0.622440
   8.2858   0.1422143E+03         -0.224992         -0.135496          0.608620
   8.2972   0.1428021E+03         -0.224446         -0.137979          0.595125
   8.3086   0.1433916E+03         -0.223889         -0.140403          0.581947
   8.3200   0.1439826E+03         -0.223320         -0.142770          0.569078
