 $DATA  
Title                                                                           
CNV      2

S          16.0      0.0000000000      0.0000000000     -0.3729281458
   PC1     0
        
O           8.0      1.0648976576      0.0000000000      0.3727212214
   PC1     0
        
 $END      
 $ZMAT   IZMAT(1)=
         1,   3,   1,
         1,   2,   1,
         2,   2,   1,   3,
 $END
--- CLOSED SHELL ORBITALS --- GENERATED AT Thu Feb 26 00:14:10 2015
Title                                                                           
E(R-PBE)=     -548.1469269080, E(NUC)=  120.1089017291,   21 ITERS
 $VEC   
 1  1 1.00298457E+00-1.02061835E-02 1.99995660E-03-5.37032591E-04 0.00000000E+00
 1  2 0.00000000E+00 4.09529163E-05 0.00000000E+00 0.00000000E+00 2.51399088E-04
 1  3 0.00000000E+00 0.00000000E+00 1.66454114E-05 1.51594763E-04-1.28489426E-04
 1  4-2.31053369E-05 0.00000000E+00 0.00000000E+00 0.00000000E+00 1.43607738E-05
 1  5 6.01384238E-06-2.65707530E-04-9.85927390E-05 0.00000000E+00 6.78553366E-05
 1  6-2.09282151E-04 0.00000000E+00 1.79725984E-04-5.96285193E-05 7.24040834E-05
 1  7-1.27755641E-05 0.00000000E+00 1.15213271E-04 0.00000000E+00 1.43607738E-05
 1  8 6.01384238E-06-2.65707530E-04 9.85927390E-05 0.00000000E+00 6.78553366E-05
 1  9 2.09282151E-04 0.00000000E+00 1.79725984E-04-5.96285193E-05 7.24040834E-05
 1 10-1.27755641E-05 0.00000000E+00-1.15213271E-04 0.00000000E+00
 2  1 0.00000000E+00 0.00000000E+00 0.00000000E+00 0.00000000E+00-3.07246521E-04
 2  2 0.00000000E+00 0.00000000E+00-1.34368631E-04 0.00000000E+00 0.00000000E+00
 2  3-4.43217643E-03 0.00000000E+00 0.00000000E+00 0.00000000E+00 0.00000000E+00
 2  4 0.00000000E+00 0.00000000E+00 1.34797956E-03 0.00000000E+00 7.03201270E-01
 2  5 2.64078912E-02-1.21059623E-02 1.42106551E-03 0.00000000E+00-1.01977680E-03
 2  6-2.02448019E-03 0.00000000E+00 1.95069986E-03-5.13481388E-05 1.50884647E-04
 2  7-9.95365087E-05 0.00000000E+00-1.01267793E-04 0.00000000E+00-7.03201270E-01
 2  8-2.64078912E-02 1.21059623E-02 1.42106551E-03 0.00000000E+00 1.01977680E-03
 2  9-2.02448019E-03 0.00000000E+00-1.95069986E-03 5.13481388E-05-1.50884647E-04
 2 10 9.95365087E-05 0.00000000E+00-1.01267793E-04 0.00000000E+00
 3  1-7.94949164E-05 9.69673155E-05-8.33270130E-04 1.25111592E-02 0.00000000E+00
 3  2 0.00000000E+00 3.30674776E-05 0.00000000E+00 0.00000000E+00 1.12112980E-03
 3  3 0.00000000E+00 0.00000000E+00 5.15337655E-03-1.59432118E-04-2.14435633E-04
 3  4 3.73867751E-04 0.00000000E+00 0.00000000E+00 0.00000000E+00 7.03249217E-01
 3  5 2.65044092E-02-1.51610505E-02 9.82869765E-04 0.00000000E+00-6.68302296E-04
 3  6-3.40711984E-03 0.00000000E+00 1.50075980E-03-7.78838656E-05-3.48353175E-05
 3  7 1.12719183E-04 0.00000000E+00 1.94806811E-04 0.00000000E+00 7.03249217E-01
 3  8 2.65044092E-02-1.51610505E-02-9.82869765E-04 0.00000000E+00-6.68302296E-04
 3  9 3.40711984E-03 0.00000000E+00 1.50075980E-03-7.78838656E-05-3.48353175E-05
 3 10 1.12719183E-04 0.00000000E+00-1.94806811E-04 0.00000000E+00
 4  1-2.73907220E-01 1.03950935E+00 4.27232181E-02-1.00056544E-02 0.00000000E+00
 4  2 0.00000000E+00 1.22831967E-02 0.00000000E+00 0.00000000E+00 2.70095942E-03
 4  3 0.00000000E+00 0.00000000E+00-3.60093775E-04 1.39398739E-03-1.00388434E-03
 4  4-3.90103050E-04 0.00000000E+00 0.00000000E+00 0.00000000E+00-5.14675470E-04
 4  5-5.56764593E-05-1.06651024E-03-1.03901258E-05 0.00000000E+00-1.00553007E-06
 4  6-1.59686323E-03 0.00000000E+00 1.46198885E-03 2.70641735E-04-1.74076370E-04
 4  7-9.65653656E-05 0.00000000E+00-3.19547984E-04 0.00000000E+00-5.14675470E-04
 4  8-5.56764593E-05-1.06651024E-03 1.03901258E-05 0.00000000E+00-1.00553007E-06
 4  9 1.59686323E-03 0.00000000E+00 1.46198885E-03 2.70641735E-04-1.74076370E-04
 4 10-9.65653656E-05 0.00000000E+00 3.19547984E-04 0.00000000E+00
 5  1 0.00000000E+00 0.00000000E+00 0.00000000E+00 0.00000000E+00 9.95686092E-01
 5  2 0.00000000E+00 0.00000000E+00 1.16408013E-02 0.00000000E+00 0.00000000E+00
 5  3-1.60857468E-04 0.00000000E+00 0.00000000E+00 0.00000000E+00 0.00000000E+00
 5  4 0.00000000E+00 0.00000000E+00 2.11884378E-03 0.00000000E+00 1.08918119E-03
 5  5-1.17044187E-03 6.52337028E-04-1.41837917E-03 0.00000000E+00 1.24931412E-03
 5  6 4.06323981E-04 0.00000000E+00-2.18349523E-04-3.17539039E-04 5.91040858E-04
 5  7-2.73501819E-04 0.00000000E+00 9.74125810E-04 0.00000000E+00-1.08918119E-03
 5  8 1.17044187E-03-6.52337028E-04-1.41837917E-03 0.00000000E+00-1.24931412E-03
 5  9 4.06323981E-04 0.00000000E+00 2.18349523E-04 3.17539039E-04-5.91040858E-04
 5 10 2.73501819E-04 0.00000000E+00 9.74125810E-04 0.00000000E+00
 6  1 0.00000000E+00 0.00000000E+00 0.00000000E+00 0.00000000E+00 0.00000000E+00
 6  2 9.96509796E-01 0.00000000E+00 0.00000000E+00 1.00603098E-02 0.00000000E+00
 6  3 0.00000000E+00-4.66353141E-04 0.00000000E+00 0.00000000E+00 0.00000000E+00
 6  4 0.00000000E+00 0.00000000E+00 0.00000000E+00 9.21573886E-04 0.00000000E+00
 6  5 0.00000000E+00 0.00000000E+00 0.00000000E+00 2.88874196E-04 0.00000000E+00
 6  6 0.00000000E+00-1.43398752E-04 0.00000000E+00 0.00000000E+00 0.00000000E+00
 6  7 0.00000000E+00 2.23928950E-04 0.00000000E+00-2.12942956E-04 0.00000000E+00
 6  8 0.00000000E+00 0.00000000E+00 0.00000000E+00 2.88874196E-04 0.00000000E+00
 6  9 0.00000000E+00-1.43398752E-04 0.00000000E+00 0.00000000E+00 0.00000000E+00
 6 10 0.00000000E+00-2.23928950E-04 0.00000000E+00-2.12942956E-04
 7  1 3.66581348E-03-1.38595145E-02 5.41719072E-04-1.78510128E-04 0.00000000E+00
 7  2 0.00000000E+00 9.96200929E-01 0.00000000E+00 0.00000000E+00 1.01397097E-02
 7  3 0.00000000E+00 0.00000000E+00-3.16624471E-04-5.04613764E-04-7.28774221E-04
 7  4 1.23338798E-03 0.00000000E+00 0.00000000E+00 0.00000000E+00-7.51997965E-04
 7  5 9.43436888E-04 1.37283550E-04 1.39980789E-03 0.00000000E+00-7.33740661E-04
 7  6-1.79874272E-04 0.00000000E+00-1.86409350E-04 5.24523313E-04-3.82917279E-04
 7  7-1.41606034E-04 0.00000000E+00-6.75914893E-04 0.00000000E+00-7.51997965E-04
 7  8 9.43436888E-04 1.37283550E-04-1.39980789E-03 0.00000000E+00-7.33740661E-04
 7  9 1.79874272E-04 0.00000000E+00-1.86409350E-04 5.24523313E-04-3.82917279E-04
 7 10-1.41606034E-04 0.00000000E+00 6.75914893E-04 0.00000000E+00
 8  1 5.62363397E-02-1.64675974E-01 3.16134525E-01 9.48721435E-02 0.00000000E+00
 8  2 0.00000000E+00-9.09536825E-02 0.00000000E+00 0.00000000E+00 1.55437869E-01
 8  3 0.00000000E+00 0.00000000E+00-8.91012171E-03 3.86917855E-02-4.00902358E-02
 8  4 1.39845030E-03 0.00000000E+00 0.00000000E+00 0.00000000E+00-1.21442821E-01
 8  5 2.35018360E-01 2.33427463E-01 1.24782440E-01 0.00000000E+00-7.48501921E-02
 8  6 3.35464304E-02 0.00000000E+00-1.82740686E-02 9.72449585E-03-7.29818298E-03
 8  7-2.42631287E-03 0.00000000E+00-1.48663053E-02 0.00000000E+00-1.21442821E-01
 8  8 2.35018360E-01 2.33427463E-01-1.24782440E-01 0.00000000E+00-7.48501921E-02
 8  9-3.35464304E-02 0.00000000E+00-1.82740686E-02 9.72449585E-03-7.29818298E-03
 8 10-2.42631287E-03 0.00000000E+00 1.48663053E-02 0.00000000E+00
 9  1 0.00000000E+00 0.00000000E+00 0.00000000E+00 0.00000000E+00-1.67602998E-01
 9  2 0.00000000E+00 0.00000000E+00 3.09361316E-01 0.00000000E+00 0.00000000E+00
 9  3 2.23337864E-02 0.00000000E+00 0.00000000E+00 0.00000000E+00 0.00000000E+00
 9  4 0.00000000E+00 0.00000000E+00 1.04839075E-01 0.00000000E+00 1.45564011E-01
 9  5-2.82894681E-01-2.88325381E-01-9.93259554E-02 0.00000000E+00 8.97615485E-02
 9  6-1.84197814E-02 0.00000000E+00 2.02322324E-02-3.47489306E-03 5.53320845E-03
 9  7-2.05831539E-03 0.00000000E+00 1.20959994E-02 0.00000000E+00-1.45564011E-01
 9  8 2.82894681E-01 2.88325381E-01-9.93259554E-02 0.00000000E+00-8.97615485E-02
 9  9-1.84197814E-02 0.00000000E+00-2.02322324E-02 3.47489306E-03-5.53320845E-03
 9 10 2.05831539E-03 0.00000000E+00 1.20959994E-02 0.00000000E+00
10  1 5.96591536E-02-1.63484831E-01 3.83662561E-01 3.52030376E-01 0.00000000E+00
10  2 0.00000000E+00 1.01727151E-01 0.00000000E+00 0.00000000E+00-2.18131693E-01
10  3 0.00000000E+00 0.00000000E+00-1.23564770E-01 1.53938634E-02 2.59369799E-02
10  4-4.13308433E-02 0.00000000E+00 0.00000000E+00 0.00000000E+00 8.68598784E-02
10  5-1.75984568E-01-2.99212899E-01 7.28912450E-02 0.00000000E+00-1.86718185E-01
10  6 3.34649639E-02 0.00000000E+00-8.72172881E-02-2.01500556E-03-5.29013209E-03
10  7 7.30513765E-03 0.00000000E+00-1.13313730E-02 0.00000000E+00 8.68598784E-02
10  8-1.75984568E-01-2.99212899E-01-7.28912450E-02 0.00000000E+00-1.86718185E-01
10  9-3.34649639E-02 0.00000000E+00-8.72172881E-02-2.01500556E-03-5.29013209E-03
10 10 7.30513765E-03 0.00000000E+00 1.13313730E-02 0.00000000E+00
11  1 0.00000000E+00 0.00000000E+00 0.00000000E+00 0.00000000E+00 0.00000000E+00
11  2-2.05424938E-01 0.00000000E+00 0.00000000E+00 4.68692491E-01 0.00000000E+00
11  3 0.00000000E+00 1.90451551E-01 0.00000000E+00 0.00000000E+00 0.00000000E+00
11  4 0.00000000E+00 0.00000000E+00 0.00000000E+00 7.29811878E-02 0.00000000E+00
11  5 0.00000000E+00 0.00000000E+00 0.00000000E+00 3.18046949E-01 0.00000000E+00
11  6 0.00000000E+00 1.71724645E-01 0.00000000E+00 0.00000000E+00 0.00000000E+00
11  7 0.00000000E+00 2.25357807E-02 0.00000000E+00-1.51181817E-02 0.00000000E+00
11  8 0.00000000E+00 0.00000000E+00 0.00000000E+00 3.18046949E-01 0.00000000E+00
11  9 0.00000000E+00 1.71724645E-01 0.00000000E+00 0.00000000E+00 0.00000000E+00
11 10 0.00000000E+00-2.25357807E-02 0.00000000E+00-1.51181817E-02
12  1 7.98588283E-03 2.04099295E-03 8.18994200E-02-1.56518469E-01 0.00000000E+00
12  2 0.00000000E+00-1.59519262E-01 0.00000000E+00 0.00000000E+00 3.61219994E-01
12  3 0.00000000E+00 0.00000000E+00 8.12939192E-02-8.70365458E-02-4.57674897E-03
12  4 9.16132948E-02 0.00000000E+00 0.00000000E+00 0.00000000E+00 5.71722201E-02
12  5-1.16687642E-01-2.00993070E-01 3.40679237E-01 0.00000000E+00 1.02270591E-01
12  6 1.95976890E-01 0.00000000E+00 5.78630221E-02 2.13451822E-02-7.17570816E-03
12  7-1.41694740E-02 0.00000000E+00-3.45759820E-03 0.00000000E+00 5.71722201E-02
12  8-1.16687642E-01-2.00993070E-01-3.40679237E-01 0.00000000E+00 1.02270591E-01
12  9-1.95976890E-01 0.00000000E+00 5.78630221E-02 2.13451822E-02-7.17570816E-03
12 10-1.41694740E-02 0.00000000E+00 3.45759820E-03 0.00000000E+00
13  1 0.00000000E+00 0.00000000E+00 0.00000000E+00 0.00000000E+00-1.61374068E-01
13  2 0.00000000E+00 0.00000000E+00 3.70629598E-01 0.00000000E+00 0.00000000E+00
13  3 2.93599855E-02 0.00000000E+00 0.00000000E+00 0.00000000E+00 0.00000000E+00
13  4 0.00000000E+00 0.00000000E+00 3.24933939E-02 0.00000000E+00-7.03265826E-02
13  5 1.42712681E-01 2.88596726E-01-2.30730938E-01 0.00000000E+00 3.07216537E-01
13  6-1.17166512E-01 0.00000000E+00 1.69817272E-01-1.15231639E-03 1.10182647E-02
13  7-9.86594830E-03 0.00000000E+00 1.77683842E-02 0.00000000E+00 7.03265826E-02
13  8-1.42712681E-01-2.88596726E-01-2.30730938E-01 0.00000000E+00-3.07216537E-01
13  9-1.17166512E-01 0.00000000E+00-1.69817272E-01 1.15231639E-03-1.10182647E-02
13 10 9.86594830E-03 0.00000000E+00 1.77683842E-02 0.00000000E+00
14  1 0.00000000E+00 0.00000000E+00 0.00000000E+00 0.00000000E+00 0.00000000E+00
14  2 0.00000000E+00 0.00000000E+00 0.00000000E+00 0.00000000E+00 0.00000000E+00
14  3 0.00000000E+00 0.00000000E+00 0.00000000E+00 0.00000000E+00 0.00000000E+00
14  4 0.00000000E+00-1.57927511E-01 0.00000000E+00 0.00000000E+00 0.00000000E+00
14  5 0.00000000E+00 0.00000000E+00 0.00000000E+00 4.62837636E-01 0.00000000E+00
14  6 0.00000000E+00 3.17354220E-01 0.00000000E+00 0.00000000E+00 0.00000000E+00
14  7 0.00000000E+00 2.03070199E-02 0.00000000E+00-1.60430042E-02 0.00000000E+00
14  8 0.00000000E+00 0.00000000E+00 0.00000000E+00-4.62837636E-01 0.00000000E+00
14  9 0.00000000E+00-3.17354220E-01 0.00000000E+00 0.00000000E+00 0.00000000E+00
14 10 0.00000000E+00 2.03070199E-02 0.00000000E+00 1.60430042E-02
15  1 0.00000000E+00 0.00000000E+00 0.00000000E+00 0.00000000E+00-5.13076162E-03
15  2 0.00000000E+00 0.00000000E+00 8.30640654E-03 0.00000000E+00 0.00000000E+00
15  3 1.40599192E-01 0.00000000E+00 0.00000000E+00 0.00000000E+00 0.00000000E+00
15  4 0.00000000E+00 0.00000000E+00-1.41350705E-01 0.00000000E+00-5.07858818E-03
15  5 8.29212026E-03 3.46393212E-02 4.02157084E-01 0.00000000E+00 2.63671987E-01
15  6 2.54881678E-01 0.00000000E+00 1.90933626E-01 2.61212853E-02-2.01690698E-03
15  7-2.41043783E-02 0.00000000E+00 1.67045927E-03 0.00000000E+00 5.07858818E-03
15  8-8.29212026E-03-3.46393212E-02 4.02157084E-01 0.00000000E+00-2.63671987E-01
15  9 2.54881678E-01 0.00000000E+00-1.90933626E-01-2.61212853E-02 2.01690698E-03
15 10 2.41043783E-02 0.00000000E+00 1.67045927E-03 0.00000000E+00
16  1 1.95039272E-02-1.05204738E-01 6.65966076E-02 6.57366955E-01 0.00000000E+00
16  2 0.00000000E+00 1.37545455E-01 0.00000000E+00 0.00000000E+00-3.13670934E-01
16  3 0.00000000E+00 0.00000000E+00-1.29987880E-01-1.64623035E-01 6.58517620E-02
16  4 9.87712734E-02 0.00000000E+00 0.00000000E+00 0.00000000E+00 7.37151936E-03
16  5-1.52683045E-02-6.86663872E-02-3.48723296E-02 0.00000000E+00 3.90710848E-01
16  6-1.93769223E-02 0.00000000E+00 2.92258079E-01 4.78792806E-04 6.39555082E-03
16  7-6.87434363E-03 0.00000000E+00 1.53171850E-02 0.00000000E+00 7.37151936E-03
16  8-1.52683045E-02-6.86663872E-02 3.48723296E-02 0.00000000E+00 3.90710848E-01
16  9 1.93769223E-02 0.00000000E+00 2.92258079E-01 4.78792806E-04 6.39555082E-03
16 10-6.87434363E-03 0.00000000E+00-1.53171850E-02 0.00000000E+00
17  1 0.00000000E+00 0.00000000E+00 0.00000000E+00 0.00000000E+00 0.00000000E+00
17  2-2.05668247E-01 0.00000000E+00 0.00000000E+00 5.31363273E-01 0.00000000E+00
17  3 0.00000000E+00 6.28050292E-01 0.00000000E+00 0.00000000E+00 0.00000000E+00
17  4 0.00000000E+00 0.00000000E+00 0.00000000E+00-1.22094022E-01 0.00000000E+00
17  5 0.00000000E+00 0.00000000E+00 0.00000000E+00-3.59650935E-01 0.00000000E+00
17  6 0.00000000E+00-3.71644766E-01 0.00000000E+00 0.00000000E+00 0.00000000E+00
17  7 0.00000000E+00-5.24540234E-03 0.00000000E+00-1.03301894E-03 0.00000000E+00
17  8 0.00000000E+00 0.00000000E+00 0.00000000E+00-3.59650935E-01 0.00000000E+00
17  9 0.00000000E+00-3.71644766E-01 0.00000000E+00 0.00000000E+00 0.00000000E+00
17 10 0.00000000E+00 5.24540234E-03 0.00000000E+00-1.03301894E-03
18  1 0.00000000E+00 0.00000000E+00 0.00000000E+00 0.00000000E+00-1.17694869E-01
18  2 0.00000000E+00 0.00000000E+00 3.04179224E-01 0.00000000E+00 0.00000000E+00
18  3 1.31437940E+00 0.00000000E+00 0.00000000E+00 0.00000000E+00 0.00000000E+00
18  4 0.00000000E+00 0.00000000E+00-2.36381268E-01 0.00000000E+00-5.25987132E-02
18  5 7.09556435E-02 6.41757510E-01-3.96289095E-02 0.00000000E+00-2.64530261E-01
18  6-4.27369682E-02 0.00000000E+00-3.18316314E-01-2.89045468E-04 7.45242509E-04
18  7-4.56197041E-04 0.00000000E+00-5.63310596E-03 0.00000000E+00 5.25987132E-02
18  8-7.09556435E-02-6.41757510E-01-3.96289095E-02 0.00000000E+00 2.64530261E-01
18  9-4.27369682E-02 0.00000000E+00 3.18316314E-01 2.89045468E-04-7.45242509E-04
18 10 4.56197041E-04 0.00000000E+00-5.63310596E-03 0.00000000E+00
19  1 1.20261880E-02-1.54385331E-01-6.14202432E-02 1.53516128E+00 0.00000000E+00
19  2 0.00000000E+00-7.90212342E-02 0.00000000E+00 0.00000000E+00 2.31066181E-01
19  3 0.00000000E+00 0.00000000E+00 1.30231244E+00-1.25338585E-01 2.85322823E-01
19  4-1.59984238E-01 0.00000000E+00 0.00000000E+00 0.00000000E+00 6.65071284E-02
19  5-8.45814296E-02-8.73049415E-01-1.97058186E-01 0.00000000E+00-1.32951130E-02
19  6-4.25755714E-01 0.00000000E+00-2.56586327E-02-1.08321875E-02 1.82843657E-02
19  7-7.45217826E-03 0.00000000E+00 3.85093729E-03 0.00000000E+00 6.65071284E-02
19  8-8.45814296E-02-8.73049415E-01 1.97058186E-01 0.00000000E+00-1.32951130E-02
19  9 4.25755714E-01 0.00000000E+00-2.56586327E-02-1.08321875E-02 1.82843657E-02
19 10-7.45217826E-03 0.00000000E+00-3.85093729E-03 0.00000000E+00
20  1 0.00000000E+00 0.00000000E+00 0.00000000E+00 0.00000000E+00 0.00000000E+00
20  2 2.89660033E-01 0.00000000E+00 0.00000000E+00-1.10477235E+00 0.00000000E+00
20  3 0.00000000E+00 1.21459827E+00 0.00000000E+00 0.00000000E+00 0.00000000E+00
20  4 0.00000000E+00 0.00000000E+00 0.00000000E+00-1.67263102E-01 0.00000000E+00
20  5 0.00000000E+00 0.00000000E+00 0.00000000E+00 1.55087132E-02 0.00000000E+00
20  6 0.00000000E+00-6.70896115E-02 0.00000000E+00 0.00000000E+00 0.00000000E+00
20  7 0.00000000E+00-3.46653449E-02 0.00000000E+00 1.67739918E-02 0.00000000E+00
20  8 0.00000000E+00 0.00000000E+00 0.00000000E+00 1.55087132E-02 0.00000000E+00
20  9 0.00000000E+00-6.70896115E-02 0.00000000E+00 0.00000000E+00 0.00000000E+00
20 10 0.00000000E+00 3.46653449E-02 0.00000000E+00 1.67739918E-02
21  1-5.57720384E-02-1.84557450E-01-8.39365650E-01 9.79886085E-01 0.00000000E+00
21  2 0.00000000E+00-2.63717891E-01 0.00000000E+00 0.00000000E+00 9.93538875E-01
21  3 0.00000000E+00 0.00000000E+00-8.97469087E-01-2.57937706E-01 2.27012779E-01
21  4 3.09249271E-02 0.00000000E+00 0.00000000E+00 0.00000000E+00 8.01333427E-03
21  5-6.49579701E-02 4.90126592E-02-7.69233923E-02 0.00000000E+00-7.54578039E-03
21  6-5.78242807E-02 0.00000000E+00 2.46166679E-02 2.46502549E-02 6.24477101E-03
21  7-3.08950259E-02 0.00000000E+00 9.20229428E-03 0.00000000E+00 8.01333427E-03
21  8-6.49579701E-02 4.90126592E-02 7.69233923E-02 0.00000000E+00-7.54578039E-03
21  9 5.78242807E-02 0.00000000E+00 2.46166679E-02 2.46502549E-02 6.24477101E-03
21 10-3.08950259E-02 0.00000000E+00-9.20229428E-03 0.00000000E+00
22  1 0.00000000E+00 0.00000000E+00 0.00000000E+00 0.00000000E+00 2.32604190E-01
22  2 0.00000000E+00 0.00000000E+00-7.40179990E-01 0.00000000E+00 0.00000000E+00
22  3 1.35271696E+00 0.00000000E+00 0.00000000E+00 0.00000000E+00 0.00000000E+00
22  4 0.00000000E+00 0.00000000E+00 6.04546102E-01 0.00000000E+00-1.78761379E-02
22  5-4.16608791E-02 7.10149865E-01-2.15436587E-01 0.00000000E+00 1.62589139E-01
22  6 2.60362276E-01 0.00000000E+00-1.53196697E-01 7.38449706E-03-3.46211878E-02
22  7 2.72366907E-02 0.00000000E+00-5.47289501E-02 0.00000000E+00 1.78761379E-02
22  8 4.16608791E-02-7.10149865E-01-2.15436587E-01 0.00000000E+00-1.62589139E-01
22  9 2.60362276E-01 0.00000000E+00 1.53196697E-01-7.38449706E-03 3.46211878E-02
22 10-2.72366907E-02 0.00000000E+00-5.47289501E-02 0.00000000E+00
23  1-9.21071531E-02-2.84547444E-01-1.34984758E+00 2.44846668E+00 0.00000000E+00
23  2 0.00000000E+00 7.94205455E-02 0.00000000E+00 0.00000000E+00-1.85410738E-01
23  3 0.00000000E+00 0.00000000E+00 6.96792143E-01 4.44949506E-01-4.20138285E-01
23  4-2.48112214E-02 0.00000000E+00 0.00000000E+00 0.00000000E+00 2.25022326E-02
23  5 8.73997216E-03-8.09674896E-01 2.63060552E-01 0.00000000E+00-1.85268305E-01
23  6-2.93503526E-01 0.00000000E+00 2.76042079E-01-4.84027115E-02 2.78849914E-02
23  7 2.05177201E-02 0.00000000E+00 5.21136444E-02 0.00000000E+00 2.25022326E-02
23  8 8.73997216E-03-8.09674896E-01-2.63060552E-01 0.00000000E+00-1.85268305E-01
23  9 2.93503526E-01 0.00000000E+00 2.76042079E-01-4.84027115E-02 2.78849914E-02
23 10 2.05177201E-02 0.00000000E+00-5.21136444E-02 0.00000000E+00
24  1 0.00000000E+00 0.00000000E+00 0.00000000E+00 0.00000000E+00 0.00000000E+00
24  2 3.68779973E-02 0.00000000E+00 0.00000000E+00-1.76284661E-01 0.00000000E+00
24  3 0.00000000E+00 3.15639529E-01 0.00000000E+00 0.00000000E+00 0.00000000E+00
24  4 0.00000000E+00 0.00000000E+00 0.00000000E+00 9.33465950E-01 0.00000000E+00
24  5 0.00000000E+00 0.00000000E+00 0.00000000E+00-3.25878197E-01 0.00000000E+00
24  6 0.00000000E+00-8.43950218E-03 0.00000000E+00 0.00000000E+00 0.00000000E+00
24  7 0.00000000E+00 4.28049851E-02 0.00000000E+00 2.41965267E-02 0.00000000E+00
24  8 0.00000000E+00 0.00000000E+00 0.00000000E+00-3.25878197E-01 0.00000000E+00
24  9 0.00000000E+00-8.43950218E-03 0.00000000E+00 0.00000000E+00 0.00000000E+00
24 10 0.00000000E+00-4.28049851E-02 0.00000000E+00 2.41965267E-02
25  1-5.30229470E-02-1.99087571E-01-8.41565351E-01-8.26533017E-01 0.00000000E+00
25  2 0.00000000E+00 1.20806384E-01 0.00000000E+00 0.00000000E+00-6.32759496E-01
25  3 0.00000000E+00 0.00000000E+00-2.73331244E-01 2.85223840E-02 5.57572679E-01
25  4-5.86095063E-01 0.00000000E+00 0.00000000E+00 0.00000000E+00-5.47240650E-02
25  5 1.05535020E-01 6.40471259E-01-5.11133064E-02 0.00000000E+00 1.77951961E-01
25  6 8.51047066E-01 0.00000000E+00-4.44066438E-01-4.08411955E-02 2.45499053E-02
25  7 1.62912902E-02 0.00000000E+00-1.19468778E-02 0.00000000E+00-5.47240650E-02
25  8 1.05535020E-01 6.40471259E-01 5.11133064E-02 0.00000000E+00 1.77951961E-01
25  9-8.51047066E-01 0.00000000E+00-4.44066438E-01-4.08411955E-02 2.45499053E-02
25 10 1.62912902E-02 0.00000000E+00 1.19468778E-02 0.00000000E+00
26  1 0.00000000E+00 0.00000000E+00 0.00000000E+00 0.00000000E+00 0.00000000E+00
26  2 0.00000000E+00 0.00000000E+00 0.00000000E+00 0.00000000E+00 0.00000000E+00
26  3 0.00000000E+00 0.00000000E+00 0.00000000E+00 0.00000000E+00 0.00000000E+00
26  4 0.00000000E+00 9.99036106E-01 0.00000000E+00 0.00000000E+00 0.00000000E+00
26  5 0.00000000E+00 0.00000000E+00 0.00000000E+00 2.93949060E-01 0.00000000E+00
26  6 0.00000000E+00 1.27168952E-01 0.00000000E+00 0.00000000E+00 0.00000000E+00
26  7 0.00000000E+00-2.12594815E-02 0.00000000E+00 5.47917471E-02 0.00000000E+00
26  8 0.00000000E+00 0.00000000E+00 0.00000000E+00-2.93949060E-01 0.00000000E+00
26  9 0.00000000E+00-1.27168952E-01 0.00000000E+00 0.00000000E+00 0.00000000E+00
26 10 0.00000000E+00-2.12594815E-02 0.00000000E+00-5.47917471E-02
27  1 0.00000000E+00 0.00000000E+00 0.00000000E+00 0.00000000E+00-2.10670916E-01
27  2 0.00000000E+00 0.00000000E+00 1.15265976E+00 0.00000000E+00 0.00000000E+00
27  3-5.40492649E-02 0.00000000E+00 0.00000000E+00 0.00000000E+00 0.00000000E+00
27  4 0.00000000E+00 0.00000000E+00 2.88278364E-01 0.00000000E+00-5.79807959E-02
27  5 1.13795164E-01 5.77031928E-01-1.40355395E-01 0.00000000E+00 1.98472935E-01
27  6 9.55158295E-01 0.00000000E+00-7.37279942E-01 6.19962469E-03 7.37389657E-03
27  7-1.35735213E-02 0.00000000E+00 1.03226393E-02 0.00000000E+00 5.79807959E-02
27  8-1.13795164E-01-5.77031928E-01-1.40355395E-01 0.00000000E+00-1.98472935E-01
27  9 9.55158295E-01 0.00000000E+00 7.37279942E-01-6.19962469E-03-7.37389657E-03
27 10 1.35735213E-02 0.00000000E+00 1.03226393E-02 0.00000000E+00
28  1-2.82493098E-02-1.73152831E-01-5.33223214E-01-3.09330383E-01 0.00000000E+00
28  2 0.00000000E+00 6.42351412E-02 0.00000000E+00 0.00000000E+00-4.15594683E-01
28  3 0.00000000E+00 0.00000000E+00 1.83421605E-01-4.72552135E-01-2.10190883E-01
28  4 6.82743018E-01 0.00000000E+00 0.00000000E+00 0.00000000E+00-1.74293774E-02
28  5-3.94278357E-02 2.97939995E-01-3.89252984E-01 0.00000000E+00-2.50657035E-01
28  6 5.55291193E-01 0.00000000E+00-2.82124501E-01 3.36408374E-02-1.20774987E-02
28  7-2.15633387E-02 0.00000000E+00 4.57340317E-02 0.00000000E+00-1.74293774E-02
28  8-3.94278357E-02 2.97939995E-01 3.89252984E-01 0.00000000E+00-2.50657035E-01
28  9-5.55291193E-01 0.00000000E+00-2.82124501E-01 3.36408374E-02-1.20774987E-02
28 10-2.15633387E-02 0.00000000E+00-4.57340317E-02 0.00000000E+00
29  1 2.38093182E-02 1.26854960E-01 4.21967312E-01-2.47293360E-01 0.00000000E+00
29  2 0.00000000E+00-6.06346580E-02 0.00000000E+00 0.00000000E+00 2.45784932E-01
29  3 0.00000000E+00 0.00000000E+00-8.16173359E-01 3.53005312E-01 1.48417234E-01
29  4-5.01422546E-01 0.00000000E+00 0.00000000E+00 0.00000000E+00 4.69632419E-03
29  5 5.70159109E-03 9.01999172E-02-2.90241071E-01 0.00000000E+00-4.07035510E-01
29  6 3.07101183E-01 0.00000000E+00 8.68621424E-01-8.13280581E-03-1.45312545E-02
29  7 2.26640603E-02 0.00000000E+00-2.31421782E-02 0.00000000E+00 4.69632419E-03
29  8 5.70159109E-03 9.01999172E-02 2.90241071E-01 0.00000000E+00-4.07035510E-01
29  9-3.07101183E-01 0.00000000E+00 8.68621424E-01-8.13280581E-03-1.45312545E-02
29 10 2.26640603E-02 0.00000000E+00 2.31421782E-02 0.00000000E+00
30  1 0.00000000E+00 0.00000000E+00 0.00000000E+00 0.00000000E+00 0.00000000E+00
30  2 0.00000000E+00 0.00000000E+00 0.00000000E+00 0.00000000E+00 0.00000000E+00
30  3 0.00000000E+00 0.00000000E+00 0.00000000E+00 0.00000000E+00 0.00000000E+00
30  4 0.00000000E+00 2.79132383E-01 0.00000000E+00 0.00000000E+00 0.00000000E+00
30  5 0.00000000E+00 0.00000000E+00 0.00000000E+00-5.94662142E-01 0.00000000E+00
30  6 0.00000000E+00 8.54020193E-01 0.00000000E+00 0.00000000E+00 0.00000000E+00
30  7 0.00000000E+00-3.89040528E-02 0.00000000E+00 1.79421170E-02 0.00000000E+00
30  8 0.00000000E+00 0.00000000E+00 0.00000000E+00 5.94662142E-01 0.00000000E+00
30  9 0.00000000E+00-8.54020193E-01 0.00000000E+00 0.00000000E+00 0.00000000E+00
30 10 0.00000000E+00-3.89040528E-02 0.00000000E+00-1.79421170E-02
31  1 0.00000000E+00 0.00000000E+00 0.00000000E+00 0.00000000E+00 0.00000000E+00
31  2-3.17273123E-02 0.00000000E+00 0.00000000E+00 7.91119408E-02 0.00000000E+00
31  3 0.00000000E+00-8.93532140E-01 0.00000000E+00 0.00000000E+00 0.00000000E+00
31  4 0.00000000E+00 0.00000000E+00 0.00000000E+00-3.94751342E-01 0.00000000E+00
31  5 0.00000000E+00 0.00000000E+00 0.00000000E+00-5.68367539E-01 0.00000000E+00
31  6 0.00000000E+00 1.01821618E+00 0.00000000E+00 0.00000000E+00 0.00000000E+00
31  7 0.00000000E+00-3.50537419E-02 0.00000000E+00 2.18591007E-02 0.00000000E+00
31  8 0.00000000E+00 0.00000000E+00 0.00000000E+00-5.68367539E-01 0.00000000E+00
31  9 0.00000000E+00 1.01821618E+00 0.00000000E+00 0.00000000E+00 0.00000000E+00
31 10 0.00000000E+00 3.50537419E-02 0.00000000E+00 2.18591007E-02
32  1 0.00000000E+00 0.00000000E+00 0.00000000E+00 0.00000000E+00 6.06550286E-02
32  2 0.00000000E+00 0.00000000E+00-2.59605817E-01 0.00000000E+00 0.00000000E+00
32  3 7.57505346E-01 0.00000000E+00 0.00000000E+00 0.00000000E+00 0.00000000E+00
32  4 0.00000000E+00 0.00000000E+00-9.15145036E-02 0.00000000E+00 2.43535168E-03
32  5 3.94395075E-03 1.13387928E-01 3.21283738E-01 0.00000000E+00 5.28172091E-01
32  6-7.34870880E-01 0.00000000E+00-7.40455892E-01 6.75758821E-02-3.21265769E-02
32  7-3.54493052E-02 0.00000000E+00 1.87327181E-02 0.00000000E+00-2.43535168E-03
32  8-3.94395075E-03-1.13387928E-01 3.21283738E-01 0.00000000E+00-5.28172091E-01
32  9-7.34870880E-01 0.00000000E+00 7.40455892E-01-6.75758821E-02 3.21265769E-02
32 10 3.54493052E-02 0.00000000E+00 1.87327181E-02 0.00000000E+00
33  1 1.53720712E-02-1.79720901E-01-4.90374482E-02 5.90949689E-01 0.00000000E+00
33  2 0.00000000E+00-1.45628745E-01 0.00000000E+00 0.00000000E+00 4.98681223E-01
33  3 0.00000000E+00 0.00000000E+00 1.13580581E-01 8.46167679E-01-7.67374772E-01
33  4-7.87929072E-02 0.00000000E+00 0.00000000E+00 0.00000000E+00 3.70872002E-02
33  5-3.37716601E-01-2.74529209E-01-4.42930986E-01 0.00000000E+00 4.28441148E-01
33  6 1.38514948E-01 0.00000000E+00-1.13704594E-01 7.35946529E-03-6.41612446E-02
33  7 5.68017793E-02 0.00000000E+00 2.59892647E-02 0.00000000E+00 3.70872002E-02
33  8-3.37716601E-01-2.74529209E-01 4.42930986E-01 0.00000000E+00 4.28441148E-01
33  9-1.38514948E-01 0.00000000E+00-1.13704594E-01 7.35946529E-03-6.41612446E-02
33 10 5.68017793E-02 0.00000000E+00-2.59892647E-02 0.00000000E+00
34  1 0.00000000E+00 0.00000000E+00 0.00000000E+00 0.00000000E+00-1.87041655E-01
34  2 0.00000000E+00 0.00000000E+00 7.62233356E-01 0.00000000E+00 0.00000000E+00
34  3 8.37762929E-01 0.00000000E+00 0.00000000E+00 0.00000000E+00 0.00000000E+00
34  4 0.00000000E+00 0.00000000E+00 1.09583667E+00 0.00000000E+00-2.89304996E-02
34  5-1.83487806E-01 1.24815187E+00 5.81262996E-01 0.00000000E+00-3.03612832E-01
34  6-2.21909102E-02 0.00000000E+00-1.72084649E-01-4.16564687E-02-1.56590619E-02
34  7 5.73155306E-02 0.00000000E+00 1.25799590E-01 0.00000000E+00 2.89304996E-02
34  8 1.83487806E-01-1.24815187E+00 5.81262996E-01 0.00000000E+00 3.03612832E-01
34  9-2.21909102E-02 0.00000000E+00 1.72084649E-01 4.16564687E-02 1.56590619E-02
34 10-5.73155306E-02 0.00000000E+00 1.25799590E-01 0.00000000E+00
35  1 0.00000000E+00 0.00000000E+00 0.00000000E+00 0.00000000E+00 4.45687522E-02
35  2 0.00000000E+00 0.00000000E+00 1.07952207E-01 0.00000000E+00 0.00000000E+00
35  3 8.26735983E-01 0.00000000E+00 0.00000000E+00 0.00000000E+00 0.00000000E+00
35  4 0.00000000E+00 0.00000000E+00-2.49674445E-01 0.00000000E+00 1.45222508E-02
35  5-1.24193190E+00 1.69834736E+00-1.50979069E-01 0.00000000E+00 1.28806957E-01
35  6 3.36821977E-01 0.00000000E+00-3.98253715E-01-1.16570490E-01 2.01942874E-01
35  7-8.53723838E-02 0.00000000E+00 3.04926516E-02 0.00000000E+00-1.45222508E-02
35  8 1.24193190E+00-1.69834736E+00-1.50979069E-01 0.00000000E+00-1.28806957E-01
35  9 3.36821977E-01 0.00000000E+00 3.98253715E-01 1.16570490E-01-2.01942874E-01
35 10 8.53723838E-02 0.00000000E+00 3.04926516E-02 0.00000000E+00
36  1-1.33477584E-02-1.44052069E-01-3.10410944E-01 2.84374325E+00 0.00000000E+00
36  2 0.00000000E+00-5.34341572E-02 0.00000000E+00 0.00000000E+00 4.26411278E-01
36  3 0.00000000E+00 0.00000000E+00 1.15256374E+00 2.35379222E-01-3.77280954E-01
36  4 1.41901732E-01 0.00000000E+00 0.00000000E+00 0.00000000E+00 1.22403341E-02
36  5 1.24353658E+00-2.60899236E+00-1.17826596E-01 0.00000000E+00 9.46619762E-02
36  6-6.09932720E-01 0.00000000E+00 2.01294099E-01 7.16554832E-02-1.34846533E-02
36  7-5.81708299E-02 0.00000000E+00-1.76173794E-01 0.00000000E+00 1.22403341E-02
36  8 1.24353658E+00-2.60899236E+00 1.17826596E-01 0.00000000E+00 9.46619762E-02
36  9 6.09932720E-01 0.00000000E+00 2.01294099E-01 7.16554832E-02-1.34846533E-02
36 10-5.81708299E-02 0.00000000E+00 1.76173794E-01 0.00000000E+00
37  1 0.00000000E+00 0.00000000E+00 0.00000000E+00 0.00000000E+00 0.00000000E+00
37  2 0.00000000E+00 0.00000000E+00 0.00000000E+00 0.00000000E+00 0.00000000E+00
37  3 0.00000000E+00 0.00000000E+00 0.00000000E+00 0.00000000E+00 0.00000000E+00
37  4 0.00000000E+00 3.36671084E-02 0.00000000E+00 0.00000000E+00 0.00000000E+00
37  5 0.00000000E+00 0.00000000E+00 0.00000000E+00-3.83223809E-02 0.00000000E+00
37  6 0.00000000E+00 6.24943810E-02 0.00000000E+00 0.00000000E+00 0.00000000E+00
37  7 0.00000000E+00 5.55046037E-01 0.00000000E+00 4.40938924E-01 0.00000000E+00
37  8 0.00000000E+00 0.00000000E+00 0.00000000E+00 3.83223809E-02 0.00000000E+00
37  9 0.00000000E+00-6.24943810E-02 0.00000000E+00 0.00000000E+00 0.00000000E+00
37 10 0.00000000E+00 5.55046037E-01 0.00000000E+00-4.40938924E-01
38  1 0.00000000E+00 0.00000000E+00 0.00000000E+00 0.00000000E+00 0.00000000E+00
38  2-2.48630810E-02 0.00000000E+00 0.00000000E+00 1.07508161E-01 0.00000000E+00
38  3 0.00000000E+00 2.62103820E-02 0.00000000E+00 0.00000000E+00 0.00000000E+00
38  4 0.00000000E+00 0.00000000E+00 0.00000000E+00-6.69603352E-02 0.00000000E+00
38  5 0.00000000E+00 0.00000000E+00 0.00000000E+00 3.95155546E-02 0.00000000E+00
38  6 0.00000000E+00-6.07107744E-02 0.00000000E+00 0.00000000E+00 0.00000000E+00
38  7 0.00000000E+00 2.31187279E-01 0.00000000E+00 6.70199320E-01 0.00000000E+00
38  8 0.00000000E+00 0.00000000E+00 0.00000000E+00 3.95155546E-02 0.00000000E+00
38  9 0.00000000E+00-6.07107744E-02 0.00000000E+00 0.00000000E+00 0.00000000E+00
38 10 0.00000000E+00-2.31187279E-01 0.00000000E+00 6.70199320E-01
39  1 3.21177440E-03-7.39836205E-03 2.56612433E-02-3.02389088E-01 0.00000000E+00
39  2 0.00000000E+00-1.05790389E-02 0.00000000E+00 0.00000000E+00 3.89101214E-03
39  3 0.00000000E+00 0.00000000E+00-1.42964532E-01 9.29240744E-02-2.10063743E-01
39  4 1.17139669E-01 0.00000000E+00 0.00000000E+00 0.00000000E+00 1.96857914E-03
39  5-2.27869105E-01 3.15584956E-01-7.12227468E-02 0.00000000E+00 2.02139865E-02
39  6 1.22331134E-01 0.00000000E+00-2.72096928E-02-2.37295209E-01 6.20458213E-01
39  7-3.83163005E-01 0.00000000E+00-3.21195049E-01 0.00000000E+00 1.96857914E-03
39  8-2.27869105E-01 3.15584956E-01 7.12227468E-02 0.00000000E+00 2.02139865E-02
39  9-1.22331134E-01 0.00000000E+00-2.72096928E-02-2.37295209E-01 6.20458213E-01
39 10-3.83163005E-01 0.00000000E+00 3.21195049E-01 0.00000000E+00
40  1 0.00000000E+00 0.00000000E+00 0.00000000E+00 0.00000000E+00-1.27347547E-02
40  2 0.00000000E+00 0.00000000E+00-3.96012722E-02 0.00000000E+00 0.00000000E+00
40  3-2.97936334E-02 0.00000000E+00 0.00000000E+00 0.00000000E+00 0.00000000E+00
40  4 0.00000000E+00 0.00000000E+00 3.37125789E-01 0.00000000E+00-3.92056042E-03
40  5 3.02373025E-01-2.54189771E-01 1.31666893E-01 0.00000000E+00-7.31864390E-02
40  6-1.25292352E-01 0.00000000E+00 8.64935796E-02-2.30792002E-02 5.73317302E-01
40  7-5.50238102E-01 0.00000000E+00-2.40803112E-01 0.00000000E+00 3.92056042E-03
40  8-3.02373025E-01 2.54189771E-01 1.31666893E-01 0.00000000E+00 7.31864390E-02
40  9-1.25292352E-01 0.00000000E+00-8.64935796E-02 2.30792002E-02-5.73317302E-01
40 10 5.50238102E-01 0.00000000E+00-2.40803112E-01 0.00000000E+00
41  1 0.00000000E+00 0.00000000E+00 0.00000000E+00 0.00000000E+00 4.65401282E-02
41  2 0.00000000E+00 0.00000000E+00-1.46905324E-01 0.00000000E+00 0.00000000E+00
41  3-6.47350886E-02 0.00000000E+00 0.00000000E+00 0.00000000E+00 0.00000000E+00
41  4 0.00000000E+00 0.00000000E+00 1.88840872E-01 0.00000000E+00 2.19754467E-03
41  5-9.83518936E-02 1.38296781E-01-9.12256475E-02 0.00000000E+00-8.79738050E-02
41  6 2.38701554E-01 0.00000000E+00 1.58361385E-01 6.37761483E-01-1.69932450E-01
41  7-4.67829033E-01 0.00000000E+00 3.17913165E-01 0.00000000E+00-2.19754467E-03
41  8 9.83518936E-02-1.38296781E-01-9.12256475E-02 0.00000000E+00 8.79738050E-02
41  9 2.38701554E-01 0.00000000E+00-1.58361385E-01-6.37761483E-01 1.69932450E-01
41 10 4.67829033E-01 0.00000000E+00 3.17913165E-01 0.00000000E+00
42  1 0.00000000E+00 0.00000000E+00 0.00000000E+00 0.00000000E+00 0.00000000E+00
42  2 0.00000000E+00 0.00000000E+00 0.00000000E+00 0.00000000E+00 0.00000000E+00
42  3 0.00000000E+00 0.00000000E+00 0.00000000E+00 0.00000000E+00 0.00000000E+00
42  4 0.00000000E+00 6.32735039E-01 0.00000000E+00 0.00000000E+00 0.00000000E+00
42  5 0.00000000E+00 0.00000000E+00 0.00000000E+00-1.70201956E-02 0.00000000E+00
42  6 0.00000000E+00 2.29700558E-01 0.00000000E+00 0.00000000E+00 0.00000000E+00
42  7 0.00000000E+00 5.03584862E-01 0.00000000E+00-6.03224600E-01 0.00000000E+00
42  8 0.00000000E+00 0.00000000E+00 0.00000000E+00 1.70201956E-02 0.00000000E+00
42  9 0.00000000E+00-2.29700558E-01 0.00000000E+00 0.00000000E+00 0.00000000E+00
42 10 0.00000000E+00 5.03584862E-01 0.00000000E+00 6.03224600E-01
43  1 0.00000000E+00 0.00000000E+00 0.00000000E+00 0.00000000E+00 0.00000000E+00
43  2 9.29426652E-02 0.00000000E+00 0.00000000E+00-3.97181648E-01 0.00000000E+00
43  3 0.00000000E+00-1.79065776E-01 0.00000000E+00 0.00000000E+00 0.00000000E+00
43  4 0.00000000E+00 0.00000000E+00 0.00000000E+00-4.75161295E-01 0.00000000E+00
43  5 0.00000000E+00 0.00000000E+00 0.00000000E+00-3.46023582E-02 0.00000000E+00
43  6 0.00000000E+00 2.63476895E-01 0.00000000E+00 0.00000000E+00 0.00000000E+00
43  7 0.00000000E+00 7.33263301E-01 0.00000000E+00-2.68473882E-01 0.00000000E+00
43  8 0.00000000E+00 0.00000000E+00 0.00000000E+00-3.46023582E-02 0.00000000E+00
43  9 0.00000000E+00 2.63476895E-01 0.00000000E+00 0.00000000E+00 0.00000000E+00
43 10 0.00000000E+00-7.33263301E-01 0.00000000E+00-2.68473882E-01
44  1-4.95017182E-03-2.80319362E-02-9.35137987E-02 9.60360451E-02 0.00000000E+00
44  2 0.00000000E+00-7.74148596E-02 0.00000000E+00 0.00000000E+00 3.15881225E-01
44  3 0.00000000E+00 0.00000000E+00 2.39895193E-01-6.96039417E-01 2.96611851E-03
44  4 6.93073298E-01 0.00000000E+00 0.00000000E+00 0.00000000E+00 2.98727141E-03
44  5 4.78850613E-02-7.81795659E-02-1.81938725E-02 0.00000000E+00-4.82474625E-02
44  6-1.36614659E-01 0.00000000E+00-2.55469722E-01-6.62245250E-01-3.55502195E-02
44  7 6.97795469E-01 0.00000000E+00-2.97554264E-01 0.00000000E+00 2.98727141E-03
44  8 4.78850613E-02-7.81795659E-02 1.81938725E-02 0.00000000E+00-4.82474625E-02
44  9 1.36614659E-01 0.00000000E+00-2.55469722E-01-6.62245250E-01-3.55502195E-02
44 10 6.97795469E-01 0.00000000E+00 2.97554264E-01 0.00000000E+00
45  1-6.56966044E-02-3.04321394E-01-1.24683479E+00-1.42220961E+00 0.00000000E+00
45  2 0.00000000E+00 1.30919928E-01 0.00000000E+00 0.00000000E+00-1.10698771E+00
45  3 0.00000000E+00 0.00000000E+00-3.14801816E-01-4.72396714E-01 4.71044529E-01
45  4 1.35218455E-03 0.00000000E+00 0.00000000E+00 0.00000000E+00-4.38227764E-02
45  5-5.80113687E-01 1.75429884E+00 1.52043423E-01 0.00000000E+00-1.02737650E-01
45  6 7.57624698E-01 0.00000000E+00-5.28977509E-01 4.58713543E-01-4.52602157E-01
45  7-6.11138618E-03 0.00000000E+00-7.22656282E-01 0.00000000E+00-4.38227764E-02
45  8-5.80113687E-01 1.75429884E+00-1.52043423E-01 0.00000000E+00-1.02737650E-01
45  9-7.57624698E-01 0.00000000E+00-5.28977509E-01 4.58713543E-01-4.52602157E-01
45 10-6.11138618E-03 0.00000000E+00 7.22656282E-01 0.00000000E+00
46  1 0.00000000E+00 0.00000000E+00 0.00000000E+00 0.00000000E+00-2.19897469E-01
46  2 0.00000000E+00 0.00000000E+00 1.74247201E+00 0.00000000E+00 0.00000000E+00
46  3 4.26446792E-01 0.00000000E+00 0.00000000E+00 0.00000000E+00 0.00000000E+00
46  4 0.00000000E+00 0.00000000E+00 8.96637726E-01 0.00000000E+00-4.48077770E-02
46  5-4.92091889E-01 1.76566989E+00 2.39703575E-01 0.00000000E+00-1.71649835E-01
46  6 8.02294267E-01 0.00000000E+00-5.48080084E-01 4.65804737E-01-4.41384054E-01
46  7-2.44206823E-02 0.00000000E+00-7.71251402E-01 0.00000000E+00 4.48077770E-02
46  8 4.92091889E-01-1.76566989E+00 2.39703575E-01 0.00000000E+00 1.71649835E-01
46  9 8.02294267E-01 0.00000000E+00 5.48080084E-01-4.65804737E-01 4.41384054E-01
46 10 2.44206823E-02 0.00000000E+00-7.71251402E-01 0.00000000E+00
 $END   
 POPULATION ANALYSIS
S           15.32582   0.67418  15.27431   0.72569
O            8.33709  -0.33709   8.36285  -0.36285
O            8.33709  -0.33709   8.36285  -0.36285
 MOMENTS AT POINT    1 X,Y,Z=  0.000000  0.000000  0.000000
 DIPOLE       0.000000  0.000000 -1.744927
