 $DATA  
Title                                                                           
CNV      2

S          16.0      0.0000000000      0.0000000000     -0.3381884337
   PC1     0
        
O           8.0      1.4500924593      0.0000000000      0.3380007851
   PC1     0
        
 $END      
 $ZMAT   IZMAT(1)=
         1,   3,   1,
         1,   2,   1,
         2,   2,   1,   3,
 $END
--- CLOSED SHELL ORBITALS --- GENERATED AT Thu Feb 26 00:18:16 2015
Title                                                                           
E(R-PBE)=     -548.2407569818, E(NUC)=   96.3460097190,   21 ITERS
 $VEC   
 1  1 1.00298021E+00-1.02903698E-02 1.78792373E-03-7.87631288E-04 0.00000000E+00
 1  2 0.00000000E+00 6.33967698E-05 0.00000000E+00 0.00000000E+00 4.80940550E-05
 1  3 0.00000000E+00 0.00000000E+00-1.30994753E-05 7.86447631E-05-4.95351360E-05
 1  4-2.91096271E-05 0.00000000E+00 0.00000000E+00 0.00000000E+00 8.11482583E-06
 1  5 3.64206336E-05-3.54563257E-05-1.67443557E-05 0.00000000E+00 4.52090469E-06
 1  6-1.01559208E-04 0.00000000E+00 6.36212435E-05-8.50178945E-05 6.16113814E-05
 1  7 2.34065132E-05 0.00000000E+00 8.54230302E-05 0.00000000E+00 8.11482583E-06
 1  8 3.64206336E-05-3.54563257E-05 1.67443557E-05 0.00000000E+00 4.52090469E-06
 1  9 1.01559208E-04 0.00000000E+00 6.36212435E-05-8.50178945E-05 6.16113814E-05
 1 10 2.34065132E-05 0.00000000E+00-8.54230302E-05 0.00000000E+00
 2  1-5.18182693E-05-7.73467260E-04-1.36550608E-03 9.04981147E-03 0.00000000E+00
 2  2 0.00000000E+00-7.32644741E-05 0.00000000E+00 0.00000000E+00 8.39692791E-04
 2  3 0.00000000E+00 0.00000000E+00 3.18976381E-03 1.13906210E-03-9.58570991E-04
 2  4-1.80491107E-04 0.00000000E+00 0.00000000E+00 0.00000000E+00 7.03279835E-01
 2  5 2.56847863E-02-1.21925381E-02 9.58408276E-04 0.00000000E+00-2.20365389E-04
 2  6-3.59265623E-03 0.00000000E+00 7.46874671E-04-4.57316199E-04 2.83969061E-04
 2  7 1.73347138E-04 0.00000000E+00 2.79938928E-04 0.00000000E+00 7.03279835E-01
 2  8 2.56847863E-02-1.21925381E-02-9.58408276E-04 0.00000000E+00-2.20365389E-04
 2  9 3.59265623E-03 0.00000000E+00 7.46874671E-04-4.57316199E-04 2.83969061E-04
 2 10 1.73347138E-04 0.00000000E+00-2.79938928E-04 0.00000000E+00
 3  1 0.00000000E+00 0.00000000E+00 0.00000000E+00 0.00000000E+00 7.70438672E-05
 3  2 0.00000000E+00 0.00000000E+00-1.40779262E-03 0.00000000E+00 0.00000000E+00
 3  3-5.92972894E-03 0.00000000E+00 0.00000000E+00 0.00000000E+00 0.00000000E+00
 3  4 0.00000000E+00 0.00000000E+00-9.35544048E-04 0.00000000E+00 7.03273358E-01
 3  5 2.56354904E-02-1.23161734E-02 7.81642965E-04 0.00000000E+00-4.96202166E-04
 3  6-2.35870766E-03 0.00000000E+00 1.90034404E-03-2.21087885E-04 2.04363690E-04
 3  7 1.67241950E-05 0.00000000E+00 3.10843234E-04 0.00000000E+00-7.03273358E-01
 3  8-2.56354904E-02 1.23161734E-02 7.81642965E-04 0.00000000E+00 4.96202166E-04
 3  9-2.35870766E-03 0.00000000E+00-1.90034404E-03 2.21087885E-04-2.04363690E-04
 3 10-1.67241950E-05 0.00000000E+00 3.10843234E-04 0.00000000E+00
 4  1-2.74089764E-01 1.03939457E+00 4.05776097E-02-1.11358050E-02 0.00000000E+00
 4  2 0.00000000E+00 1.11801770E-02 0.00000000E+00 0.00000000E+00 1.20436255E-03
 4  3 0.00000000E+00 0.00000000E+00-4.12360491E-04 1.02255330E-03-5.51915199E-04
 4  4-4.70638101E-04 0.00000000E+00 0.00000000E+00 0.00000000E+00 3.80856134E-05
 4  5 9.01363149E-05-7.63533610E-05-3.17172717E-04 0.00000000E+00 1.13215072E-04
 4  6-9.66382118E-04 0.00000000E+00 6.61615890E-04-6.06200522E-04 4.46191650E-04
 4  7 1.60008872E-04 0.00000000E+00 6.27317183E-04 0.00000000E+00 3.80856134E-05
 4  8 9.01363149E-05-7.63533610E-05 3.17172717E-04 0.00000000E+00 1.13215072E-04
 4  9 9.66382118E-04 0.00000000E+00 6.61615890E-04-6.06200522E-04 4.46191650E-04
 4 10 1.60008872E-04 0.00000000E+00-6.27317183E-04 0.00000000E+00
 5  1 0.00000000E+00 0.00000000E+00 0.00000000E+00 0.00000000E+00 9.96778459E-01
 5  2 0.00000000E+00 0.00000000E+00 9.09625773E-03 0.00000000E+00 0.00000000E+00
 5  3-2.51916236E-04 0.00000000E+00 0.00000000E+00 0.00000000E+00 0.00000000E+00
 5  4 0.00000000E+00 0.00000000E+00 7.97485317E-04 0.00000000E+00 1.96560410E-04
 5  5-7.61656743E-06-2.07340202E-04-2.63540207E-04 0.00000000E+00 1.23461631E-04
 5  6-1.12435325E-04 0.00000000E+00 1.44990222E-04-2.93767584E-04 2.43199413E-04
 5  7 5.05681709E-05 0.00000000E+00 3.70248760E-04 0.00000000E+00-1.96560410E-04
 5  8 7.61656743E-06 2.07340202E-04-2.63540207E-04 0.00000000E+00-1.23461631E-04
 5  9-1.12435325E-04 0.00000000E+00-1.44990222E-04 2.93767584E-04-2.43199413E-04
 5 10-5.05681709E-05 0.00000000E+00 3.70248760E-04 0.00000000E+00
 6  1 0.00000000E+00 0.00000000E+00 0.00000000E+00 0.00000000E+00 0.00000000E+00
 6  2 9.96912125E-01 0.00000000E+00 0.00000000E+00 8.87184916E-03 0.00000000E+00
 6  3 0.00000000E+00-1.59258433E-04 0.00000000E+00 0.00000000E+00 0.00000000E+00
 6  4 0.00000000E+00 0.00000000E+00 0.00000000E+00 6.39706988E-04 0.00000000E+00
 6  5 0.00000000E+00 0.00000000E+00 0.00000000E+00 2.40916776E-05 0.00000000E+00
 6  6 0.00000000E+00-5.86453605E-05 0.00000000E+00 0.00000000E+00 0.00000000E+00
 6  7 0.00000000E+00 3.37234590E-05 0.00000000E+00-2.81085384E-05 0.00000000E+00
 6  8 0.00000000E+00 0.00000000E+00 0.00000000E+00 2.40916776E-05 0.00000000E+00
 6  9 0.00000000E+00-5.86453605E-05 0.00000000E+00 0.00000000E+00 0.00000000E+00
 6 10 0.00000000E+00-3.37234590E-05 0.00000000E+00-2.81085384E-05
 7  1 3.11635548E-03-1.18905449E-02-4.43546379E-05-6.88154371E-04 0.00000000E+00
 7  2 0.00000000E+00 9.96913979E-01 0.00000000E+00 0.00000000E+00 8.58189828E-03
 7  3 0.00000000E+00 0.00000000E+00-2.46351704E-04-5.59486345E-04-2.58498117E-04
 7  4 8.17984462E-04 0.00000000E+00 0.00000000E+00 0.00000000E+00-1.09631514E-04
 7  5-1.17126124E-04 5.34513763E-04 1.82234193E-04 0.00000000E+00-6.19532740E-05
 7  6 2.91349195E-04 0.00000000E+00-2.18912247E-04 2.53507675E-04-1.60538227E-04
 7  7-9.29694479E-05 0.00000000E+00-2.21955645E-04 0.00000000E+00-1.09631514E-04
 7  8-1.17126124E-04 5.34513763E-04-1.82234193E-04 0.00000000E+00-6.19532740E-05
 7  9-2.91349195E-04 0.00000000E+00-2.18912247E-04 2.53507675E-04-1.60538227E-04
 7 10-9.29694479E-05 0.00000000E+00 2.21955645E-04 0.00000000E+00
 8  1 4.78661887E-02-1.37538783E-01 2.83185730E-01 1.58127399E-01 0.00000000E+00
 8  2 0.00000000E+00-4.52883051E-02 0.00000000E+00 0.00000000E+00 9.04445749E-02
 8  3 0.00000000E+00 0.00000000E+00 3.60258849E-03 4.38422458E-02-2.95613559E-02
 8  4-1.42808899E-02 0.00000000E+00 0.00000000E+00 0.00000000E+00-1.25506741E-01
 8  5 2.49748785E-01 2.96965707E-01 9.44379044E-02 0.00000000E+00-3.98944565E-02
 8  6 4.31470301E-02 0.00000000E+00-1.55282067E-02 1.10162308E-02-5.28483596E-03
 8  7-5.73139479E-03 0.00000000E+00-7.49309971E-03 0.00000000E+00-1.25506741E-01
 8  8 2.49748785E-01 2.96965707E-01-9.44379044E-02 0.00000000E+00-3.98944565E-02
 8  9-4.31470301E-02 0.00000000E+00-1.55282067E-02 1.10162308E-02-5.28483596E-03
 8 10-5.73139479E-03 0.00000000E+00 7.49309971E-03 0.00000000E+00
 9  1 0.00000000E+00 0.00000000E+00 0.00000000E+00 0.00000000E+00 1.08573815E-01
 9  2 0.00000000E+00 0.00000000E+00-2.14192790E-01 0.00000000E+00 0.00000000E+00
 9  3-2.32740767E-02 0.00000000E+00 0.00000000E+00 0.00000000E+00 0.00000000E+00
 9  4 0.00000000E+00 0.00000000E+00-5.28480501E-02 0.00000000E+00-1.47727678E-01
 9  5 2.98532531E-01 3.64282294E-01 8.49111598E-02 0.00000000E+00-4.05009918E-02
 9  6 3.61987750E-02 0.00000000E+00-2.00559290E-02 6.12873434E-03-2.98172653E-03
 9  7-3.14700781E-03 0.00000000E+00-6.85633154E-03 0.00000000E+00 1.47727678E-01
 9  8-2.98532531E-01-3.64282294E-01 8.49111598E-02 0.00000000E+00 4.05009918E-02
 9  9 3.61987750E-02 0.00000000E+00 2.00559290E-02-6.12873434E-03 2.98172653E-03
 9 10 3.14700781E-03 0.00000000E+00-6.85633154E-03 0.00000000E+00
10  1 6.91489047E-02-1.92637990E-01 4.40547064E-01 4.01581195E-01 0.00000000E+00
10  2 0.00000000E+00 2.14310804E-02 0.00000000E+00 0.00000000E+00-3.83388984E-02
10  3 0.00000000E+00 0.00000000E+00-4.20463875E-02-1.64442518E-02 1.59625507E-02
10  4 4.81701161E-04 0.00000000E+00 0.00000000E+00 0.00000000E+00 1.02945297E-01
10  5-2.13644359E-01-3.34287724E-01 1.26027959E-01 0.00000000E+00-6.42540068E-02
10  6 6.04187425E-02 0.00000000E+00-2.52757668E-02 6.47119435E-03-5.85632234E-03
10  7-6.14872016E-04 0.00000000E+00-6.78212135E-03 0.00000000E+00 1.02945297E-01
10  8-2.13644359E-01-3.34287724E-01-1.26027959E-01 0.00000000E+00-6.42540068E-02
10  9-6.04187425E-02 0.00000000E+00-2.52757668E-02 6.47119435E-03-5.85632234E-03
10 10-6.14872016E-04 0.00000000E+00 6.78212135E-03 0.00000000E+00
11  1 0.00000000E+00 0.00000000E+00 0.00000000E+00 0.00000000E+00-1.73698909E-01
11  2 0.00000000E+00 0.00000000E+00 4.12704930E-01 0.00000000E+00 0.00000000E+00
11  3 6.90807562E-02 0.00000000E+00 0.00000000E+00 0.00000000E+00 0.00000000E+00
11  4 0.00000000E+00 0.00000000E+00 3.85171597E-02 0.00000000E+00-6.31586361E-02
11  5 1.29147469E-01 2.26938204E-01-3.13575026E-01 0.00000000E+00 1.94359901E-01
11  6-1.79764812E-01 0.00000000E+00 1.20880928E-01-7.02886844E-03 7.76172647E-03
11  7-7.32858031E-04 0.00000000E+00 1.26489457E-02 0.00000000E+00 6.31586361E-02
11  8-1.29147469E-01-2.26938204E-01-3.13575026E-01 0.00000000E+00-1.94359901E-01
11  9-1.79764812E-01 0.00000000E+00-1.20880928E-01 7.02886844E-03-7.76172647E-03
11 10 7.32858031E-04 0.00000000E+00 1.26489457E-02 0.00000000E+00
12  1 0.00000000E+00 0.00000000E+00 0.00000000E+00 0.00000000E+00 0.00000000E+00
12  2-2.05618264E-01 0.00000000E+00 0.00000000E+00 4.82296595E-01 0.00000000E+00
12  3 0.00000000E+00 2.83249261E-01 0.00000000E+00 0.00000000E+00 0.00000000E+00
12  4 0.00000000E+00 0.00000000E+00 0.00000000E+00 3.93902011E-02 0.00000000E+00
12  5 0.00000000E+00 0.00000000E+00 0.00000000E+00 2.99631833E-01 0.00000000E+00
12  6 0.00000000E+00 1.81541933E-01 0.00000000E+00 0.00000000E+00 0.00000000E+00
12  7 0.00000000E+00 1.81746198E-02 0.00000000E+00-7.88857811E-03 0.00000000E+00
12  8 0.00000000E+00 0.00000000E+00 0.00000000E+00 2.99631833E-01 0.00000000E+00
12  9 0.00000000E+00 1.81541933E-01 0.00000000E+00 0.00000000E+00 0.00000000E+00
12 10 0.00000000E+00-1.81746198E-02 0.00000000E+00-7.88857811E-03
13  1-9.63235845E-03 4.38686312E-02-3.90397346E-02-1.95185373E-01 0.00000000E+00
13  2 0.00000000E+00-2.03084326E-01 0.00000000E+00 0.00000000E+00 4.74816954E-01
13  3 0.00000000E+00 0.00000000E+00 2.44337237E-01-2.70715851E-02-1.89256266E-02
13  4 4.59972117E-02 0.00000000E+00 0.00000000E+00 0.00000000E+00 2.06458435E-02
13  5-4.18135271E-02-7.89241094E-02 2.53544444E-01 0.00000000E+00 1.70616215E-01
13  6 1.63594005E-01 0.00000000E+00 1.05385723E-01 1.76711310E-02-4.72404691E-03
13  7-1.29470841E-02 0.00000000E+00 6.31685102E-03 0.00000000E+00 2.06458435E-02
13  8-4.18135271E-02-7.89241094E-02-2.53544444E-01 0.00000000E+00 1.70616215E-01
13  9-1.63594005E-01 0.00000000E+00 1.05385723E-01 1.76711310E-02-4.72404691E-03
13 10-1.29470841E-02 0.00000000E+00-6.31685102E-03 0.00000000E+00
14  1 0.00000000E+00 0.00000000E+00 0.00000000E+00 0.00000000E+00 0.00000000E+00
14  2 0.00000000E+00 0.00000000E+00 0.00000000E+00 0.00000000E+00 0.00000000E+00
14  3 0.00000000E+00 0.00000000E+00 0.00000000E+00 0.00000000E+00 0.00000000E+00
14  4 0.00000000E+00-1.08395889E-01 0.00000000E+00 0.00000000E+00 0.00000000E+00
14  5 0.00000000E+00 0.00000000E+00 0.00000000E+00 4.66511701E-01 0.00000000E+00
14  6 0.00000000E+00 3.31960112E-01 0.00000000E+00 0.00000000E+00 0.00000000E+00
14  7 0.00000000E+00 1.65593070E-02 0.00000000E+00-8.11817695E-03 0.00000000E+00
14  8 0.00000000E+00 0.00000000E+00 0.00000000E+00-4.66511701E-01 0.00000000E+00
14  9 0.00000000E+00-3.31960112E-01 0.00000000E+00 0.00000000E+00 0.00000000E+00
14 10 0.00000000E+00 1.65593070E-02 0.00000000E+00 8.11817695E-03
15  1 0.00000000E+00 0.00000000E+00 0.00000000E+00 0.00000000E+00-1.68688691E-02
15  2 0.00000000E+00 0.00000000E+00 3.43276296E-02 0.00000000E+00 0.00000000E+00
15  3 1.09274521E-01 0.00000000E+00 0.00000000E+00 0.00000000E+00 0.00000000E+00
15  4 0.00000000E+00 0.00000000E+00-9.94335692E-02 0.00000000E+00-1.08494952E-03
15  5-4.89000720E-05 3.54288073E-02 2.77252277E-01 0.00000000E+00 3.77600540E-01
15  6 1.93557496E-01 0.00000000E+00 2.61907907E-01 1.16820275E-02 5.16802371E-04
15  7-1.21988299E-02 0.00000000E+00 1.14896889E-02 0.00000000E+00 1.08494952E-03
15  8 4.89000720E-05-3.54288073E-02 2.77252277E-01 0.00000000E+00-3.77600540E-01
15  9 1.93557496E-01 0.00000000E+00-2.61907907E-01-1.16820275E-02-5.16802371E-04
15 10 1.21988299E-02 0.00000000E+00 1.14896889E-02 0.00000000E+00
16  1 2.02374643E-02-9.40673203E-02 8.38816329E-02 4.71282231E-01 0.00000000E+00
16  2 0.00000000E+00 8.93950837E-02 0.00000000E+00 0.00000000E+00-2.17287182E-01
16  3 0.00000000E+00 0.00000000E+00-7.23532488E-02-1.38128386E-01 5.98948441E-02
16  4 7.82335415E-02 0.00000000E+00 0.00000000E+00 0.00000000E+00 4.41596589E-04
16  5-1.93012175E-03-3.90952074E-02-1.37140210E-01 0.00000000E+00 4.25061351E-01
16  6-1.02180848E-01 0.00000000E+00 3.10004115E-01 6.25606152E-04 3.58882241E-03
16  7-4.21442856E-03 0.00000000E+00 1.05822494E-02 0.00000000E+00 4.41596589E-04
16  8-1.93012175E-03-3.90952074E-02 1.37140210E-01 0.00000000E+00 4.25061351E-01
16  9 1.02180848E-01 0.00000000E+00 3.10004115E-01 6.25606152E-04 3.58882241E-03
16 10-4.21442856E-03 0.00000000E+00-1.05822494E-02 0.00000000E+00
17  1 0.00000000E+00 0.00000000E+00 0.00000000E+00 0.00000000E+00 0.00000000E+00
17  2-2.08302460E-01 0.00000000E+00 0.00000000E+00 5.24441580E-01 0.00000000E+00
17  3 0.00000000E+00 4.24577622E-01 0.00000000E+00 0.00000000E+00 0.00000000E+00
17  4 0.00000000E+00 0.00000000E+00 0.00000000E+00-4.01789243E-02 0.00000000E+00
17  5 0.00000000E+00 0.00000000E+00 0.00000000E+00-3.93233247E-01 0.00000000E+00
17  6 0.00000000E+00-3.14253142E-01 0.00000000E+00 0.00000000E+00 0.00000000E+00
17  7 0.00000000E+00-1.68796623E-03 0.00000000E+00 2.40207110E-05 0.00000000E+00
17  8 0.00000000E+00 0.00000000E+00 0.00000000E+00-3.93233247E-01 0.00000000E+00
17  9 0.00000000E+00-3.14253142E-01 0.00000000E+00 0.00000000E+00 0.00000000E+00
17 10 0.00000000E+00 1.68796623E-03 0.00000000E+00 2.40207110E-05
18  1 2.56853122E-02-9.72788430E-02 1.43015409E-01 5.81350441E-01 0.00000000E+00
18  2 0.00000000E+00-1.83007351E-01 0.00000000E+00 0.00000000E+00 4.75822512E-01
18  3 0.00000000E+00 0.00000000E+00 5.74741860E-01-1.28690035E-01 1.24062248E-01
18  4 4.62778653E-03 0.00000000E+00 0.00000000E+00 0.00000000E+00 3.65245908E-02
18  5-7.39275025E-02-2.78568004E-01-3.86984917E-01 0.00000000E+00-9.16059442E-02
18  6-3.57772999E-01 0.00000000E+00-7.44263141E-02 1.26133786E-03 2.50983083E-03
18  7-3.77116869E-03 0.00000000E+00 4.64872677E-03 0.00000000E+00 3.65245908E-02
18  8-7.39275025E-02-2.78568004E-01 3.86984917E-01 0.00000000E+00-9.16059442E-02
18  9 3.57772999E-01 0.00000000E+00-7.44263141E-02 1.26133786E-03 2.50983083E-03
18 10-3.77116869E-03 0.00000000E+00-4.64872677E-03 0.00000000E+00
19  1 0.00000000E+00 0.00000000E+00 0.00000000E+00 0.00000000E+00-1.93761207E-01
19  2 0.00000000E+00 0.00000000E+00 5.01036222E-01 0.00000000E+00 0.00000000E+00
19  3 1.07911042E+00 0.00000000E+00 0.00000000E+00 0.00000000E+00 0.00000000E+00
19  4 0.00000000E+00 0.00000000E+00-1.90591656E-01 0.00000000E+00-5.54320036E-02
19  5 9.27823641E-02 5.49546847E-01 1.60147688E-01 0.00000000E+00-2.64594554E-01
19  6 2.36287496E-01 0.00000000E+00-2.68271895E-01 6.18351475E-03 1.03875403E-03
19  7-7.22226878E-03 0.00000000E+00 4.04080780E-03 0.00000000E+00 5.54320036E-02
19  8-9.27823641E-02-5.49546847E-01 1.60147688E-01 0.00000000E+00 2.64594554E-01
19  9 2.36287496E-01 0.00000000E+00 2.68271895E-01-6.18351475E-03-1.03875403E-03
19 10 7.22226878E-03 0.00000000E+00 4.04080780E-03 0.00000000E+00
20  1 0.00000000E+00 0.00000000E+00 0.00000000E+00 0.00000000E+00 0.00000000E+00
20  2 2.86640399E-01 0.00000000E+00 0.00000000E+00-1.11274343E+00 0.00000000E+00
20  3 0.00000000E+00 1.24487976E+00 0.00000000E+00 0.00000000E+00 0.00000000E+00
20  4 0.00000000E+00 0.00000000E+00 0.00000000E+00-2.03340463E-01 0.00000000E+00
20  5 0.00000000E+00 0.00000000E+00 0.00000000E+00-5.79274302E-02 0.00000000E+00
20  6 0.00000000E+00-1.12499782E-01 0.00000000E+00 0.00000000E+00 0.00000000E+00
20  7 0.00000000E+00-2.37634262E-02 0.00000000E+00 6.18330522E-03 0.00000000E+00
20  8 0.00000000E+00 0.00000000E+00 0.00000000E+00-5.79274302E-02 0.00000000E+00
20  9 0.00000000E+00-1.12499782E-01 0.00000000E+00 0.00000000E+00 0.00000000E+00
20 10 0.00000000E+00 2.37634262E-02 0.00000000E+00 6.18330522E-03
21  1-9.47085773E-03-7.52341544E-02-1.95374691E-01 5.14114904E-01 0.00000000E+00
21  2 0.00000000E+00 2.76415692E-01 0.00000000E+00 0.00000000E+00-1.06327300E+00
21  3 0.00000000E+00 0.00000000E+00 1.34025287E+00 1.40242636E-01 1.05253125E-01
21  4-2.45495761E-01 0.00000000E+00 0.00000000E+00 0.00000000E+00 1.29942710E-02
21  5 3.93099353E-03-3.18066575E-01 9.56519496E-02 0.00000000E+00-8.31654516E-02
21  6-1.75362937E-01 0.00000000E+00-4.69645135E-02-3.79207421E-02 1.83910694E-02
21  7 1.95296727E-02 0.00000000E+00 1.53500024E-03 0.00000000E+00 1.29942710E-02
21  8 3.93099353E-03-3.18066575E-01-9.56519496E-02 0.00000000E+00-8.31654516E-02
21  9 1.75362937E-01 0.00000000E+00-4.69645135E-02-3.79207421E-02 1.83910694E-02
21 10 1.95296727E-02 0.00000000E+00-1.53500024E-03 0.00000000E+00
22  1 0.00000000E+00 0.00000000E+00 0.00000000E+00 0.00000000E+00 2.93302629E-01
22  2 0.00000000E+00 0.00000000E+00-1.09260343E+00 0.00000000E+00 0.00000000E+00
22  3 1.55029505E+00 0.00000000E+00 0.00000000E+00 0.00000000E+00 0.00000000E+00
22  4 0.00000000E+00 0.00000000E+00 1.05991158E-01 0.00000000E+00-1.28025659E-02
22  5-3.89910221E-02 5.47562098E-01-2.65908023E-01 0.00000000E+00 7.42721062E-02
22  6 1.01703260E-01 0.00000000E+00-1.05177314E-01 3.10208610E-02-2.60098572E-02
22  7-5.01100379E-03 0.00000000E+00-3.91629132E-02 0.00000000E+00 1.28025659E-02
22  8 3.89910221E-02-5.47562098E-01-2.65908023E-01 0.00000000E+00-7.42721062E-02
22  9 1.01703260E-01 0.00000000E+00 1.05177314E-01-3.10208610E-02 2.60098572E-02
22 10 5.01100379E-03 0.00000000E+00-3.91629132E-02 0.00000000E+00
23  1-1.14302383E-01-4.01525015E-01-1.74845005E+00 2.15488046E+00 0.00000000E+00
23  2 0.00000000E+00-3.85143948E-02 0.00000000E+00 0.00000000E+00 1.51436198E-01
23  3 0.00000000E+00 0.00000000E+00 2.75321100E-02-1.61098016E-01 1.33541649E-01
23  4 2.75563679E-02 0.00000000E+00 0.00000000E+00 0.00000000E+00 1.43232143E-02
23  5-3.42228412E-02-2.89339709E-01 9.73033350E-02 0.00000000E+00-1.14610181E-01
23  6-1.48714125E-01 0.00000000E+00 8.03242120E-02-3.22653941E-02 2.89031267E-02
23  7 3.36226739E-03 0.00000000E+00 4.10970925E-02 0.00000000E+00 1.43232143E-02
23  8-3.42228412E-02-2.89339709E-01-9.73033350E-02 0.00000000E+00-1.14610181E-01
23  9 1.48714125E-01 0.00000000E+00 8.03242120E-02-3.22653941E-02 2.89031267E-02
23 10 3.36226739E-03 0.00000000E+00-4.10970925E-02 0.00000000E+00
24  1 0.00000000E+00 0.00000000E+00 0.00000000E+00 0.00000000E+00 0.00000000E+00
24  2 0.00000000E+00 0.00000000E+00 0.00000000E+00 0.00000000E+00 0.00000000E+00
24  3 0.00000000E+00 0.00000000E+00 0.00000000E+00 0.00000000E+00 0.00000000E+00
24  4 0.00000000E+00 8.63624045E-01 0.00000000E+00 0.00000000E+00 0.00000000E+00
24  5 0.00000000E+00 0.00000000E+00 0.00000000E+00 3.53067195E-01 0.00000000E+00
24  6 0.00000000E+00-1.39463849E-01 0.00000000E+00 0.00000000E+00 0.00000000E+00
24  7 0.00000000E+00-5.09575876E-02 0.00000000E+00 3.49641428E-02 0.00000000E+00
24  8 0.00000000E+00 0.00000000E+00 0.00000000E+00-3.53067195E-01 0.00000000E+00
24  9 0.00000000E+00 1.39463849E-01 0.00000000E+00 0.00000000E+00 0.00000000E+00
24 10 0.00000000E+00-5.09575876E-02 0.00000000E+00-3.49641428E-02
25  1 0.00000000E+00 0.00000000E+00 0.00000000E+00 0.00000000E+00 0.00000000E+00
25  2 6.10396731E-02 0.00000000E+00 0.00000000E+00-2.38743196E-01 0.00000000E+00
25  3 0.00000000E+00 2.12976619E-01 0.00000000E+00 0.00000000E+00 0.00000000E+00
25  4 0.00000000E+00 0.00000000E+00 0.00000000E+00 9.33896839E-01 0.00000000E+00
25  5 0.00000000E+00 0.00000000E+00 0.00000000E+00-2.13192464E-01 0.00000000E+00
25  6 0.00000000E+00 7.90277277E-02 0.00000000E+00 0.00000000E+00 0.00000000E+00
25  7 0.00000000E+00 3.31541005E-02 0.00000000E+00 1.08481644E-02 0.00000000E+00
25  8 0.00000000E+00 0.00000000E+00 0.00000000E+00-2.13192464E-01 0.00000000E+00
25  9 0.00000000E+00 7.90277277E-02 0.00000000E+00 0.00000000E+00 0.00000000E+00
25 10 0.00000000E+00-3.31541005E-02 0.00000000E+00 1.08481644E-02
26  1-1.74370762E-03-1.85089444E-02-4.22587087E-02 1.15842855E-01 0.00000000E+00
26  2 0.00000000E+00 6.55849884E-02 0.00000000E+00 0.00000000E+00-2.56637417E-01
26  3 0.00000000E+00 0.00000000E+00 2.64944762E-01-1.45040773E-01-7.04662400E-01
26  4 8.49703173E-01 0.00000000E+00 0.00000000E+00 0.00000000E+00 3.68442078E-03
26  5-1.19631361E-02-5.61631590E-02-8.97116070E-02 0.00000000E+00-2.37854506E-01
26  6 1.31144501E-02 0.00000000E+00 1.00101696E-01 1.73516350E-02-1.52646491E-02
26  7-2.08698593E-03 0.00000000E+00 3.37393097E-02 0.00000000E+00 3.68442078E-03
26  8-1.19631361E-02-5.61631590E-02 8.97116070E-02 0.00000000E+00-2.37854506E-01
26  9-1.31144501E-02 0.00000000E+00 1.00101696E-01 1.73516350E-02-1.52646491E-02
26 10-2.08698593E-03 0.00000000E+00-3.37393097E-02 0.00000000E+00
27  1 0.00000000E+00 0.00000000E+00 0.00000000E+00 0.00000000E+00-1.04520711E-01
27  2 0.00000000E+00 0.00000000E+00 4.91024277E-01 0.00000000E+00 0.00000000E+00
27  3 5.49208611E-01 0.00000000E+00 0.00000000E+00 0.00000000E+00 0.00000000E+00
27  4 0.00000000E+00 0.00000000E+00 8.14533178E-01 0.00000000E+00-6.03921709E-02
27  5 2.19859012E-01 3.41730914E-01-6.66406935E-02 0.00000000E+00 2.44367530E-01
27  6 6.46936924E-01 0.00000000E+00-4.63123568E-01-4.09033772E-02 5.46744150E-03
27  7 3.54359357E-02 0.00000000E+00-4.94058987E-03 0.00000000E+00 6.03921709E-02
27  8-2.19859012E-01-3.41730914E-01-6.66406935E-02 0.00000000E+00-2.44367530E-01
27  9 6.46936924E-01 0.00000000E+00 4.63123568E-01 4.09033772E-02-5.46744150E-03
27 10-3.54359357E-02 0.00000000E+00-4.94058987E-03 0.00000000E+00
28  1-3.24176867E-03-1.00819977E-01-1.49875169E-01 1.32326721E+00 0.00000000E+00
28  2 0.00000000E+00-6.90504165E-02 0.00000000E+00 0.00000000E+00 3.25378153E-01
28  3 0.00000000E+00 0.00000000E+00 2.66879215E-01 7.15755202E-01-5.58031781E-01
28  4-1.57723421E-01 0.00000000E+00 0.00000000E+00 0.00000000E+00 6.29606832E-02
28  5-2.42006263E-01-3.52175721E-01 3.09835318E-01 0.00000000E+00 2.78362246E-02
28  6-9.20700290E-01 0.00000000E+00 2.64608378E-01-3.75625707E-03-1.37104946E-02
28  7 1.74667516E-02 0.00000000E+00-1.82537131E-02 0.00000000E+00 6.29606832E-02
28  8-2.42006263E-01-3.52175721E-01-3.09835318E-01 0.00000000E+00 2.78362246E-02
28  9 9.20700290E-01 0.00000000E+00 2.64608378E-01-3.75625707E-03-1.37104946E-02
28 10 1.74667516E-02 0.00000000E+00 1.82537131E-02 0.00000000E+00
29  1 0.00000000E+00 0.00000000E+00 0.00000000E+00 0.00000000E+00 0.00000000E+00
29  2 0.00000000E+00 0.00000000E+00 0.00000000E+00 0.00000000E+00 0.00000000E+00
29  3 0.00000000E+00 0.00000000E+00 0.00000000E+00 0.00000000E+00 0.00000000E+00
29  4 0.00000000E+00 5.21601918E-01 0.00000000E+00 0.00000000E+00 0.00000000E+00
29  5 0.00000000E+00 0.00000000E+00 0.00000000E+00-5.50657700E-01 0.00000000E+00
29  6 0.00000000E+00 7.67976396E-01 0.00000000E+00 0.00000000E+00 0.00000000E+00
29  7 0.00000000E+00-5.25874512E-02 0.00000000E+00 3.16494745E-02 0.00000000E+00
29  8 0.00000000E+00 0.00000000E+00 0.00000000E+00 5.50657700E-01 0.00000000E+00
29  9 0.00000000E+00-7.67976396E-01 0.00000000E+00 0.00000000E+00 0.00000000E+00
29 10 0.00000000E+00-5.25874512E-02 0.00000000E+00-3.16494745E-02
30  1 0.00000000E+00 0.00000000E+00 0.00000000E+00 0.00000000E+00-3.45608649E-02
30  2 0.00000000E+00 0.00000000E+00 2.24019386E-01 0.00000000E+00 0.00000000E+00
30  3-3.40569940E-01 0.00000000E+00 0.00000000E+00 0.00000000E+00 0.00000000E+00
30  4 0.00000000E+00 0.00000000E+00 2.06779839E-01 0.00000000E+00-2.49631555E-04
30  5-5.00044490E-02-1.09210809E-02-3.74362854E-01 0.00000000E+00-4.90322314E-01
30  6 5.67943216E-01 0.00000000E+00 5.99266350E-01-3.62966799E-02 1.46039486E-02
30  7 2.16927313E-02 0.00000000E+00 7.58739437E-04 0.00000000E+00 2.49631555E-04
30  8 5.00044490E-02 1.09210809E-02-3.74362854E-01 0.00000000E+00 4.90322314E-01
30  9 5.67943216E-01 0.00000000E+00-5.99266350E-01 3.62966799E-02-1.46039486E-02
30 10-2.16927313E-02 0.00000000E+00 7.58739437E-04 0.00000000E+00
31  1 1.44502942E-02 7.53470594E-02 2.60622361E-01-1.06731117E-01 0.00000000E+00
31  2 0.00000000E+00-3.30104100E-02 0.00000000E+00 0.00000000E+00 1.88579551E-01
31  3 0.00000000E+00 0.00000000E+00-6.05786314E-01 1.82405799E-01 1.79778052E-01
31  4-3.62183851E-01 0.00000000E+00 0.00000000E+00 0.00000000E+00-3.43026442E-03
31  5 7.55248938E-02 7.00977622E-03-8.99690023E-02 0.00000000E+00-5.73688228E-01
31  6 1.20922248E-01 0.00000000E+00 8.61279593E-01-7.28272828E-03-8.05543732E-03
31  7 1.53381656E-02 0.00000000E+00-5.13644362E-02 0.00000000E+00-3.43026442E-03
31  8 7.55248938E-02 7.00977622E-03 8.99690023E-02 0.00000000E+00-5.73688228E-01
31  9-1.20922248E-01 0.00000000E+00 8.61279593E-01-7.28272828E-03-8.05543732E-03
31 10 1.53381656E-02 0.00000000E+00 5.13644362E-02 0.00000000E+00
32  1 0.00000000E+00 0.00000000E+00 0.00000000E+00 0.00000000E+00 0.00000000E+00
32  2-2.63293960E-02 0.00000000E+00 0.00000000E+00 1.25621577E-01 0.00000000E+00
32  3 0.00000000E+00-6.49578361E-01 0.00000000E+00 0.00000000E+00 0.00000000E+00
32  4 0.00000000E+00 0.00000000E+00 0.00000000E+00-3.04298224E-01 0.00000000E+00
32  5 0.00000000E+00 0.00000000E+00 0.00000000E+00-6.03900625E-01 0.00000000E+00
32  6 0.00000000E+00 9.00919623E-01 0.00000000E+00 0.00000000E+00 0.00000000E+00
32  7 0.00000000E+00-4.15581287E-02 0.00000000E+00 8.24568037E-03 0.00000000E+00
32  8 0.00000000E+00 0.00000000E+00 0.00000000E+00-6.03900625E-01 0.00000000E+00
32  9 0.00000000E+00 9.00919623E-01 0.00000000E+00 0.00000000E+00 0.00000000E+00
32 10 0.00000000E+00 4.15581287E-02 0.00000000E+00 8.24568037E-03
33  1 0.00000000E+00 0.00000000E+00 0.00000000E+00 0.00000000E+00 1.84770468E-02
33  2 0.00000000E+00 0.00000000E+00-2.88952263E-01 0.00000000E+00 0.00000000E+00
33  3 3.36743521E-01 0.00000000E+00 0.00000000E+00 0.00000000E+00 0.00000000E+00
33  4 0.00000000E+00 0.00000000E+00 6.59495155E-01 0.00000000E+00-1.18941720E-02
33  5 1.32627142E-02 1.90531075E-01 5.01740227E-01 0.00000000E+00-3.02477825E-01
33  6-4.47350790E-01 0.00000000E+00 3.75258452E-01-2.16185015E-02-2.29862980E-02
33  7 4.46047995E-02 0.00000000E+00-5.07947690E-02 0.00000000E+00 1.18941720E-02
33  8-1.32627142E-02-1.90531075E-01 5.01740227E-01 0.00000000E+00 3.02477825E-01
33  9-4.47350790E-01 0.00000000E+00-3.75258452E-01 2.16185015E-02 2.29862980E-02
33 10-4.46047995E-02 0.00000000E+00-5.07947690E-02 0.00000000E+00
34  1-3.20299904E-02-2.02606900E-01-6.21112444E-01 5.57462311E-01 0.00000000E+00
34  2 0.00000000E+00-2.01531317E-02 0.00000000E+00 0.00000000E+00-5.46733164E-03
34  3 0.00000000E+00 0.00000000E+00 3.83402272E-03 7.72951146E-01-4.70457939E-01
34  4-3.02493207E-01 0.00000000E+00 0.00000000E+00 0.00000000E+00 1.99133807E-02
34  5-6.23400877E-02-1.71067359E-01-5.23116331E-01 0.00000000E+00 1.59774644E-01
34  6 4.42916479E-01 0.00000000E+00 1.73599620E-02-6.03150908E-02 1.56719666E-03
34  7 5.87478941E-02 0.00000000E+00-2.28979331E-02 0.00000000E+00 1.99133807E-02
34  8-6.23400877E-02-1.71067359E-01 5.23116331E-01 0.00000000E+00 1.59774644E-01
34  9-4.42916479E-01 0.00000000E+00 1.73599620E-02-6.03150908E-02 1.56719666E-03
34 10 5.87478941E-02 0.00000000E+00 2.28979331E-02 0.00000000E+00
35  1 0.00000000E+00 0.00000000E+00 0.00000000E+00 0.00000000E+00-2.74346472E-02
35  2 0.00000000E+00 0.00000000E+00 2.09645520E-01 0.00000000E+00 0.00000000E+00
35  3 1.29567955E+00 0.00000000E+00 0.00000000E+00 0.00000000E+00 0.00000000E+00
35  4 0.00000000E+00 0.00000000E+00 3.11508884E-01 0.00000000E+00 4.44281802E-03
35  5-1.20734676E+00 1.91022379E+00-5.13332535E-05 0.00000000E+00 9.02868764E-02
35  6 3.99582883E-01 0.00000000E+00-4.11855771E-01-1.23016062E-01 9.07873134E-02
35  7 3.22287485E-02 0.00000000E+00 1.48326573E-01 0.00000000E+00-4.44281802E-03
35  8 1.20734676E+00-1.91022379E+00-5.13332535E-05 0.00000000E+00-9.02868764E-02
35  9 3.99582883E-01 0.00000000E+00 4.11855771E-01 1.23016062E-01-9.07873134E-02
35 10-3.22287485E-02 0.00000000E+00 1.48326573E-01 0.00000000E+00
36  1-2.33937546E-02-2.37661367E-01-5.37710191E-01 1.94691034E+00 0.00000000E+00
36  2 0.00000000E+00-1.26773490E-02 0.00000000E+00 0.00000000E+00 1.02574572E-01
36  3 0.00000000E+00 0.00000000E+00 6.91567216E-01 3.34059938E-01-2.74879865E-01
36  4-5.91800732E-02 0.00000000E+00 0.00000000E+00 0.00000000E+00-2.56598262E-03
36  5 1.15592476E+00-1.80234077E+00 7.29802565E-02 0.00000000E+00 5.02654938E-02
36  6-6.70875634E-01 0.00000000E+00 7.35394178E-02 2.00428712E-01-1.24762610E-01
36  7-7.56661019E-02 0.00000000E+00-1.03911988E-01 0.00000000E+00-2.56598262E-03
36  8 1.15592476E+00-1.80234077E+00-7.29802565E-02 0.00000000E+00 5.02654938E-02
36  9 6.70875634E-01 0.00000000E+00 7.35394178E-02 2.00428712E-01-1.24762610E-01
36 10-7.56661019E-02 0.00000000E+00 1.03911988E-01 0.00000000E+00
37  1 0.00000000E+00 0.00000000E+00 0.00000000E+00 0.00000000E+00 0.00000000E+00
37  2 0.00000000E+00 0.00000000E+00 0.00000000E+00 0.00000000E+00 0.00000000E+00
37  3 0.00000000E+00 0.00000000E+00 0.00000000E+00 0.00000000E+00 0.00000000E+00
37  4 0.00000000E+00 2.56602152E-02 0.00000000E+00 0.00000000E+00 0.00000000E+00
37  5 0.00000000E+00 0.00000000E+00 0.00000000E+00-6.32177421E-03 0.00000000E+00
37  6 0.00000000E+00 9.93574151E-03 0.00000000E+00 0.00000000E+00 0.00000000E+00
37  7 0.00000000E+00 4.02055582E-01 0.00000000E+00 5.81863975E-01 0.00000000E+00
37  8 0.00000000E+00 0.00000000E+00 0.00000000E+00 6.32177421E-03 0.00000000E+00
37  9 0.00000000E+00-9.93574151E-03 0.00000000E+00 0.00000000E+00 0.00000000E+00
37 10 0.00000000E+00 4.02055582E-01 0.00000000E+00-5.81863975E-01
38  1 0.00000000E+00 0.00000000E+00 0.00000000E+00 0.00000000E+00-9.34814276E-04
38  2 0.00000000E+00 0.00000000E+00-1.68727685E-03 0.00000000E+00 0.00000000E+00
38  3 4.30496141E-02 0.00000000E+00 0.00000000E+00 0.00000000E+00 0.00000000E+00
38  4 0.00000000E+00 0.00000000E+00-2.73579782E-02 0.00000000E+00 5.00497666E-04
38  5-2.09872987E-02 3.42179677E-02 5.33987861E-03 0.00000000E+00 1.23602702E-02
38  6-8.02316266E-03 0.00000000E+00-2.11533451E-02-2.24722385E-01 6.04839076E-01
38  7-3.80116691E-01 0.00000000E+00-3.55596552E-01 0.00000000E+00-5.00497666E-04
38  8 2.09872987E-02-3.42179677E-02 5.33987861E-03 0.00000000E+00-1.23602702E-02
38  9-8.02316266E-03 0.00000000E+00 2.11533451E-02 2.24722385E-01-6.04839076E-01
38 10 3.80116691E-01 0.00000000E+00-3.55596552E-01 0.00000000E+00
39  1 0.00000000E+00 0.00000000E+00 0.00000000E+00 0.00000000E+00 0.00000000E+00
39  2-1.44456230E-02 0.00000000E+00 0.00000000E+00 4.12223469E-02 0.00000000E+00
39  3 0.00000000E+00 3.76155606E-02 0.00000000E+00 0.00000000E+00 0.00000000E+00
39  4 0.00000000E+00 0.00000000E+00 0.00000000E+00-1.37426536E-02 0.00000000E+00
39  5 0.00000000E+00 0.00000000E+00 0.00000000E+00 1.75931739E-02 0.00000000E+00
39  6 0.00000000E+00-2.99311758E-02 0.00000000E+00 0.00000000E+00 0.00000000E+00
39  7 0.00000000E+00 6.35962380E-02 0.00000000E+00 7.05000833E-01 0.00000000E+00
39  8 0.00000000E+00 0.00000000E+00 0.00000000E+00 1.75931739E-02 0.00000000E+00
39  9 0.00000000E+00-2.99311758E-02 0.00000000E+00 0.00000000E+00 0.00000000E+00
39 10 0.00000000E+00-6.35962380E-02 0.00000000E+00 7.05000833E-01
40  1-2.17999973E-03-7.94906860E-03-3.50767837E-02 2.59732731E-02 0.00000000E+00
40  2 0.00000000E+00 5.53580620E-03 0.00000000E+00 0.00000000E+00-2.22301589E-02
40  3 0.00000000E+00 0.00000000E+00 7.27562347E-03 3.20361859E-02-7.43354767E-02
40  4 4.22992907E-02 0.00000000E+00 0.00000000E+00 0.00000000E+00 1.44683113E-03
40  5-1.04137167E-02-2.67574768E-03-1.53665080E-02 0.00000000E+00 3.66619922E-03
40  6 1.12063998E-02 0.00000000E+00-2.29737573E-03-4.96194959E-02 5.93346699E-01
40  7-5.43727203E-01 0.00000000E+00-2.57786219E-01 0.00000000E+00 1.44683113E-03
40  8-1.04137167E-02-2.67574768E-03 1.53665080E-02 0.00000000E+00 3.66619922E-03
40  9-1.12063998E-02 0.00000000E+00-2.29737573E-03-4.96194959E-02 5.93346699E-01
40 10-5.43727203E-01 0.00000000E+00 2.57786219E-01 0.00000000E+00
41  1 0.00000000E+00 0.00000000E+00 0.00000000E+00 0.00000000E+00 0.00000000E+00
41  2 3.84341845E-02 0.00000000E+00 0.00000000E+00-1.04804910E-01 0.00000000E+00
41  3 0.00000000E+00-1.46414373E-01 0.00000000E+00 0.00000000E+00 0.00000000E+00
41  4 0.00000000E+00 0.00000000E+00 0.00000000E+00-2.04264433E-01 0.00000000E+00
41  5 0.00000000E+00 0.00000000E+00 0.00000000E+00-5.85044605E-02 0.00000000E+00
41  6 0.00000000E+00 1.27877110E-01 0.00000000E+00 0.00000000E+00 0.00000000E+00
41  7 0.00000000E+00 7.14578962E-01 0.00000000E+00-6.99297141E-02 0.00000000E+00
41  8 0.00000000E+00 0.00000000E+00 0.00000000E+00-5.85044605E-02 0.00000000E+00
41  9 0.00000000E+00 1.27877110E-01 0.00000000E+00 0.00000000E+00 0.00000000E+00
41 10 0.00000000E+00-7.14578962E-01 0.00000000E+00-6.99297141E-02
42  1 0.00000000E+00 0.00000000E+00 0.00000000E+00 0.00000000E+00-3.99289921E-02
42  2 0.00000000E+00 0.00000000E+00 1.71684213E-01 0.00000000E+00 0.00000000E+00
42  3 1.03330675E-01 0.00000000E+00 0.00000000E+00 0.00000000E+00 0.00000000E+00
42  4 0.00000000E+00 0.00000000E+00-2.21485316E-01 0.00000000E+00 1.63547239E-03
42  5-1.40810306E-01 1.89332034E-01-3.26476509E-02 0.00000000E+00 6.27752507E-02
42  6 5.43945430E-02 0.00000000E+00-1.22393398E-01-3.66291634E-01-1.79932354E-01
42  7 5.46223987E-01 0.00000000E+00-4.43244056E-01 0.00000000E+00-1.63547239E-03
42  8 1.40810306E-01-1.89332034E-01-3.26476509E-02 0.00000000E+00-6.27752507E-02
42  9 5.43945430E-02 0.00000000E+00 1.22393398E-01 3.66291634E-01 1.79932354E-01
42 10-5.46223987E-01 0.00000000E+00-4.43244056E-01 0.00000000E+00
43  1 0.00000000E+00 0.00000000E+00 0.00000000E+00 0.00000000E+00 0.00000000E+00
43  2 0.00000000E+00 0.00000000E+00 0.00000000E+00 0.00000000E+00 0.00000000E+00
43  3 0.00000000E+00 0.00000000E+00 0.00000000E+00 0.00000000E+00 0.00000000E+00
43  4 0.00000000E+00 3.93602547E-01 0.00000000E+00 0.00000000E+00 0.00000000E+00
43  5 0.00000000E+00 0.00000000E+00 0.00000000E+00-4.06383309E-02 0.00000000E+00
43  6 0.00000000E+00 1.13792005E-01 0.00000000E+00 0.00000000E+00 0.00000000E+00
43  7 0.00000000E+00 5.98199659E-01 0.00000000E+00-4.09058437E-01 0.00000000E+00
43  8 0.00000000E+00 0.00000000E+00 0.00000000E+00 4.06383309E-02 0.00000000E+00
43  9 0.00000000E+00-1.13792005E-01 0.00000000E+00 0.00000000E+00 0.00000000E+00
43 10 0.00000000E+00 5.98199659E-01 0.00000000E+00 4.09058437E-01
44  1-3.21841651E-03 2.93710890E-02-6.07133779E-03-3.49480086E-01 0.00000000E+00
44  2 0.00000000E+00 4.96612457E-02 0.00000000E+00 0.00000000E+00-1.69939195E-01
44  3 0.00000000E+00 0.00000000E+00-2.69378007E-01 1.90518729E-01 8.59742034E-02
44  4-2.76492933E-01 0.00000000E+00 0.00000000E+00 0.00000000E+00-7.89674560E-05
44  5-2.34220585E-01 3.67910166E-01-8.29388918E-02 0.00000000E+00-3.49096347E-02
44  6 2.41095067E-01 0.00000000E+00 9.56194371E-02 5.55902650E-01-1.02882942E-01
44  7-4.53019708E-01 0.00000000E+00 4.07542401E-01 0.00000000E+00-7.89674560E-05
44  8-2.34220585E-01 3.67910166E-01 8.29388918E-02 0.00000000E+00-3.49096347E-02
44  9-2.41095067E-01 0.00000000E+00 9.56194371E-02 5.55902650E-01-1.02882942E-01
44 10-4.53019708E-01 0.00000000E+00-4.07542401E-01 0.00000000E+00
45  1 2.78281218E-02-9.67729618E-02 2.15514183E-01 1.19242824E+00 0.00000000E+00
45  2 0.00000000E+00-8.65007868E-02 0.00000000E+00 0.00000000E+00 4.19925099E-01
45  3 0.00000000E+00 0.00000000E+00 2.37126935E-01 6.76115569E-01-4.33479396E-01
45  4-2.42636172E-01 0.00000000E+00 0.00000000E+00 0.00000000E+00 2.37474155E-02
45  5 5.96557799E-01-1.14932560E+00 3.83474661E-02 0.00000000E+00-8.69704178E-03
45  6-6.24369449E-01 0.00000000E+00 2.83629892E-01-4.64340907E-01 4.00047123E-01
45  7 6.42937836E-02 0.00000000E+00 5.88278307E-01 0.00000000E+00 2.37474155E-02
45  8 5.96557799E-01-1.14932560E+00-3.83474661E-02 0.00000000E+00-8.69704178E-03
45  9 6.24369449E-01 0.00000000E+00 2.83629892E-01-4.64340907E-01 4.00047123E-01
45 10 6.42937836E-02 0.00000000E+00-5.88278307E-01 0.00000000E+00
46  1 0.00000000E+00 0.00000000E+00 0.00000000E+00 0.00000000E+00-1.88775266E-01
46  2 0.00000000E+00 0.00000000E+00 8.82136132E-01 0.00000000E+00 0.00000000E+00
46  3 4.19520026E-01 0.00000000E+00 0.00000000E+00 0.00000000E+00 0.00000000E+00
46  4 0.00000000E+00 0.00000000E+00 5.65340455E-01 0.00000000E+00-2.24766832E-02
46  5-5.20680771E-01 1.00667954E+00-1.62951475E-02 0.00000000E+00 1.70786418E-02
46  6 5.30809943E-01 0.00000000E+00-2.55457705E-01 6.34752238E-01-3.55572713E-01
46  7-2.79179526E-01 0.00000000E+00-4.55581600E-01 0.00000000E+00 2.24766832E-02
46  8 5.20680771E-01-1.00667954E+00-1.62951475E-02 0.00000000E+00-1.70786418E-02
46  9 5.30809943E-01 0.00000000E+00 2.55457705E-01-6.34752238E-01 3.55572713E-01
46 10 2.79179526E-01 0.00000000E+00-4.55581600E-01 0.00000000E+00
 $END   
 POPULATION ANALYSIS
S           15.17463   0.82537  15.22031   0.77969
O            8.41268  -0.41268   8.38985  -0.38985
O            8.41268  -0.41268   8.38985  -0.38985
 MOMENTS AT POINT    1 X,Y,Z=  0.000000  0.000000  0.000000
 DIPOLE       0.000000  0.000000 -1.534267
