 $DATA  
Title                                                                           
CNV      2

S          16.0      0.0000000000      0.0000000000     -0.6012075582
   PC1     0
        
O           8.0      1.2020815280      0.0000000000      0.6008739698
   PC1     0
        
 $END      
 $ZMAT   IZMAT(1)=
         1,   3,   1,
         1,   2,   1,
         2,   2,   1,   3,
 $END
--- CLOSED SHELL ORBITALS --- GENERATED AT Thu Feb 26 00:18:59 2015
Title                                                                           
E(R-PBE)=     -548.1807055927, E(NUC)=   93.7748261025,   22 ITERS
 $VEC   
 1  1 1.00297864E+00-1.02614456E-02 1.81054149E-03-1.00556081E-03 0.00000000E+00
 1  2 0.00000000E+00 4.84884884E-05 0.00000000E+00 0.00000000E+00 4.41733507E-05
 1  3 0.00000000E+00 0.00000000E+00-1.20636231E-04 4.18132059E-06 3.77280216E-06
 1  4-7.95412275E-06 0.00000000E+00 0.00000000E+00 0.00000000E+00 7.88738193E-07
 1  5-1.38631587E-05 1.26867862E-04 2.51938592E-07 0.00000000E+00-1.87206096E-06
 1  6-4.63073780E-06 0.00000000E+00 2.51136819E-05-1.80350306E-05 4.26976540E-05
 1  7-2.46626234E-05 0.00000000E+00 7.22247941E-05 0.00000000E+00 7.88738193E-07
 1  8-1.38631587E-05 1.26867862E-04-2.51938592E-07 0.00000000E+00-1.87206096E-06
 1  9 4.63073780E-06 0.00000000E+00 2.51136819E-05-1.80350306E-05 4.26976540E-05
 1 10-2.46626234E-05 0.00000000E+00-7.22247941E-05 0.00000000E+00
 2  1-8.67256177E-05-1.21686901E-03-2.36218961E-03 9.18541556E-03 0.00000000E+00
 2  2 0.00000000E+00-1.35845609E-04 0.00000000E+00 0.00000000E+00 1.02282838E-03
 2  3 0.00000000E+00 0.00000000E+00 4.78168728E-03 5.64752004E-04-1.22541232E-03
 2  4 6.60660314E-04 0.00000000E+00 0.00000000E+00 0.00000000E+00 7.03279257E-01
 2  5 2.54712237E-02-1.22054640E-02 4.76277862E-04 0.00000000E+00-6.66440364E-04
 2  6-2.33371915E-03 0.00000000E+00 2.21131392E-03-1.06754606E-04 1.65618303E-04
 2  7-5.88636974E-05 0.00000000E+00 4.16980329E-04 0.00000000E+00 7.03279257E-01
 2  8 2.54712237E-02-1.22054640E-02-4.76277862E-04 0.00000000E+00-6.66440364E-04
 2  9 2.33371915E-03 0.00000000E+00 2.21131392E-03-1.06754606E-04 1.65618303E-04
 2 10-5.88636974E-05 0.00000000E+00-4.16980329E-04 0.00000000E+00
 3  1 0.00000000E+00 0.00000000E+00 0.00000000E+00 0.00000000E+00 1.20560519E-04
 3  2 0.00000000E+00 0.00000000E+00-1.07302419E-03 0.00000000E+00 0.00000000E+00
 3  3-3.14601992E-03 0.00000000E+00 0.00000000E+00 0.00000000E+00 0.00000000E+00
 3  4 0.00000000E+00 0.00000000E+00-1.33623158E-03 0.00000000E+00 7.03238527E-01
 3  5 2.52118603E-02-1.04248909E-02 7.15602182E-04 0.00000000E+00-6.73679288E-04
 3  6-1.92535113E-03 0.00000000E+00 1.85579897E-03-1.73776744E-04 2.91835943E-04
 3  7-1.18059199E-04 0.00000000E+00 3.06090885E-04 0.00000000E+00-7.03238527E-01
 3  8-2.52118603E-02 1.04248909E-02 7.15602182E-04 0.00000000E+00 6.73679288E-04
 3  9-1.92535113E-03 0.00000000E+00-1.85579897E-03 1.73776744E-04-2.91835943E-04
 3 10 1.18059199E-04 0.00000000E+00 3.06090885E-04 0.00000000E+00
 4  1-2.74095226E-01 1.03966034E+00 4.09347344E-02-1.30538803E-02 0.00000000E+00
 4  2 0.00000000E+00 7.02419654E-03 0.00000000E+00 0.00000000E+00 7.65813288E-04
 4  3 0.00000000E+00 0.00000000E+00-1.12649914E-03 1.75345291E-04-1.12122646E-04
 4  4-6.32226456E-05 0.00000000E+00 0.00000000E+00 0.00000000E+00 1.44848181E-05
 4  5-1.84107749E-04 1.17952398E-03-1.29309260E-04 0.00000000E+00 1.11292645E-04
 4  6-1.39899714E-04 0.00000000E+00 3.41040230E-04-1.74513294E-04 4.01266396E-04
 4  7-2.26753102E-04 0.00000000E+00 6.82056008E-04 0.00000000E+00 1.44848181E-05
 4  8-1.84107749E-04 1.17952398E-03 1.29309260E-04 0.00000000E+00 1.11292645E-04
 4  9 1.39899714E-04 0.00000000E+00 3.41040230E-04-1.74513294E-04 4.01266396E-04
 4 10-2.26753102E-04 0.00000000E+00-6.82056008E-04 0.00000000E+00
 5  1 0.00000000E+00 0.00000000E+00 0.00000000E+00 0.00000000E+00 9.96818098E-01
 5  2 0.00000000E+00 0.00000000E+00 9.10646746E-03 0.00000000E+00 0.00000000E+00
 5  3-2.50299358E-04 0.00000000E+00 0.00000000E+00 0.00000000E+00 0.00000000E+00
 5  4 0.00000000E+00 0.00000000E+00 3.34140691E-04 0.00000000E+00 7.77121675E-05
 5  5 5.77036518E-05-1.21157800E-04-4.43332822E-05 0.00000000E+00 5.27940105E-05
 5  6-8.66822799E-05 0.00000000E+00 5.00883043E-05-5.21359517E-05 1.17707132E-04
 5  7-6.55711803E-05 0.00000000E+00 1.96677669E-04 0.00000000E+00-7.77121675E-05
 5  8-5.77036518E-05 1.21157800E-04-4.43332822E-05 0.00000000E+00-5.27940105E-05
 5  9-8.66822799E-05 0.00000000E+00-5.00883043E-05 5.21359517E-05-1.17707132E-04
 5 10 6.55711803E-05 0.00000000E+00 1.96677669E-04 0.00000000E+00
 6  1 0.00000000E+00 0.00000000E+00 0.00000000E+00 0.00000000E+00 0.00000000E+00
 6  2 9.96863046E-01 0.00000000E+00 0.00000000E+00 9.02644452E-03 0.00000000E+00
 6  3 0.00000000E+00-2.28965077E-04 0.00000000E+00 0.00000000E+00 0.00000000E+00
 6  4 0.00000000E+00 0.00000000E+00 0.00000000E+00 2.59564539E-04 0.00000000E+00
 6  5 0.00000000E+00 0.00000000E+00 0.00000000E+00 5.49929987E-06 0.00000000E+00
 6  6 0.00000000E+00-4.02573049E-05 0.00000000E+00 0.00000000E+00 0.00000000E+00
 6  7 0.00000000E+00-2.30069976E-06 0.00000000E+00-1.19643279E-06 0.00000000E+00
 6  8 0.00000000E+00 0.00000000E+00 0.00000000E+00 5.49929987E-06 0.00000000E+00
 6  9 0.00000000E+00-4.02573049E-05 0.00000000E+00 0.00000000E+00 0.00000000E+00
 6 10 0.00000000E+00 2.30069976E-06 0.00000000E+00-1.19643279E-06
 7  1 1.88965504E-03-7.47041700E-03-5.78701684E-04-5.33727242E-06 0.00000000E+00
 7  2 0.00000000E+00 9.96852489E-01 0.00000000E+00 0.00000000E+00 8.90102482E-03
 7  3 0.00000000E+00 0.00000000E+00-2.52831847E-04-1.77110267E-04-1.51318635E-04
 7  4 3.28428902E-04 0.00000000E+00 0.00000000E+00 0.00000000E+00-8.37986430E-05
 7  5-9.55910691E-05 2.31830581E-04 6.67295209E-05 0.00000000E+00-5.47881376E-05
 7  6 9.34836918E-05 0.00000000E+00-1.79071358E-04 5.40666311E-05-1.42271393E-04
 7  7 8.82047624E-05 0.00000000E+00-2.54744274E-04 0.00000000E+00-8.37986430E-05
 7  8-9.55910691E-05 2.31830581E-04-6.67295209E-05 0.00000000E+00-5.47881376E-05
 7  9-9.34836918E-05 0.00000000E+00-1.79071358E-04 5.40666311E-05-1.42271393E-04
 7 10 8.82047624E-05 0.00000000E+00 2.54744274E-04 0.00000000E+00
 8  1 4.44673662E-02-1.28111415E-01 2.64138044E-01 1.70469398E-01 0.00000000E+00
 8  2 0.00000000E+00-5.76648003E-02 0.00000000E+00 0.00000000E+00 1.14538212E-01
 8  3 0.00000000E+00 0.00000000E+00 9.53142396E-03 1.27402725E-02-2.51494082E-02
 8  4 1.24091357E-02 0.00000000E+00 0.00000000E+00 0.00000000E+00-1.26093954E-01
 8  5 2.50896236E-01 3.04680403E-01 6.90592569E-02 0.00000000E+00-6.36146459E-02
 8  6 3.10113928E-02 0.00000000E+00-3.12137747E-02 2.23658901E-03-4.93412299E-03
 8  7 2.69753398E-03 0.00000000E+00-1.20412045E-02 0.00000000E+00-1.26093954E-01
 8  8 2.50896236E-01 3.04680403E-01-6.90592569E-02 0.00000000E+00-6.36146459E-02
 8  9-3.10113928E-02 0.00000000E+00-3.12137747E-02 2.23658901E-03-4.93412299E-03
 8 10 2.69753398E-03 0.00000000E+00 1.20412045E-02 0.00000000E+00
 9  1 0.00000000E+00 0.00000000E+00 0.00000000E+00 0.00000000E+00 7.76237464E-02
 9  2 0.00000000E+00 0.00000000E+00-1.57390065E-01 0.00000000E+00 0.00000000E+00
 9  3-3.25888266E-02 0.00000000E+00 0.00000000E+00 0.00000000E+00 0.00000000E+00
 9  4 0.00000000E+00 0.00000000E+00-5.62597399E-02 0.00000000E+00-1.54019445E-01
 9  5 3.12143653E-01 3.93116288E-01 4.22178906E-02 0.00000000E+00-6.15758497E-02
 9  6 2.17543660E-02 0.00000000E+00-3.10576845E-02-1.60238390E-03-1.82212235E-03
 9  7 3.42450625E-03 0.00000000E+00-8.98898680E-03 0.00000000E+00 1.54019445E-01
 9  8-3.12143653E-01-3.93116288E-01 4.22178906E-02 0.00000000E+00 6.15758497E-02
 9  9 2.17543660E-02 0.00000000E+00 3.10576845E-02 1.60238390E-03 1.82212235E-03
 9 10-3.42450625E-03 0.00000000E+00-8.98898680E-03 0.00000000E+00
10  1 7.36366745E-02-2.10274647E-01 4.60427580E-01 4.48800833E-01 0.00000000E+00
10  2 0.00000000E+00 4.79949379E-02 0.00000000E+00 0.00000000E+00-9.99792169E-02
10  3 0.00000000E+00 0.00000000E+00-6.46421380E-02-3.23803692E-03 1.24636311E-02
10  4-9.22559415E-03 0.00000000E+00 0.00000000E+00 0.00000000E+00 9.28329338E-02
10  5-1.91648983E-01-2.89005459E-01 5.33017061E-02 0.00000000E+00-7.20775692E-02
10  6 2.09741361E-02 0.00000000E+00-3.09925281E-02 8.19171580E-04-4.11813641E-03
10  7 3.29896483E-03 0.00000000E+00-5.17273813E-03 0.00000000E+00 9.28329338E-02
10  8-1.91648983E-01-2.89005459E-01-5.33017061E-02 0.00000000E+00-7.20775692E-02
10  9-2.09741361E-02 0.00000000E+00-3.09925281E-02 8.19171580E-04-4.11813641E-03
10 10 3.29896483E-03 0.00000000E+00 5.17273813E-03 0.00000000E+00
11  1 0.00000000E+00 0.00000000E+00 0.00000000E+00 0.00000000E+00-1.90490377E-01
11  2 0.00000000E+00 0.00000000E+00 4.50658439E-01 0.00000000E+00 0.00000000E+00
11  3 1.83130481E-01 0.00000000E+00 0.00000000E+00 0.00000000E+00 0.00000000E+00
11  4 0.00000000E+00 0.00000000E+00 4.47704329E-02 0.00000000E+00-5.41528305E-02
11  5 1.10056734E-01 2.07013702E-01-1.63805001E-01 0.00000000E+00 3.00398313E-01
11  6-1.02990410E-01 0.00000000E+00 1.74629500E-01 2.32543061E-03 7.46280945E-03
11  7-9.78824007E-03 0.00000000E+00 9.44586734E-03 0.00000000E+00 5.41528305E-02
11  8-1.10056734E-01-2.07013702E-01-1.63805001E-01 0.00000000E+00-3.00398313E-01
11  9-1.02990410E-01 0.00000000E+00-1.74629500E-01-2.32543061E-03-7.46280945E-03
11 10 9.78824007E-03 0.00000000E+00 9.44586734E-03 0.00000000E+00
12  1-8.05013261E-03 4.97082485E-02-1.51604396E-02-2.50231842E-01 0.00000000E+00
12  2 0.00000000E+00-2.04357415E-01 0.00000000E+00 0.00000000E+00 4.82002208E-01
12  3 0.00000000E+00 0.00000000E+00 2.08084420E-01-1.46930126E-02-2.07838164E-02
12  4 3.54768289E-02 0.00000000E+00 0.00000000E+00 0.00000000E+00 4.24617749E-02
12  5-8.53213740E-02-1.57270868E-01 2.99713562E-01 0.00000000E+00-9.44639499E-02
12  6 1.85785052E-01 0.00000000E+00-6.32926469E-02 1.15562681E-02-6.35521855E-03
12  7-5.20104957E-03 0.00000000E+00-1.00839169E-02 0.00000000E+00 4.24617749E-02
12  8-8.53213740E-02-1.57270868E-01-2.99713562E-01 0.00000000E+00-9.44639499E-02
12  9-1.85785052E-01 0.00000000E+00-6.32926469E-02 1.15562681E-02-6.35521855E-03
12 10-5.20104957E-03 0.00000000E+00 1.00839169E-02 0.00000000E+00
13  1 0.00000000E+00 0.00000000E+00 0.00000000E+00 0.00000000E+00 0.00000000E+00
13  2-2.14798656E-01 0.00000000E+00 0.00000000E+00 5.06466105E-01 0.00000000E+00
13  3 0.00000000E+00 3.20786844E-01 0.00000000E+00 0.00000000E+00 0.00000000E+00
13  4 0.00000000E+00 0.00000000E+00 0.00000000E+00 3.89557600E-02 0.00000000E+00
13  5 0.00000000E+00 0.00000000E+00 0.00000000E+00 2.75384084E-01 0.00000000E+00
13  6 0.00000000E+00 1.69130556E-01 0.00000000E+00 0.00000000E+00 0.00000000E+00
13  7 0.00000000E+00 1.21415661E-02 0.00000000E+00-1.19874245E-02 0.00000000E+00
13  8 0.00000000E+00 0.00000000E+00 0.00000000E+00 2.75384084E-01 0.00000000E+00
13  9 0.00000000E+00 1.69130556E-01 0.00000000E+00 0.00000000E+00 0.00000000E+00
13 10 0.00000000E+00-1.21415661E-02 0.00000000E+00-1.19874245E-02
14  1 1.01420190E-02-4.12449886E-02 4.99398511E-02 1.94953571E-01 0.00000000E+00
14  2 0.00000000E+00 5.80454933E-02 0.00000000E+00 0.00000000E+00-1.39966459E-01
14  3 0.00000000E+00 0.00000000E+00-5.21000459E-02-9.52171099E-02 2.57305798E-02
14  4 6.94865301E-02 0.00000000E+00 0.00000000E+00 0.00000000E+00-9.97176340E-04
14  5 1.86837739E-03-6.74179933E-03 1.85779116E-01 0.00000000E+00 4.11139513E-01
14  6 1.36852037E-01 0.00000000E+00 3.03752290E-01 1.14204173E-02 3.12526360E-03
14  7-1.45456809E-02 0.00000000E+00 5.63918627E-03 0.00000000E+00-9.97176340E-04
14  8 1.86837739E-03-6.74179933E-03-1.85779116E-01 0.00000000E+00 4.11139513E-01
14  9-1.36852037E-01 0.00000000E+00 3.03752290E-01 1.14204173E-02 3.12526360E-03
14 10-1.45456809E-02 0.00000000E+00-5.63918627E-03 0.00000000E+00
15  1 0.00000000E+00 0.00000000E+00 0.00000000E+00 0.00000000E+00 0.00000000E+00
15  2 0.00000000E+00 0.00000000E+00 0.00000000E+00 0.00000000E+00 0.00000000E+00
15  3 0.00000000E+00 0.00000000E+00 0.00000000E+00 0.00000000E+00 0.00000000E+00
15  4 0.00000000E+00-7.83537156E-02 0.00000000E+00 0.00000000E+00 0.00000000E+00
15  5 0.00000000E+00 0.00000000E+00 0.00000000E+00 4.77944849E-01 0.00000000E+00
15  6 0.00000000E+00 3.40753654E-01 0.00000000E+00 0.00000000E+00 0.00000000E+00
15  7 0.00000000E+00 9.10629191E-03 0.00000000E+00-1.25221220E-02 0.00000000E+00
15  8 0.00000000E+00 0.00000000E+00 0.00000000E+00-4.77944849E-01 0.00000000E+00
15  9 0.00000000E+00-3.40753654E-01 0.00000000E+00 0.00000000E+00 0.00000000E+00
15 10 0.00000000E+00 9.10629191E-03 0.00000000E+00 1.25221220E-02
16  1 0.00000000E+00 0.00000000E+00 0.00000000E+00 0.00000000E+00-1.55824528E-02
16  2 0.00000000E+00 0.00000000E+00 2.94983746E-02 0.00000000E+00 0.00000000E+00
16  3 1.56514966E-01 0.00000000E+00 0.00000000E+00 0.00000000E+00 0.00000000E+00
16  4 0.00000000E+00 0.00000000E+00-6.99189961E-02 0.00000000E+00-7.50252804E-03
16  5 1.43267474E-02 6.25787306E-02 4.57535791E-01 0.00000000E+00 1.78981659E-01
16  6 3.24528916E-01 0.00000000E+00 1.12800360E-01 1.07297980E-02-1.18672804E-03
16  7-9.54306992E-03 0.00000000E+00-7.93672165E-03 0.00000000E+00 7.50252804E-03
16  8-1.43267474E-02-6.25787306E-02 4.57535791E-01 0.00000000E+00-1.78981659E-01
16  9 3.24528916E-01 0.00000000E+00-1.12800360E-01-1.07297980E-02 1.18672804E-03
16 10 9.54306992E-03 0.00000000E+00-7.93672165E-03 0.00000000E+00
17  1 0.00000000E+00 0.00000000E+00 0.00000000E+00 0.00000000E+00 0.00000000E+00
17  2-1.95177725E-01 0.00000000E+00 0.00000000E+00 4.86495868E-01 0.00000000E+00
17  3 0.00000000E+00 3.84306457E-01 0.00000000E+00 0.00000000E+00 0.00000000E+00
17  4 0.00000000E+00 0.00000000E+00 0.00000000E+00-7.06699294E-02 0.00000000E+00
17  5 0.00000000E+00 0.00000000E+00 0.00000000E+00-3.90033590E-01 0.00000000E+00
17  6 0.00000000E+00-3.10558084E-01 0.00000000E+00 0.00000000E+00 0.00000000E+00
17  7 0.00000000E+00-3.56094356E-03 0.00000000E+00 2.05240614E-03 0.00000000E+00
17  8 0.00000000E+00 0.00000000E+00 0.00000000E+00-3.90033590E-01 0.00000000E+00
17  9 0.00000000E+00-3.10558084E-01 0.00000000E+00 0.00000000E+00 0.00000000E+00
17 10 0.00000000E+00 3.56094356E-03 0.00000000E+00 2.05240614E-03
18  1 0.00000000E+00 0.00000000E+00 0.00000000E+00 0.00000000E+00-2.02236824E-01
18  2 0.00000000E+00 0.00000000E+00 5.08981271E-01 0.00000000E+00 0.00000000E+00
18  3 6.74193344E-01 0.00000000E+00 0.00000000E+00 0.00000000E+00 0.00000000E+00
18  4 0.00000000E+00 0.00000000E+00-1.68315555E-01 0.00000000E+00-2.92907499E-02
18  5 4.88222621E-02 2.57829013E-01 4.94877355E-02 0.00000000E+00-3.46726039E-01
18  6 5.20894106E-02 0.00000000E+00-3.07775140E-01 1.21429029E-03 6.79442997E-04
18  7-1.89373328E-03 0.00000000E+00-1.11233404E-03 0.00000000E+00 2.92907499E-02
18  8-4.88222621E-02-2.57829013E-01 4.94877355E-02 0.00000000E+00 3.46726039E-01
18  9 5.20894106E-02 0.00000000E+00 3.07775140E-01-1.21429029E-03-6.79442997E-04
18 10 1.89373328E-03 0.00000000E+00-1.11233404E-03 0.00000000E+00
19  1 3.31014923E-02-1.03790318E-01 2.13879575E-01 5.86748864E-01 0.00000000E+00
19  2 0.00000000E+00-1.77517856E-01 0.00000000E+00 0.00000000E+00 4.52140177E-01
19  3 0.00000000E+00 0.00000000E+00 7.88251995E-01-4.91842934E-02 1.58629923E-01
19  4-1.09445630E-01 0.00000000E+00 0.00000000E+00 0.00000000E+00 4.62966883E-02
19  5-7.26952115E-02-4.11021303E-01-2.96814974E-01 0.00000000E+00 1.96169067E-01
19  6-3.42066651E-01 0.00000000E+00 1.91245916E-01 2.95115172E-04 3.17350976E-03
19  7-3.46862494E-03 0.00000000E+00-2.26635421E-03 0.00000000E+00 4.62966883E-02
19  8-7.26952115E-02-4.11021303E-01 2.96814974E-01 0.00000000E+00 1.96169067E-01
19  9 3.42066651E-01 0.00000000E+00 1.91245916E-01 2.95115172E-04 3.17350976E-03
19 10-3.46862494E-03 0.00000000E+00 2.26635421E-03 0.00000000E+00
20  1-1.19944439E-02-1.02928173E-01-2.57129586E-01 6.52501098E-01 0.00000000E+00
20  2 0.00000000E+00 2.78399061E-01 0.00000000E+00 0.00000000E+00-1.05583919E+00
20  3 0.00000000E+00 0.00000000E+00 1.45967561E+00 1.21717794E-01 6.80710171E-02
20  4-1.89788812E-01 0.00000000E+00 0.00000000E+00 0.00000000E+00 1.27768572E-02
20  5 5.23563441E-02-4.95650191E-01 1.78700770E-01 0.00000000E+00-1.16894886E-01
20  6-2.23134115E-01 0.00000000E+00 5.42686019E-02-3.36146294E-02 2.52118261E-02
20  7 8.40280330E-03 0.00000000E+00 3.03398206E-02 0.00000000E+00 1.27768572E-02
20  8 5.23563441E-02-4.95650191E-01-1.78700770E-01 0.00000000E+00-1.16894886E-01
20  9 2.23134115E-01 0.00000000E+00 5.42686019E-02-3.36146294E-02 2.52118261E-02
20 10 8.40280330E-03 0.00000000E+00-3.03398206E-02 0.00000000E+00
21  1 0.00000000E+00 0.00000000E+00 0.00000000E+00 0.00000000E+00 2.91235392E-01
21  2 0.00000000E+00 0.00000000E+00-1.11038282E+00 0.00000000E+00 0.00000000E+00
21  3 1.39016991E+00 0.00000000E+00 0.00000000E+00 0.00000000E+00 0.00000000E+00
21  4 0.00000000E+00 0.00000000E+00-2.35793913E-02 0.00000000E+00-7.44598390E-03
21  5-3.46143683E-02 3.62199367E-01-1.93650212E-01 0.00000000E+00 8.82593917E-02
21  6 1.77018034E-02 0.00000000E+00-1.42045484E-01-4.21383813E-04-1.73018024E-02
21  7 1.77231862E-02 0.00000000E+00-3.22180026E-02 0.00000000E+00 7.44598390E-03
21  8 3.46143683E-02-3.62199367E-01-1.93650212E-01 0.00000000E+00-8.82593917E-02
21  9 1.77018034E-02 0.00000000E+00 1.42045484E-01 4.21383813E-04 1.73018024E-02
21 10-1.77231862E-02 0.00000000E+00-3.22180026E-02 0.00000000E+00
22  1 0.00000000E+00 0.00000000E+00 0.00000000E+00 0.00000000E+00 0.00000000E+00
22  2 2.88625659E-01 0.00000000E+00 0.00000000E+00-1.11591281E+00 0.00000000E+00
22  3 0.00000000E+00 1.22502948E+00 0.00000000E+00 0.00000000E+00 0.00000000E+00
22  4 0.00000000E+00 0.00000000E+00 0.00000000E+00-2.34324592E-01 0.00000000E+00
22  5 0.00000000E+00 0.00000000E+00 0.00000000E+00-2.15555570E-02 0.00000000E+00
22  6 0.00000000E+00-1.25285972E-01 0.00000000E+00 0.00000000E+00 0.00000000E+00
22  7 0.00000000E+00-1.92523169E-02 0.00000000E+00 1.35285521E-02 0.00000000E+00
22  8 0.00000000E+00 0.00000000E+00 0.00000000E+00-2.15555570E-02 0.00000000E+00
22  9 0.00000000E+00-1.25285972E-01 0.00000000E+00 0.00000000E+00 0.00000000E+00
22 10 0.00000000E+00 1.92523169E-02 0.00000000E+00 1.35285521E-02
23  1-1.07046574E-01-3.94826838E-01-1.66357368E+00 2.06870978E+00 0.00000000E+00
23  2 0.00000000E+00-6.58418470E-02 0.00000000E+00 0.00000000E+00 2.43810243E-01
23  3 0.00000000E+00 0.00000000E+00 7.90432358E-02-1.95670515E-01 3.69016279E-01
23  4-1.73345764E-01 0.00000000E+00 0.00000000E+00 0.00000000E+00 1.82621549E-02
23  5-4.27702115E-02-2.73876966E-01 6.01930565E-02 0.00000000E+00-5.56925456E-02
23  6-1.43876103E-01 0.00000000E+00 1.32035046E-01-1.29206820E-02 2.93768714E-02
23  7-1.64561894E-02 0.00000000E+00 3.29586020E-02 0.00000000E+00 1.82621549E-02
23  8-4.27702115E-02-2.73876966E-01-6.01930565E-02 0.00000000E+00-5.56925456E-02
23  9 1.43876103E-01 0.00000000E+00 1.32035046E-01-1.29206820E-02 2.93768714E-02
23 10-1.64561894E-02 0.00000000E+00-3.29586020E-02 0.00000000E+00
24  1 0.00000000E+00 0.00000000E+00 0.00000000E+00 0.00000000E+00 0.00000000E+00
24  2 0.00000000E+00 0.00000000E+00 0.00000000E+00 0.00000000E+00 0.00000000E+00
24  3 0.00000000E+00 0.00000000E+00 0.00000000E+00 0.00000000E+00 0.00000000E+00
24  4 0.00000000E+00 9.15813580E-01 0.00000000E+00 0.00000000E+00 0.00000000E+00
24  5 0.00000000E+00 0.00000000E+00 0.00000000E+00 2.66745274E-01 0.00000000E+00
24  6 0.00000000E+00-1.25695423E-01 0.00000000E+00 0.00000000E+00 0.00000000E+00
24  7 0.00000000E+00-2.26850198E-02 0.00000000E+00 4.31889133E-02 0.00000000E+00
24  8 0.00000000E+00 0.00000000E+00 0.00000000E+00-2.66745274E-01 0.00000000E+00
24  9 0.00000000E+00 1.25695423E-01 0.00000000E+00 0.00000000E+00 0.00000000E+00
24 10 0.00000000E+00-2.26850198E-02 0.00000000E+00-4.31889133E-02
25  1 0.00000000E+00 0.00000000E+00 0.00000000E+00 0.00000000E+00 0.00000000E+00
25  2 6.93926298E-02 0.00000000E+00 0.00000000E+00-2.71830225E-01 0.00000000E+00
25  3 0.00000000E+00 2.39191012E-01 0.00000000E+00 0.00000000E+00 0.00000000E+00
25  4 0.00000000E+00 0.00000000E+00 0.00000000E+00 8.62832611E-01 0.00000000E+00
25  5 0.00000000E+00 0.00000000E+00 0.00000000E+00-3.08712973E-01 0.00000000E+00
25  6 0.00000000E+00 1.37697688E-01 0.00000000E+00 0.00000000E+00 0.00000000E+00
25  7 0.00000000E+00 3.97650471E-02 0.00000000E+00-2.01126699E-02 0.00000000E+00
25  8 0.00000000E+00 0.00000000E+00 0.00000000E+00-3.08712973E-01 0.00000000E+00
25  9 0.00000000E+00 1.37697688E-01 0.00000000E+00 0.00000000E+00 0.00000000E+00
25 10 0.00000000E+00-3.97650471E-02 0.00000000E+00-2.01126699E-02
26  1-4.00471629E-03-7.25093654E-03-5.36444029E-02 1.22916568E-02 0.00000000E+00
26  2 0.00000000E+00-6.03742758E-02 0.00000000E+00 0.00000000E+00 2.32269432E-01
26  3 0.00000000E+00 0.00000000E+00-2.47173543E-01 7.62101602E-01-9.96114948E-02
26  4-6.62490107E-01 0.00000000E+00 0.00000000E+00 0.00000000E+00-9.01649562E-04
26  5-3.72352257E-04 5.13335324E-02 2.12365255E-01 0.00000000E+00 2.92247111E-01
26  6-7.42055438E-02 0.00000000E+00-1.15888441E-01-4.94010854E-02-4.96716127E-03
26  7 5.43682467E-02 0.00000000E+00-7.35569409E-03 0.00000000E+00-9.01649562E-04
26  8-3.72352257E-04 5.13335324E-02-2.12365255E-01 0.00000000E+00 2.92247111E-01
26  9 7.42055438E-02 0.00000000E+00-1.15888441E-01-4.94010854E-02-4.96716127E-03
26 10 5.43682467E-02 0.00000000E+00 7.35569409E-03 0.00000000E+00
27  1-3.64176712E-02-2.41421091E-01-6.98970060E-01 1.56408920E+00 0.00000000E+00
27  2 0.00000000E+00-4.17288854E-02 0.00000000E+00 0.00000000E+00 1.63770231E-01
27  3 0.00000000E+00 0.00000000E+00 5.77263438E-01 4.35939370E-01-8.83874070E-01
27  4 4.47934701E-01 0.00000000E+00 0.00000000E+00 0.00000000E+00 6.05059652E-02
27  5-2.68475540E-01-3.33898814E-01 2.12024432E-02 0.00000000E+00-1.42004543E-01
27  6-4.28186820E-01 0.00000000E+00 4.88099052E-01 7.25813688E-03-9.46137216E-03
27  7 2.20323529E-03 0.00000000E+00 8.94658458E-03 0.00000000E+00 6.05059652E-02
27  8-2.68475540E-01-3.33898814E-01-2.12024432E-02 0.00000000E+00-1.42004543E-01
27  9 4.28186820E-01 0.00000000E+00 4.88099052E-01 7.25813688E-03-9.46137216E-03
27 10 2.20323529E-03 0.00000000E+00-8.94658458E-03 0.00000000E+00
28  1 0.00000000E+00 0.00000000E+00 0.00000000E+00 0.00000000E+00-4.74312326E-02
28  2 0.00000000E+00 0.00000000E+00 2.15937024E-01 0.00000000E+00 0.00000000E+00
28  3 4.22376100E-01 0.00000000E+00 0.00000000E+00 0.00000000E+00 0.00000000E+00
28  4 0.00000000E+00 0.00000000E+00 9.32846150E-01 0.00000000E+00-6.08820928E-02
28  5 2.77128643E-01 1.70737030E-01-1.48994673E-01 0.00000000E+00 5.04251041E-02
28  6 5.49780866E-01 0.00000000E+00-4.60457640E-01-1.09865776E-02 1.74586558E-02
28  7-6.47207818E-03 0.00000000E+00 3.39772620E-02 0.00000000E+00 6.08820928E-02
28  8-2.77128643E-01-1.70737030E-01-1.48994673E-01 0.00000000E+00-5.04251041E-02
28  9 5.49780866E-01 0.00000000E+00 4.60457640E-01 1.09865776E-02-1.74586558E-02
28 10 6.47207818E-03 0.00000000E+00 3.39772620E-02 0.00000000E+00
29  1-6.04215435E-03 2.97449592E-03-6.87031341E-02-2.42759610E-01 0.00000000E+00
29  2 0.00000000E+00 1.69171770E-02 0.00000000E+00 0.00000000E+00-9.45105479E-02
29  3 0.00000000E+00 0.00000000E+00-3.49132350E-01 4.38848173E-01 2.31845236E-02
29  4-4.62032697E-01 0.00000000E+00 0.00000000E+00 0.00000000E+00-5.65751334E-03
29  5-1.82978132E-02 1.49809380E-01-5.05428265E-01 0.00000000E+00-2.39100359E-01
29  6 6.93773927E-01 0.00000000E+00 2.50913777E-01-3.17833158E-02-7.57425744E-03
29  7 3.93575732E-02 0.00000000E+00 2.43034786E-02 0.00000000E+00-5.65751334E-03
29  8-1.82978132E-02 1.49809380E-01 5.05428265E-01 0.00000000E+00-2.39100359E-01
29  9-6.93773927E-01 0.00000000E+00 2.50913777E-01-3.17833158E-02-7.57425744E-03
29 10 3.93575732E-02 0.00000000E+00-2.43034786E-02 0.00000000E+00
30  1 0.00000000E+00 0.00000000E+00 0.00000000E+00 0.00000000E+00 0.00000000E+00
30  2-2.55063396E-02 0.00000000E+00 0.00000000E+00 1.31376832E-01 0.00000000E+00
30  3 0.00000000E+00-5.53339779E-01 0.00000000E+00 0.00000000E+00 0.00000000E+00
30  4 0.00000000E+00 0.00000000E+00 0.00000000E+00-4.65480127E-01 0.00000000E+00
30  5 0.00000000E+00 0.00000000E+00 0.00000000E+00-5.70144707E-01 0.00000000E+00
30  6 0.00000000E+00 8.24553725E-01 0.00000000E+00 0.00000000E+00 0.00000000E+00
30  7 0.00000000E+00-3.25043257E-02 0.00000000E+00 3.69418728E-02 0.00000000E+00
30  8 0.00000000E+00 0.00000000E+00 0.00000000E+00-5.70144707E-01 0.00000000E+00
30  9 0.00000000E+00 8.24553725E-01 0.00000000E+00 0.00000000E+00 0.00000000E+00
30 10 0.00000000E+00 3.25043257E-02 0.00000000E+00 3.69418728E-02
31  1 0.00000000E+00 0.00000000E+00 0.00000000E+00 0.00000000E+00 0.00000000E+00
31  2 0.00000000E+00 0.00000000E+00 0.00000000E+00 0.00000000E+00 0.00000000E+00
31  3 0.00000000E+00 0.00000000E+00 0.00000000E+00 0.00000000E+00 0.00000000E+00
31  4 0.00000000E+00 4.15807742E-01 0.00000000E+00 0.00000000E+00 0.00000000E+00
31  5 0.00000000E+00 0.00000000E+00 0.00000000E+00-5.93051055E-01 0.00000000E+00
31  6 0.00000000E+00 7.79069737E-01 0.00000000E+00 0.00000000E+00 0.00000000E+00
31  7 0.00000000E+00-3.44627825E-02 0.00000000E+00 2.94811906E-02 0.00000000E+00
31  8 0.00000000E+00 0.00000000E+00 0.00000000E+00 5.93051055E-01 0.00000000E+00
31  9 0.00000000E+00-7.79069737E-01 0.00000000E+00 0.00000000E+00 0.00000000E+00
31 10 0.00000000E+00-3.44627825E-02 0.00000000E+00-2.94811906E-02
32  1 0.00000000E+00 0.00000000E+00 0.00000000E+00 0.00000000E+00 4.56479843E-02
32  2 0.00000000E+00 0.00000000E+00-2.93335753E-01 0.00000000E+00 0.00000000E+00
32  3-2.08717324E-02 0.00000000E+00 0.00000000E+00 0.00000000E+00 0.00000000E+00
32  4 0.00000000E+00 0.00000000E+00 3.79374756E-01 0.00000000E+00 6.55635071E-04
32  5-3.55970959E-02 4.59485013E-02 1.52425953E-01 0.00000000E+00-6.13015418E-01
32  6-1.49144128E-01 0.00000000E+00 7.22662801E-01-1.34734356E-03-7.80608736E-03
32  7 9.15343092E-03 0.00000000E+00-1.13789660E-02 0.00000000E+00-6.55635071E-04
32  8 3.55970959E-02-4.59485013E-02 1.52425953E-01 0.00000000E+00 6.13015418E-01
32  9-1.49144128E-01 0.00000000E+00-7.22662801E-01 1.34734356E-03 7.80608736E-03
32 10-9.15343092E-03 0.00000000E+00-1.13789660E-02 0.00000000E+00
33  1 3.73366045E-02 1.59508386E-01 6.28049535E-01-2.55245583E-01 0.00000000E+00
33  2 0.00000000E+00-6.33163568E-02 0.00000000E+00 0.00000000E+00 4.04680533E-01
33  3 0.00000000E+00 0.00000000E+00-3.84632618E-01 1.77335921E-02 3.13295542E-01
33  4-3.31029134E-01 0.00000000E+00 0.00000000E+00 0.00000000E+00-3.08183538E-03
33  5 1.07132075E-02 1.16217610E-01 3.00143030E-01 0.00000000E+00-4.94536878E-01
33  6-2.94421001E-01 0.00000000E+00 6.58693114E-01-1.85966287E-02-2.26639019E-02
33  7 4.12605306E-02 0.00000000E+00-5.23632369E-02 0.00000000E+00-3.08183538E-03
33  8 1.07132075E-02 1.16217610E-01-3.00143030E-01 0.00000000E+00-4.94536878E-01
33  9 2.94421001E-01 0.00000000E+00 6.58693114E-01-1.85966287E-02-2.26639019E-02
33 10 4.12605306E-02 0.00000000E+00 5.23632369E-02 0.00000000E+00
34  1 0.00000000E+00 0.00000000E+00 0.00000000E+00 0.00000000E+00-3.81263739E-02
34  2 0.00000000E+00 0.00000000E+00 2.45783709E-01 0.00000000E+00 0.00000000E+00
34  3-6.95757601E-01 0.00000000E+00 0.00000000E+00 0.00000000E+00 0.00000000E+00
34  4 0.00000000E+00 0.00000000E+00-3.77099720E-01 0.00000000E+00 5.95088796E-03
34  5 8.43360022E-02-2.93117930E-01-5.81528167E-01 0.00000000E+00-1.83914480E-01
34  6 7.49261195E-01 0.00000000E+00 4.51939079E-01-5.75010819E-02 2.39354530E-02
34  7 3.35656290E-02 0.00000000E+00-1.86676664E-02 0.00000000E+00-5.95088796E-03
34  8-8.43360022E-02 2.93117930E-01-5.81528167E-01 0.00000000E+00 1.83914480E-01
34  9 7.49261195E-01 0.00000000E+00-4.51939079E-01 5.75010819E-02-2.39354530E-02
34 10-3.35656290E-02 0.00000000E+00-1.86676664E-02 0.00000000E+00
35  1 0.00000000E+00 0.00000000E+00 0.00000000E+00 0.00000000E+00-2.75944022E-02
35  2 0.00000000E+00 0.00000000E+00 1.68071044E-01 0.00000000E+00 0.00000000E+00
35  3 6.47094529E-01 0.00000000E+00 0.00000000E+00 0.00000000E+00 0.00000000E+00
35  4 0.00000000E+00 0.00000000E+00 3.50563160E-01 0.00000000E+00 1.46568621E-02
35  5-1.12528078E+00 1.48453413E+00-1.10784661E-01 0.00000000E+00 4.76958880E-02
35  6 4.06477498E-01 0.00000000E+00-3.50641663E-01-1.12379308E-01 1.62098877E-01
35  7-4.97195688E-02 0.00000000E+00 1.52886808E-01 0.00000000E+00-1.46568621E-02
35  8 1.12528078E+00-1.48453413E+00-1.10784661E-01 0.00000000E+00-4.76958880E-02
35  9 4.06477498E-01 0.00000000E+00 3.50641663E-01 1.12379308E-01-1.62098877E-01
35 10 4.97195688E-02 0.00000000E+00 1.52886808E-01 0.00000000E+00
36  1-3.34729637E-02-3.28222030E-01-7.68554224E-01 2.09905769E+00 0.00000000E+00
36  2 0.00000000E+00-3.11778549E-02 0.00000000E+00 0.00000000E+00 1.44045242E-01
36  3 0.00000000E+00 0.00000000E+00 1.04370717E+00 1.77102976E-01-3.85094842E-01
36  4 2.07991866E-01 0.00000000E+00 0.00000000E+00 0.00000000E+00-1.70885547E-03
36  5 1.17957178E+00-1.91302647E+00-1.01848435E-02 0.00000000E+00-4.41400827E-02
36  6-4.42557502E-01 0.00000000E+00 4.21004636E-01 1.86646803E-02-3.75609812E-02
36  7 1.88963009E-02 0.00000000E+00-1.96423053E-01 0.00000000E+00-1.70885547E-03
36  8 1.17957178E+00-1.91302647E+00 1.01848435E-02 0.00000000E+00-4.41400827E-02
36  9 4.42557502E-01 0.00000000E+00 4.21004636E-01 1.86646803E-02-3.75609812E-02
36 10 1.88963009E-02 0.00000000E+00 1.96423053E-01 0.00000000E+00
37  1 0.00000000E+00 0.00000000E+00 0.00000000E+00 0.00000000E+00-8.18148377E-03
37  2 0.00000000E+00 0.00000000E+00 1.03947131E-02 0.00000000E+00 0.00000000E+00
37  3 1.10326651E-01 0.00000000E+00 0.00000000E+00 0.00000000E+00 0.00000000E+00
37  4 0.00000000E+00 0.00000000E+00-7.59418224E-03 0.00000000E+00-9.55292564E-04
37  5-3.75667169E-02 7.56281187E-02 2.16913587E-02 0.00000000E+00 1.49199432E-02
37  6-2.16681974E-02 0.00000000E+00-3.93448420E-02-1.68252967E-01-4.49604723E-01
37  7 6.17857691E-01 0.00000000E+00 3.06178827E-01 0.00000000E+00 9.55292564E-04
37  8 3.75667169E-02-7.56281187E-02 2.16913587E-02 0.00000000E+00-1.49199432E-02
37  9-2.16681974E-02 0.00000000E+00 3.93448420E-02 1.68252967E-01 4.49604723E-01
37 10-6.17857691E-01 0.00000000E+00 3.06178827E-01 0.00000000E+00
38  1 0.00000000E+00 0.00000000E+00 0.00000000E+00 0.00000000E+00 0.00000000E+00
38  2-3.32929881E-03 0.00000000E+00 0.00000000E+00 5.01559221E-03 0.00000000E+00
38  3 0.00000000E+00 3.60890683E-02 0.00000000E+00 0.00000000E+00 0.00000000E+00
38  4 0.00000000E+00 0.00000000E+00 0.00000000E+00 2.27660946E-03 0.00000000E+00
38  5 0.00000000E+00 0.00000000E+00 0.00000000E+00 1.95244390E-02 0.00000000E+00
38  6 0.00000000E+00-3.38253083E-02 0.00000000E+00 0.00000000E+00 0.00000000E+00
38  7 0.00000000E+00 4.19120473E-01 0.00000000E+00 5.69588362E-01 0.00000000E+00
38  8 0.00000000E+00 0.00000000E+00 0.00000000E+00 1.95244390E-02 0.00000000E+00
38  9 0.00000000E+00-3.38253083E-02 0.00000000E+00 0.00000000E+00 0.00000000E+00
38 10 0.00000000E+00-4.19120473E-01 0.00000000E+00 5.69588362E-01
39  1 0.00000000E+00 0.00000000E+00 0.00000000E+00 0.00000000E+00 0.00000000E+00
39  2 0.00000000E+00 0.00000000E+00 0.00000000E+00 0.00000000E+00 0.00000000E+00
39  3 0.00000000E+00 0.00000000E+00 0.00000000E+00 0.00000000E+00 0.00000000E+00
39  4 0.00000000E+00 2.09504770E-02 0.00000000E+00 0.00000000E+00 0.00000000E+00
39  5 0.00000000E+00 0.00000000E+00 0.00000000E+00-2.13687556E-02 0.00000000E+00
39  6 0.00000000E+00 3.33336077E-02 0.00000000E+00 0.00000000E+00 0.00000000E+00
39  7 0.00000000E+00 6.04707221E-01 0.00000000E+00 3.66938785E-01 0.00000000E+00
39  8 0.00000000E+00 0.00000000E+00 0.00000000E+00 2.13687556E-02 0.00000000E+00
39  9 0.00000000E+00-3.33336077E-02 0.00000000E+00 0.00000000E+00 0.00000000E+00
39 10 0.00000000E+00 6.04707221E-01 0.00000000E+00-3.66938785E-01
40  1 4.97716904E-03 3.11952796E-02 9.28594854E-02-2.06646773E-01 0.00000000E+00
40  2 0.00000000E+00-7.40803301E-03 0.00000000E+00 0.00000000E+00 2.32145757E-02
40  3 0.00000000E+00 0.00000000E+00-1.23733822E-01 3.04347041E-03-3.27841598E-02
40  4 2.97406894E-02 0.00000000E+00 0.00000000E+00 0.00000000E+00 8.51577759E-04
40  5-1.02413959E-01 1.67447309E-01-2.55490514E-02 0.00000000E+00-7.39927516E-04
40  6 7.06893222E-02 0.00000000E+00-1.96807803E-02-3.88016307E-01 6.39869042E-01
40  7-2.51852735E-01 0.00000000E+00-2.87059232E-01 0.00000000E+00 8.51577759E-04
40  8-1.02413959E-01 1.67447309E-01 2.55490514E-02 0.00000000E+00-7.39927516E-04
40  9-7.06893222E-02 0.00000000E+00-1.96807803E-02-3.88016307E-01 6.39869042E-01
40 10-2.51852735E-01 0.00000000E+00 2.87059232E-01 0.00000000E+00
41  1 0.00000000E+00 0.00000000E+00 0.00000000E+00 0.00000000E+00 0.00000000E+00
41  2 0.00000000E+00 0.00000000E+00 0.00000000E+00 0.00000000E+00 0.00000000E+00
41  3 0.00000000E+00 0.00000000E+00 0.00000000E+00 0.00000000E+00 0.00000000E+00
41  4 0.00000000E+00-2.42317969E-01 0.00000000E+00 0.00000000E+00 0.00000000E+00
41  5 0.00000000E+00 0.00000000E+00 0.00000000E+00 3.91460349E-02 0.00000000E+00
41  6 0.00000000E+00-6.84022157E-02 0.00000000E+00 0.00000000E+00 0.00000000E+00
41  7 0.00000000E+00-3.70405102E-01 0.00000000E+00 6.07848133E-01 0.00000000E+00
41  8 0.00000000E+00 0.00000000E+00 0.00000000E+00-3.91460349E-02 0.00000000E+00
41  9 0.00000000E+00 6.84022157E-02 0.00000000E+00 0.00000000E+00 0.00000000E+00
41 10 0.00000000E+00-3.70405102E-01 0.00000000E+00-6.07848133E-01
42  1 0.00000000E+00 0.00000000E+00 0.00000000E+00 0.00000000E+00 7.27717404E-03
42  2 0.00000000E+00 0.00000000E+00 1.79166387E-02 0.00000000E+00 0.00000000E+00
42  3-1.06111916E-01 0.00000000E+00 0.00000000E+00 0.00000000E+00 0.00000000E+00
42  4 0.00000000E+00 0.00000000E+00-1.64794174E-02 0.00000000E+00 2.38124814E-03
42  5-1.09338871E-01 1.00035603E-01-1.03568357E-01 0.00000000E+00-2.83551789E-02
42  6 1.84096581E-01 0.00000000E+00 5.99441012E-02 6.61711292E-01-3.76553360E-01
42  7-2.85157932E-01 0.00000000E+00 2.45484717E-01 0.00000000E+00-2.38124814E-03
42  8 1.09338871E-01-1.00035603E-01-1.03568357E-01 0.00000000E+00 2.83551789E-02
42  9 1.84096581E-01 0.00000000E+00-5.99441012E-02-6.61711292E-01 3.76553360E-01
42 10 2.85157932E-01 0.00000000E+00 2.45484717E-01 0.00000000E+00
43  1 0.00000000E+00 0.00000000E+00 0.00000000E+00 0.00000000E+00 0.00000000E+00
43  2 2.48725494E-02 0.00000000E+00 0.00000000E+00-5.06276548E-02 0.00000000E+00
43  3 0.00000000E+00-1.56461684E-01 0.00000000E+00 0.00000000E+00 0.00000000E+00
43  4 0.00000000E+00 0.00000000E+00 0.00000000E+00-2.57458837E-01 0.00000000E+00
43  5 0.00000000E+00 0.00000000E+00 0.00000000E+00-4.47340098E-02 0.00000000E+00
43  6 0.00000000E+00 1.08890012E-01 0.00000000E+00 0.00000000E+00 0.00000000E+00
43  7 0.00000000E+00 5.76197815E-01 0.00000000E+00-4.26946171E-01 0.00000000E+00
43  8 0.00000000E+00 0.00000000E+00 0.00000000E+00-4.47340098E-02 0.00000000E+00
43  9 0.00000000E+00 1.08890012E-01 0.00000000E+00 0.00000000E+00 0.00000000E+00
43 10 0.00000000E+00-5.76197815E-01 0.00000000E+00-4.26946171E-01
44  1-5.51409614E-03-1.88827074E-02-8.61882100E-02 5.95098321E-02 0.00000000E+00
44  2 0.00000000E+00-4.84513052E-03 0.00000000E+00 0.00000000E+00-2.51624936E-02
44  3 0.00000000E+00 0.00000000E+00 1.50346294E-01-2.94098229E-01 7.59706436E-03
44  4 2.86501165E-01 0.00000000E+00 0.00000000E+00 0.00000000E+00 2.54946134E-03
44  5-2.43271084E-02-2.26488383E-02-1.35145325E-02 0.00000000E+00 4.16859503E-02
44  6-2.09355791E-02 0.00000000E+00-8.32383769E-02-5.65258502E-01-1.00784529E-01
44  7 6.66043031E-01 0.00000000E+00-2.93114287E-02 0.00000000E+00 2.54946134E-03
44  8-2.43271084E-02-2.26488383E-02 1.35145325E-02 0.00000000E+00 4.16859503E-02
44  9 2.09355791E-02 0.00000000E+00-8.32383769E-02-5.65258502E-01-1.00784529E-01
44 10 6.66043031E-01 0.00000000E+00 2.93114287E-02 0.00000000E+00
45  1 1.48009215E-02-1.43515561E-01-5.65422748E-03 1.05708516E+00 0.00000000E+00
45  2 0.00000000E+00-1.29084163E-01 0.00000000E+00 0.00000000E+00 5.28174872E-01
45  3 0.00000000E+00 0.00000000E+00 4.15156672E-01 1.60163084E-01-3.90433287E-01
45  4 2.30270203E-01 0.00000000E+00 0.00000000E+00 0.00000000E+00 1.39794194E-02
45  5 5.33311038E-01-9.69148832E-01 5.01236243E-02 0.00000000E+00-5.75192775E-02
45  6-3.99096515E-01 0.00000000E+00 3.72297084E-01-2.20772840E-01 3.09797484E-01
45  7-8.90246434E-02 0.00000000E+00 6.59877723E-01 0.00000000E+00 1.39794194E-02
45  8 5.33311038E-01-9.69148832E-01-5.01236243E-02 0.00000000E+00-5.75192775E-02
45  9 3.99096515E-01 0.00000000E+00 3.72297084E-01-2.20772840E-01 3.09797484E-01
45 10-8.90246434E-02 0.00000000E+00-6.59877723E-01 0.00000000E+00
46  1 0.00000000E+00 0.00000000E+00 0.00000000E+00 0.00000000E+00-1.33535698E-01
46  2 0.00000000E+00 0.00000000E+00 5.58169256E-01 0.00000000E+00 0.00000000E+00
46  3 3.33340674E-01 0.00000000E+00 0.00000000E+00 0.00000000E+00 0.00000000E+00
46  4 0.00000000E+00 0.00000000E+00 6.54729352E-01 0.00000000E+00-1.64890563E-02
46  5-5.32851620E-01 8.90730933E-01-5.92447666E-02 0.00000000E+00 4.71382536E-02
46  6 3.97397104E-01 0.00000000E+00-4.01219598E-01 1.79128058E-01-3.98698577E-01
46  7 2.19570519E-01 0.00000000E+00-6.34328198E-01 0.00000000E+00 1.64890563E-02
46  8 5.32851620E-01-8.90730933E-01-5.92447666E-02 0.00000000E+00-4.71382536E-02
46  9 3.97397104E-01 0.00000000E+00 4.01219598E-01-1.79128058E-01 3.98698577E-01
46 10-2.19570519E-01 0.00000000E+00-6.34328198E-01 0.00000000E+00
 $END   
 POPULATION ANALYSIS
S           15.21300   0.78700  15.23512   0.76488
O            8.39350  -0.39350   8.38244  -0.38244
O            8.39350  -0.39350   8.38244  -0.38244
 MOMENTS AT POINT    1 X,Y,Z=  0.000000  0.000000  0.000000
 DIPOLE       0.000000  0.000000 -3.266411
