 72 3
     1  -0.10349070549E+02
     2  -0.99349012375E+01
     3  -0.86824941635E+01
     4  -0.67351398468E+01
     5  -0.43212842941E+01
     6  -0.17383384705E+01
     7   0.68364208937E+00
     8   0.26424453259E+01
     9   0.38567230701E+01
    10   0.41897349358E+01
    11   0.36628160477E+01
    12   0.22776598930E+01
    13   0.20691883564E+00
    14  -0.22569980621E+01
    15  -0.48193583488E+01
    16  -0.71763987541E+01
    17  -0.90595464706E+01
    18  -0.10258810043E+02
    19  -0.10634143829E+02
    20  -0.10128193855E+02
    21  -0.88158044815E+01
    22  -0.68459668159E+01
    23  -0.44396009445E+01
    24  -0.18715995550E+01
    25   0.55240368843E+00
    26   0.25400617123E+01
    27   0.38033487797E+01
    28   0.42038202286E+01
    29   0.37436189651E+01
    30   0.24073274136E+01
    31   0.36378365755E+00
    32  -0.21013619900E+01
    33  -0.46806435585E+01
    34  -0.70456213951E+01
    35  -0.89062032700E+01
    36  -0.10046932220E+02
    37  -0.10333970070E+02
    38  -0.97223730087E+01
    39  -0.82944850922E+01
    40  -0.62016396523E+01
    41  -0.36687486172E+01
    42  -0.96495062113E+00
    43   0.16330943108E+01
    44   0.38974497318E+01
    45   0.56368718147E+01
    46   0.68508419991E+01
    47   0.76878342628E+01
    48   0.82623023987E+01
    49   0.86592378616E+01
    50   0.89307117462E+01
    51   0.91162281036E+01
    52   0.92384281158E+01
    53   0.93163661957E+01
    54   0.93583250046E+01
    55   0.93711233139E+01
    56   0.93541278839E+01
    57   0.93075675964E+01
    58   0.92238779068E+01
    59   0.90939779282E+01
    60   0.88977851868E+01
    61   0.86112480164E+01
    62   0.81926164627E+01
    63   0.75867123604E+01
    64   0.67039766312E+01
    65   0.54238467216E+01
    66   0.36032645702E+01
    67   0.12780964375E+01
    68  -0.13499962091E+01
    69  -0.40469722748E+01
    70  -0.65328888893E+01
    71  -0.85431547165E+01
    72  -0.98626699448E+01
