 $DATA  
Title                                                                           
CNV      2

S          16.0      0.0000000000      0.0000000000     -0.3500971281
   PC1     0
        
O           8.0      1.2124355653      0.0000000000      0.3499028719
   PC1     0
        
 $END      
 $ZMAT   IZMAT(1)=
         1,   3,   1,
         1,   2,   1,
         2,   2,   1,   3,
 $END
--- CLOSED SHELL ORBITALS --- GENERATED AT Thu Feb 26 00:15:36 2015
Title                                                                           
E(R-PBE)=     -548.2458623964, E(NUC)=  110.7304971089,   22 ITERS
 $VEC   
 1  1 1.00298489E+00-1.02552632E-02 1.91184505E-03-5.89484976E-04 0.00000000E+00
 1  2 0.00000000E+00 5.37736818E-05 0.00000000E+00 0.00000000E+00 1.66848686E-04
 1  3 0.00000000E+00 0.00000000E+00 1.63074318E-05 1.57379718E-04-1.12928427E-04
 1  4-4.44512914E-05 0.00000000E+00 0.00000000E+00 0.00000000E+00 1.58006644E-05
 1  5 3.89121070E-05-2.10683992E-04-7.29667154E-05 0.00000000E+00 4.09856147E-05
 1  6-1.96133164E-04 0.00000000E+00 1.38490006E-04-8.65371952E-05 8.05499136E-05
 1  7 5.98728157E-06 0.00000000E+00 1.24287852E-04 0.00000000E+00 1.58006644E-05
 1  8 3.89121070E-05-2.10683992E-04 7.29667154E-05 0.00000000E+00 4.09856147E-05
 1  9 1.96133164E-04 0.00000000E+00 1.38490006E-04-8.65371952E-05 8.05499136E-05
 1 10 5.98728157E-06 0.00000000E+00-1.24287852E-04 0.00000000E+00
 2  1-6.22760411E-05-2.11643590E-04-8.16052786E-04 1.21527863E-02 0.00000000E+00
 2  2 0.00000000E+00-4.16823282E-05 0.00000000E+00 0.00000000E+00 1.38451072E-03
 2  3 0.00000000E+00 0.00000000E+00 4.77265780E-03 3.06238543E-04-6.71892357E-04
 2  4 3.65653814E-04 0.00000000E+00 0.00000000E+00 0.00000000E+00 7.03301306E-01
 2  5 2.64479882E-02-1.48684386E-02 9.75591792E-04 0.00000000E+00-3.98973642E-04
 2  6-4.14285340E-03 0.00000000E+00 1.12354279E-03-4.16193512E-04 1.97411836E-04
 2  7 2.18781676E-04 0.00000000E+00 2.42491358E-04 0.00000000E+00 7.03301306E-01
 2  8 2.64479882E-02-1.48684386E-02-9.75591792E-04 0.00000000E+00-3.98973642E-04
 2  9 4.14285340E-03 0.00000000E+00 1.12354279E-03-4.16193512E-04 1.97411836E-04
 2 10 2.18781676E-04 0.00000000E+00-2.42491358E-04 0.00000000E+00
 3  1 0.00000000E+00 0.00000000E+00 0.00000000E+00 0.00000000E+00-1.71095605E-04
 3  2 0.00000000E+00 0.00000000E+00-1.02288910E-03 0.00000000E+00 0.00000000E+00
 3  3-5.30553414E-03 0.00000000E+00 0.00000000E+00 0.00000000E+00 0.00000000E+00
 3  4 0.00000000E+00 0.00000000E+00 3.01450871E-04 0.00000000E+00 7.03231266E-01
 3  5 2.59485159E-02-1.24222183E-02 1.09855152E-03 0.00000000E+00-6.91851958E-04
 3  6-2.07222656E-03 0.00000000E+00 2.07695503E-03-2.37631484E-05 1.51647515E-04
 3  7-1.27884367E-04 0.00000000E+00 1.83159013E-04 0.00000000E+00-7.03231266E-01
 3  8-2.59485159E-02 1.24222183E-02 1.09855152E-03 0.00000000E+00 6.91851958E-04
 3  9-2.07222656E-03 0.00000000E+00-2.07695503E-03 2.37631484E-05-1.51647515E-04
 3 10 1.27884367E-04 0.00000000E+00 1.83159013E-04 0.00000000E+00
 4  1-2.73992061E-01 1.03948285E+00 4.17753043E-02-1.02878694E-02 0.00000000E+00
 4  2 0.00000000E+00 1.24683294E-02 0.00000000E+00 0.00000000E+00 2.11128646E-03
 4  3 0.00000000E+00 0.00000000E+00-4.06332203E-04 1.48534506E-03-8.99267821E-04
 4  4-5.86077239E-04 0.00000000E+00 0.00000000E+00 0.00000000E+00-1.82003856E-04
 4  5-8.92529754E-05-7.46827716E-04-3.53459481E-04 0.00000000E+00 1.89035333E-04
 4  6-1.45362035E-03 0.00000000E+00 1.15992668E-03-8.06602171E-05 1.51134305E-04
 4  7-7.04740879E-05 0.00000000E+00 2.55995450E-04 0.00000000E+00-1.82003856E-04
 4  8-8.92529754E-05-7.46827716E-04 3.53459481E-04 0.00000000E+00 1.89035333E-04
 4  9 1.45362035E-03 0.00000000E+00 1.15992668E-03-8.06602171E-05 1.51134305E-04
 4 10-7.04740879E-05 0.00000000E+00-2.55995450E-04 0.00000000E+00
 5  1 0.00000000E+00 0.00000000E+00 0.00000000E+00 0.00000000E+00 9.96263988E-01
 5  2 0.00000000E+00 0.00000000E+00 1.03074393E-02 0.00000000E+00 0.00000000E+00
 5  3-2.21877923E-04 0.00000000E+00 0.00000000E+00 0.00000000E+00 0.00000000E+00
 5  4 0.00000000E+00 0.00000000E+00 1.49934921E-03 0.00000000E+00 6.24361305E-04
 5  5-6.08931426E-04 1.13156749E-04-9.32051511E-04 0.00000000E+00 6.47018977E-04
 5  6 1.28570010E-04 0.00000000E+00 4.61091952E-05-3.45570128E-04 4.31394096E-04
 5  7-8.58239683E-05 0.00000000E+00 7.21542235E-04 0.00000000E+00-6.24361305E-04
 5  8 6.08931426E-04-1.13156749E-04-9.32051511E-04 0.00000000E+00-6.47018977E-04
 5  9 1.28570010E-04 0.00000000E+00-4.61091952E-05 3.45570128E-04-4.31394096E-04
 5 10 8.58239683E-05 0.00000000E+00 7.21542235E-04 0.00000000E+00
 6  1 0.00000000E+00 0.00000000E+00 0.00000000E+00 0.00000000E+00 0.00000000E+00
 6  2 9.96735152E-01 0.00000000E+00 0.00000000E+00 9.40046264E-03 0.00000000E+00
 6  3 0.00000000E+00-3.01175371E-04 0.00000000E+00 0.00000000E+00 0.00000000E+00
 6  4 0.00000000E+00 0.00000000E+00 0.00000000E+00 8.22177924E-04 0.00000000E+00
 6  5 0.00000000E+00 0.00000000E+00 0.00000000E+00 1.40725717E-04 0.00000000E+00
 6  6 0.00000000E+00-8.76231296E-05 0.00000000E+00 0.00000000E+00 0.00000000E+00
 6  7 0.00000000E+00 1.52572392E-04 0.00000000E+00-1.23361236E-04 0.00000000E+00
 6  8 0.00000000E+00 0.00000000E+00 0.00000000E+00 1.40725717E-04 0.00000000E+00
 6  9 0.00000000E+00-8.76231296E-05 0.00000000E+00 0.00000000E+00 0.00000000E+00
 6 10 0.00000000E+00-1.52572392E-04 0.00000000E+00-1.23361236E-04
 7  1 3.57822855E-03-1.36063112E-02 1.79330058E-04-8.34350713E-04 0.00000000E+00
 7  2 0.00000000E+00 9.96652159E-01 0.00000000E+00 0.00000000E+00 9.09395265E-03
 7  3 0.00000000E+00 0.00000000E+00-3.71412869E-04-5.99540212E-04-4.41180021E-04
 7  4 1.04072023E-03 0.00000000E+00 0.00000000E+00 0.00000000E+00-3.74858132E-04
 7  5 2.95365179E-04 6.47970170E-04 7.72920120E-04 0.00000000E+00-3.18774702E-04
 7  6 1.95595192E-04 0.00000000E+00-2.78957765E-04 4.48604844E-04-2.76294748E-04
 7  7-1.72310096E-04 0.00000000E+00-4.17386706E-04 0.00000000E+00-3.74858132E-04
 7  8 2.95365179E-04 6.47970170E-04-7.72920120E-04 0.00000000E+00-3.18774702E-04
 7  9-1.95595192E-04 0.00000000E+00-2.78957765E-04 4.48604844E-04-2.76294748E-04
 7 10-1.72310096E-04 0.00000000E+00 4.17386706E-04 0.00000000E+00
 8  1 5.35129562E-02-1.53702671E-01 3.10352965E-01 1.12414014E-01 0.00000000E+00
 8  2 0.00000000E+00-6.99553562E-02 0.00000000E+00 0.00000000E+00 1.28240120E-01
 8  3 0.00000000E+00 0.00000000E+00-7.28004347E-03 4.67740866E-02-3.67602235E-02
 8  4-1.00138631E-02 0.00000000E+00 0.00000000E+00 0.00000000E+00-1.21439161E-01
 8  5 2.37841931E-01 2.59423012E-01 1.17434359E-01 0.00000000E+00-5.92371887E-02
 8  6 4.17950661E-02 0.00000000E+00-1.67506369E-02 1.18669810E-02-6.58811930E-03
 8  7-5.27886169E-03 0.00000000E+00-1.10708324E-02 0.00000000E+00-1.21439161E-01
 8  8 2.37841931E-01 2.59423012E-01-1.17434359E-01 0.00000000E+00-5.92371887E-02
 8  9-4.17950661E-02 0.00000000E+00-1.67506369E-02 1.18669810E-02-6.58811930E-03
 8 10-5.27886169E-03 0.00000000E+00 1.10708324E-02 0.00000000E+00
 9  1 0.00000000E+00 0.00000000E+00 0.00000000E+00 0.00000000E+00 1.47387110E-01
 9  2 0.00000000E+00 0.00000000E+00-2.81872594E-01 0.00000000E+00 0.00000000E+00
 9  3-2.10640214E-02 0.00000000E+00 0.00000000E+00 0.00000000E+00 0.00000000E+00
 9  4 0.00000000E+00 0.00000000E+00-8.60356830E-02 0.00000000E+00-1.44143519E-01
 9  5 2.88348913E-01 3.12707870E-01 1.01803216E-01 0.00000000E+00-6.66435834E-02
 9  6 2.55024525E-02 0.00000000E+00-2.06186231E-02 3.44566632E-03-3.48169379E-03
 9  7 3.60274682E-05 0.00000000E+00-9.05682860E-03 0.00000000E+00 1.44143519E-01
 9  8-2.88348913E-01-3.12707870E-01 1.01803216E-01 0.00000000E+00 6.66435834E-02
 9  9 2.55024525E-02 0.00000000E+00 2.06186231E-02-3.44566632E-03 3.48169379E-03
 9 10-3.60274682E-05 0.00000000E+00-9.05682860E-03 0.00000000E+00
10  1 6.27321087E-02-1.69632542E-01 4.07596585E-01 3.51342636E-01 0.00000000E+00
10  2 0.00000000E+00 5.58891667E-02 0.00000000E+00 0.00000000E+00-1.13893773E-01
10  3 0.00000000E+00 0.00000000E+00-8.71356718E-02-1.06281816E-02 2.33030638E-02
10  4-1.26748822E-02 0.00000000E+00 0.00000000E+00 0.00000000E+00 1.01187573E-01
10  5-2.07333311E-01-3.43655560E-01 1.39475545E-01 0.00000000E+00-1.27114325E-01
10  6 6.84144252E-02 0.00000000E+00-5.67990075E-02 4.09280229E-03-6.30020723E-03
10  7 2.20740493E-03 0.00000000E+00-1.02382088E-02 0.00000000E+00 1.01187573E-01
10  8-2.07333311E-01-3.43655560E-01-1.39475545E-01 0.00000000E+00-1.27114325E-01
10  9-6.84144252E-02 0.00000000E+00-5.67990075E-02 4.09280229E-03-6.30020723E-03
10 10 2.20740493E-03 0.00000000E+00 1.02382088E-02 0.00000000E+00
11  1 0.00000000E+00 0.00000000E+00 0.00000000E+00 0.00000000E+00 0.00000000E+00
11  2-2.03980558E-01 0.00000000E+00 0.00000000E+00 4.71987276E-01 0.00000000E+00
11  3 0.00000000E+00 2.23249249E-01 0.00000000E+00 0.00000000E+00 0.00000000E+00
11  4 0.00000000E+00 0.00000000E+00 0.00000000E+00 5.90859015E-02 0.00000000E+00
11  5 0.00000000E+00 0.00000000E+00 0.00000000E+00 3.12844242E-01 0.00000000E+00
11  6 0.00000000E+00 1.78328433E-01 0.00000000E+00 0.00000000E+00 0.00000000E+00
11  7 0.00000000E+00 2.22981357E-02 0.00000000E+00-1.19839547E-02 0.00000000E+00
11  8 0.00000000E+00 0.00000000E+00 0.00000000E+00 3.12844242E-01 0.00000000E+00
11  9 0.00000000E+00 1.78328433E-01 0.00000000E+00 0.00000000E+00 0.00000000E+00
11 10 0.00000000E+00-2.22981357E-02 0.00000000E+00-1.19839547E-02
12  1-3.94729668E-03 3.22809957E-02 2.63987668E-03-2.01281461E-01 0.00000000E+00
12  2 0.00000000E+00-1.86326669E-01 0.00000000E+00 0.00000000E+00 4.27890811E-01
12  3 0.00000000E+00 0.00000000E+00 1.55438054E-01-6.72273362E-02-1.12267861E-02
12  4 7.84541223E-02 0.00000000E+00 0.00000000E+00 0.00000000E+00 3.42452084E-02
12  5-6.99146252E-02-1.18010604E-01 2.89362002E-01 0.00000000E+00 1.66292487E-01
12  6 1.78461341E-01 0.00000000E+00 9.69317571E-02 2.16417117E-02-5.92363756E-03
12  7-1.57180741E-02 0.00000000E+00 3.15940270E-03 0.00000000E+00 3.42452084E-02
12  8-6.99146252E-02-1.18010604E-01-2.89362002E-01 0.00000000E+00 1.66292487E-01
12  9-1.78461341E-01 0.00000000E+00 9.69317571E-02 2.16417117E-02-5.92363756E-03
12 10-1.57180741E-02 0.00000000E+00-3.15940270E-03 0.00000000E+00
13  1 0.00000000E+00 0.00000000E+00 0.00000000E+00 0.00000000E+00-1.63882146E-01
13  2 0.00000000E+00 0.00000000E+00 3.86878605E-01 0.00000000E+00 0.00000000E+00
13  3 3.29462615E-02 0.00000000E+00 0.00000000E+00 0.00000000E+00 0.00000000E+00
13  4 0.00000000E+00 0.00000000E+00 3.65915689E-02 0.00000000E+00-6.92071757E-02
13  5 1.38850260E-01 2.70360153E-01-2.74877534E-01 0.00000000E+00 2.61831160E-01
13  6-1.43077012E-01 0.00000000E+00 1.51157294E-01-3.75917019E-03 9.03947852E-03
13  7-5.28030834E-03 0.00000000E+00 1.57100008E-02 0.00000000E+00 6.92071757E-02
13  8-1.38850260E-01-2.70360153E-01-2.74877534E-01 0.00000000E+00-2.61831160E-01
13  9-1.43077012E-01 0.00000000E+00-1.51157294E-01 3.75917019E-03-9.03947852E-03
13 10 5.28030834E-03 0.00000000E+00 1.57100008E-02 0.00000000E+00
14  1 0.00000000E+00 0.00000000E+00 0.00000000E+00 0.00000000E+00 0.00000000E+00
14  2 0.00000000E+00 0.00000000E+00 0.00000000E+00 0.00000000E+00 0.00000000E+00
14  3 0.00000000E+00 0.00000000E+00 0.00000000E+00 0.00000000E+00 0.00000000E+00
14  4 0.00000000E+00-1.42684469E-01 0.00000000E+00 0.00000000E+00 0.00000000E+00
14  5 0.00000000E+00 0.00000000E+00 0.00000000E+00 4.62027644E-01 0.00000000E+00
14  6 0.00000000E+00 3.21466436E-01 0.00000000E+00 0.00000000E+00 0.00000000E+00
14  7 0.00000000E+00 1.95118268E-02 0.00000000E+00-1.20830541E-02 0.00000000E+00
14  8 0.00000000E+00 0.00000000E+00 0.00000000E+00-4.62027644E-01 0.00000000E+00
14  9 0.00000000E+00-3.21466436E-01 0.00000000E+00 0.00000000E+00 0.00000000E+00
14 10 0.00000000E+00 1.95118268E-02 0.00000000E+00 1.20830541E-02
15  1 0.00000000E+00 0.00000000E+00 0.00000000E+00 0.00000000E+00-9.51637206E-03
15  2 0.00000000E+00 0.00000000E+00 1.37027638E-02 0.00000000E+00 0.00000000E+00
15  3 1.20628767E-01 0.00000000E+00 0.00000000E+00 0.00000000E+00 0.00000000E+00
15  4 0.00000000E+00 0.00000000E+00-1.31065375E-01 0.00000000E+00-2.58537617E-04
15  5-4.58356854E-04 2.18757249E-02 3.44990308E-01 0.00000000E+00 3.21847027E-01
15  6 2.22633118E-01 0.00000000E+00 2.24871843E-01 1.88769655E-02 3.66092154E-05
15  7-1.89135747E-02 0.00000000E+00 1.04030001E-02 0.00000000E+00 2.58537617E-04
15  8 4.58356854E-04-2.18757249E-02 3.44990308E-01 0.00000000E+00-3.21847027E-01
15  9 2.22633118E-01 0.00000000E+00-2.24871843E-01-1.88769655E-02-3.66092154E-05
15 10 1.89135747E-02 0.00000000E+00 1.04030001E-02 0.00000000E+00
16  1 2.03811158E-02-1.08539542E-01 6.82845601E-02 6.18760056E-01 0.00000000E+00
16  2 0.00000000E+00 1.21453589E-01 0.00000000E+00 0.00000000E+00-2.86868544E-01
16  3 0.00000000E+00 0.00000000E+00-1.10761575E-01-1.61952962E-01 6.85760430E-02
16  4 9.33769189E-02 0.00000000E+00 0.00000000E+00 0.00000000E+00 5.03406755E-03
16  5-1.19010431E-02-6.23868829E-02-8.45799177E-02 0.00000000E+00 4.02783125E-01
16  6-6.00116425E-02 0.00000000E+00 3.00280208E-01 2.38141265E-04 4.51250599E-03
16  7-4.75064726E-03 0.00000000E+00 1.19415647E-02 0.00000000E+00 5.03406755E-03
16  8-1.19010431E-02-6.23868829E-02 8.45799177E-02 0.00000000E+00 4.02783125E-01
16  9 6.00116425E-02 0.00000000E+00 3.00280208E-01 2.38141265E-04 4.51250599E-03
16 10-4.75064726E-03 0.00000000E+00-1.19415647E-02 0.00000000E+00
17  1 0.00000000E+00 0.00000000E+00 0.00000000E+00 0.00000000E+00 0.00000000E+00
17  2-2.10865577E-01 0.00000000E+00 0.00000000E+00 5.39573289E-01 0.00000000E+00
17  3 0.00000000E+00 5.41813553E-01 0.00000000E+00 0.00000000E+00 0.00000000E+00
17  4 0.00000000E+00 0.00000000E+00 0.00000000E+00-8.21794080E-02 0.00000000E+00
17  5 0.00000000E+00 0.00000000E+00 0.00000000E+00-3.79168143E-01 0.00000000E+00
17  6 0.00000000E+00-3.50420515E-01 0.00000000E+00 0.00000000E+00 0.00000000E+00
17  7 0.00000000E+00-3.64605803E-03 0.00000000E+00-4.88573865E-04 0.00000000E+00
17  8 0.00000000E+00 0.00000000E+00 0.00000000E+00-3.79168143E-01 0.00000000E+00
17  9 0.00000000E+00-3.50420515E-01 0.00000000E+00 0.00000000E+00 0.00000000E+00
17 10 0.00000000E+00 3.64605803E-03 0.00000000E+00-4.88573865E-04
18  1 2.00505456E-02-1.41473029E-01 3.42736241E-02 1.15222396E+00 0.00000000E+00
18  2 0.00000000E+00-1.37637885E-01 0.00000000E+00 0.00000000E+00 3.74916777E-01
18  3 0.00000000E+00 0.00000000E+00 9.67545130E-01-1.60582145E-01 2.37843900E-01
18  4-7.72617547E-02 0.00000000E+00 0.00000000E+00 0.00000000E+00 5.83697266E-02
18  5-1.02121835E-01-6.02261204E-01-3.11781335E-01 0.00000000E+00-5.60461532E-02
18  6-4.28823820E-01 0.00000000E+00-6.24149030E-02-2.73528421E-03 9.57486929E-03
18  7-6.83958508E-03 0.00000000E+00 4.57398297E-03 0.00000000E+00 5.83697266E-02
18  8-1.02121835E-01-6.02261204E-01 3.11781335E-01 0.00000000E+00-5.60461532E-02
18  9 4.28823820E-01 0.00000000E+00-6.24149030E-02-2.73528421E-03 9.57486929E-03
18 10-6.83958508E-03 0.00000000E+00-4.57398297E-03 0.00000000E+00
19  1 0.00000000E+00 0.00000000E+00 0.00000000E+00 0.00000000E+00-1.36395895E-01
19  2 0.00000000E+00 0.00000000E+00 3.50379259E-01 0.00000000E+00 0.00000000E+00
19  3 1.31108007E+00 0.00000000E+00 0.00000000E+00 0.00000000E+00 0.00000000E+00
19  4 0.00000000E+00 0.00000000E+00-2.25880448E-01 0.00000000E+00-5.63635085E-02
19  5 8.43350899E-02 6.70506399E-01 2.96249063E-02 0.00000000E+00-2.64000470E-01
19  6 8.43990633E-02 0.00000000E+00-3.11739895E-01 3.83506666E-03 1.12862016E-03
19  7-4.96368682E-03 0.00000000E+00-1.95916893E-03 0.00000000E+00 5.63635085E-02
19  8-8.43350899E-02-6.70506399E-01 2.96249063E-02 0.00000000E+00 2.64000470E-01
19  9 8.43990633E-02 0.00000000E+00 3.11739895E-01-3.83506666E-03-1.12862016E-03
19 10 4.96368682E-03 0.00000000E+00-1.95916893E-03 0.00000000E+00
20  1 0.00000000E+00 0.00000000E+00 0.00000000E+00 0.00000000E+00 0.00000000E+00
20  2 2.84041096E-01 0.00000000E+00 0.00000000E+00-1.09430654E+00 0.00000000E+00
20  3 0.00000000E+00 1.23723582E+00 0.00000000E+00 0.00000000E+00 0.00000000E+00
20  4 0.00000000E+00 0.00000000E+00 0.00000000E+00-2.08954280E-01 0.00000000E+00
20  5 0.00000000E+00 0.00000000E+00 0.00000000E+00-1.11052493E-02 0.00000000E+00
20  6 0.00000000E+00-9.82464743E-02 0.00000000E+00 0.00000000E+00 0.00000000E+00
20  7 0.00000000E+00-3.37856304E-02 0.00000000E+00 1.18311807E-02 0.00000000E+00
20  8 0.00000000E+00 0.00000000E+00 0.00000000E+00-1.11052493E-02 0.00000000E+00
20  9 0.00000000E+00-9.82464743E-02 0.00000000E+00 0.00000000E+00 0.00000000E+00
20 10 0.00000000E+00 3.37856304E-02 0.00000000E+00 1.18311807E-02
21  1 1.94274472E-02 4.99282356E-02 2.78858079E-01-4.27207288E-02 0.00000000E+00
21  2 0.00000000E+00 2.82451541E-01 0.00000000E+00 0.00000000E+00-1.04941973E+00
21  3 0.00000000E+00 0.00000000E+00 1.22774901E+00 3.03356601E-01-1.02975014E-01
21  4-2.00381587E-01 0.00000000E+00 0.00000000E+00 0.00000000E+00 4.79208223E-03
21  5 5.08506962E-02-3.09378901E-01 1.43636557E-01 0.00000000E+00-2.02894418E-02
21  6-9.22817550E-02 0.00000000E+00-1.56780799E-02-3.99756644E-02 1.11652122E-02
21  7 2.88104522E-02 0.00000000E+00-4.41736910E-03 0.00000000E+00 4.79208223E-03
21  8 5.08506962E-02-3.09378901E-01-1.43636557E-01 0.00000000E+00-2.02894418E-02
21  9 9.22817550E-02 0.00000000E+00-1.56780799E-02-3.99756644E-02 1.11652122E-02
21 10 2.88104522E-02 0.00000000E+00 4.41736910E-03 0.00000000E+00
22  1-1.14990551E-01-3.87427898E-01-1.73095463E+00 2.46933971E+00 0.00000000E+00
22  2 0.00000000E+00 2.27151497E-02 0.00000000E+00 0.00000000E+00-3.28667578E-02
22  3 0.00000000E+00 0.00000000E+00 3.93344736E-01 1.81092790E-01-6.06693870E-02
22  4-1.20423403E-01 0.00000000E+00 0.00000000E+00 0.00000000E+00 1.93206136E-02
22  5-1.14867459E-02-5.69170190E-01 2.13474115E-01 0.00000000E+00-1.29935221E-01
22  6-2.32665744E-01 0.00000000E+00 1.27747169E-01-4.67873979E-02 3.61126356E-02
22  7 1.06747623E-02 0.00000000E+00 4.49734510E-02 0.00000000E+00 1.93206136E-02
22  8-1.14867459E-02-5.69170190E-01-2.13474115E-01 0.00000000E+00-1.29935221E-01
22  9 2.32665744E-01 0.00000000E+00 1.27747169E-01-4.67873979E-02 3.61126356E-02
22 10 1.06747623E-02 0.00000000E+00-4.49734510E-02 0.00000000E+00
23  1 0.00000000E+00 0.00000000E+00 0.00000000E+00 0.00000000E+00 2.69187194E-01
23  2 0.00000000E+00 0.00000000E+00-9.36142090E-01 0.00000000E+00 0.00000000E+00
23  3 1.42834969E+00 0.00000000E+00 0.00000000E+00 0.00000000E+00 0.00000000E+00
23  4 0.00000000E+00 0.00000000E+00 4.73221155E-01 0.00000000E+00-1.42641625E-02
23  5-4.61045523E-02 6.08761143E-01-2.39664529E-01 0.00000000E+00 1.50998855E-01
23  6 1.44510408E-01 0.00000000E+00-9.52235555E-02 1.80913449E-02-3.38137786E-02
23  7 1.57224337E-02 0.00000000E+00-5.50094914E-02 0.00000000E+00 1.42641625E-02
23  8 4.61045523E-02-6.08761143E-01-2.39664529E-01 0.00000000E+00-1.50998855E-01
23  9 1.44510408E-01 0.00000000E+00 9.52235555E-02-1.80913449E-02 3.38137786E-02
23 10-1.57224337E-02 0.00000000E+00-5.50094914E-02 0.00000000E+00
24  1 0.00000000E+00 0.00000000E+00 0.00000000E+00 0.00000000E+00 0.00000000E+00
24  2 5.75894586E-02 0.00000000E+00 0.00000000E+00-2.43763037E-01 0.00000000E+00
24  3 0.00000000E+00 2.95145904E-01 0.00000000E+00 0.00000000E+00 0.00000000E+00
24  4 0.00000000E+00 0.00000000E+00 0.00000000E+00 9.24627702E-01 0.00000000E+00
24  5 0.00000000E+00 0.00000000E+00 0.00000000E+00-2.73797940E-01 0.00000000E+00
24  6 0.00000000E+00 3.32572985E-02 0.00000000E+00 0.00000000E+00 0.00000000E+00
24  7 0.00000000E+00 3.65205913E-02 0.00000000E+00 2.14220617E-02 0.00000000E+00
24  8 0.00000000E+00 0.00000000E+00 0.00000000E+00-2.73797940E-01 0.00000000E+00
24  9 0.00000000E+00 3.32572985E-02 0.00000000E+00 0.00000000E+00 0.00000000E+00
24 10 0.00000000E+00-3.65205913E-02 0.00000000E+00 2.14220617E-02
25  1 4.72356265E-03-2.14245198E-02 2.92981620E-02 5.83423018E-01 0.00000000E+00
25  2 0.00000000E+00 6.82891085E-03 0.00000000E+00 0.00000000E+00-1.18552847E-02
25  3 0.00000000E+00 0.00000000E+00 3.60015251E-01-5.71881553E-02-7.55368229E-01
25  4 8.12556384E-01 0.00000000E+00 0.00000000E+00 0.00000000E+00 2.58120467E-02
25  5-7.91382473E-02-2.80134701E-01-1.12524319E-01 0.00000000E+00-2.89467390E-01
25  6-2.44750968E-01 0.00000000E+00 1.95341676E-01 2.30577661E-02-2.28338017E-02
25  7-2.23964430E-04 0.00000000E+00 4.24086336E-02 0.00000000E+00 2.58120467E-02
25  8-7.91382473E-02-2.80134701E-01 1.12524319E-01 0.00000000E+00-2.89467390E-01
25  9 2.44750968E-01 0.00000000E+00 1.95341676E-01 2.30577661E-02-2.28338017E-02
25 10-2.23964430E-04 0.00000000E+00-4.24086336E-02 0.00000000E+00
26  1 0.00000000E+00 0.00000000E+00 0.00000000E+00 0.00000000E+00 0.00000000E+00
26  2 0.00000000E+00 0.00000000E+00 0.00000000E+00 0.00000000E+00 0.00000000E+00
26  3 0.00000000E+00 0.00000000E+00 0.00000000E+00 0.00000000E+00 0.00000000E+00
26  4 0.00000000E+00 9.32596976E-01 0.00000000E+00 0.00000000E+00 0.00000000E+00
26  5 0.00000000E+00 0.00000000E+00 0.00000000E+00 3.42761508E-01 0.00000000E+00
26  6 0.00000000E+00-8.68447248E-03 0.00000000E+00 0.00000000E+00 0.00000000E+00
26  7 0.00000000E+00-3.80971554E-02 0.00000000E+00 4.79989073E-02 0.00000000E+00
26  8 0.00000000E+00 0.00000000E+00 0.00000000E+00-3.42761508E-01 0.00000000E+00
26  9 0.00000000E+00 8.68447248E-03 0.00000000E+00 0.00000000E+00 0.00000000E+00
26 10 0.00000000E+00-3.80971554E-02 0.00000000E+00-4.79989073E-02
27  1 3.41319434E-02 1.18465415E-01 5.39064144E-01 1.07601385E+00 0.00000000E+00
27  2 0.00000000E+00-1.14536656E-01 0.00000000E+00 0.00000000E+00 6.16310871E-01
27  3 0.00000000E+00 0.00000000E+00 1.23610405E-01 5.05748453E-01-2.98593993E-01
27  4-2.07154460E-01 0.00000000E+00 0.00000000E+00 0.00000000E+00 5.60920537E-02
27  5-9.85630613E-02-6.02286293E-01 3.52755100E-01 0.00000000E+00 5.94754873E-02
27  6-1.01563112E+00 0.00000000E+00 4.11545337E-01-9.02405106E-04-5.93844273E-03
27  7 6.84084784E-03 0.00000000E+00-1.76152591E-02 0.00000000E+00 5.60920537E-02
27  8-9.85630613E-02-6.02286293E-01-3.52755100E-01 0.00000000E+00 5.94754873E-02
27  9 1.01563112E+00 0.00000000E+00 4.11545337E-01-9.02405106E-04-5.93844273E-03
27 10 6.84084784E-03 0.00000000E+00 1.76152591E-02 0.00000000E+00
28  1 0.00000000E+00 0.00000000E+00 0.00000000E+00 0.00000000E+00-1.87267147E-01
28  2 0.00000000E+00 0.00000000E+00 1.00331969E+00 0.00000000E+00 0.00000000E+00
28  3 1.32767642E-01 0.00000000E+00 0.00000000E+00 0.00000000E+00 0.00000000E+00
28  4 0.00000000E+00 0.00000000E+00 4.65888438E-01 0.00000000E+00-5.89483265E-02
28  5 1.39669522E-01 4.86648473E-01-1.61856817E-01 0.00000000E+00 2.10655146E-01
28  6 9.26079738E-01 0.00000000E+00-6.10686260E-01-1.23227070E-02 8.27990538E-03
28  7 4.04280157E-03 0.00000000E+00 1.50228651E-02 0.00000000E+00 5.89483265E-02
28  8-1.39669522E-01-4.86648473E-01-1.61856817E-01 0.00000000E+00-2.10655146E-01
28  9 9.26079738E-01 0.00000000E+00 6.10686260E-01 1.23227070E-02-8.27990538E-03
28 10-4.04280157E-03 0.00000000E+00 1.50228651E-02 0.00000000E+00
29  1 0.00000000E+00 0.00000000E+00 0.00000000E+00 0.00000000E+00 0.00000000E+00
29  2 0.00000000E+00 0.00000000E+00 0.00000000E+00 0.00000000E+00 0.00000000E+00
29  3 0.00000000E+00 0.00000000E+00 0.00000000E+00 0.00000000E+00 0.00000000E+00
29  4 0.00000000E+00 4.18344876E-01 0.00000000E+00 0.00000000E+00 0.00000000E+00
29  5 0.00000000E+00 0.00000000E+00 0.00000000E+00-5.64448012E-01 0.00000000E+00
29  6 0.00000000E+00 8.24370789E-01 0.00000000E+00 0.00000000E+00 0.00000000E+00
29  7 0.00000000E+00-4.22543950E-02 0.00000000E+00 2.86482902E-02 0.00000000E+00
29  8 0.00000000E+00 0.00000000E+00 0.00000000E+00 5.64448012E-01 0.00000000E+00
29  9 0.00000000E+00-8.24370789E-01 0.00000000E+00 0.00000000E+00 0.00000000E+00
29 10 0.00000000E+00-4.22543950E-02 0.00000000E+00-2.86482902E-02
30  1 1.43114831E-02 8.09828459E-02 2.62012066E-01-1.16418501E-01 0.00000000E+00
30  2 0.00000000E+00-4.50939399E-02 0.00000000E+00 0.00000000E+00 1.98869359E-01
30  3 0.00000000E+00 0.00000000E+00-7.46018938E-01 3.58983009E-01 1.35043309E-01
30  4-4.94026318E-01 0.00000000E+00 0.00000000E+00 0.00000000E+00-1.39447430E-04
30  5 5.12364387E-02 2.51556327E-02-2.45965837E-01 0.00000000E+00-4.54911398E-01
30  6 2.80268840E-01 0.00000000E+00 8.77122681E-01-2.21650509E-02-7.16647201E-03
30  7 2.93315229E-02 0.00000000E+00-3.98429555E-02 0.00000000E+00-1.39447430E-04
30  8 5.12364387E-02 2.51556327E-02 2.45965837E-01 0.00000000E+00-4.54911398E-01
30  9-2.80268840E-01 0.00000000E+00 8.77122681E-01-2.21650509E-02-7.16647201E-03
30 10 2.93315229E-02 0.00000000E+00 3.98429555E-02 0.00000000E+00
31  1 0.00000000E+00 0.00000000E+00 0.00000000E+00 0.00000000E+00 0.00000000E+00
31  2-2.93195409E-02 0.00000000E+00 0.00000000E+00 9.73834981E-02 0.00000000E+00
31  3 0.00000000E+00-8.07938169E-01 0.00000000E+00 0.00000000E+00 0.00000000E+00
31  4 0.00000000E+00 0.00000000E+00 0.00000000E+00-3.53862902E-01 0.00000000E+00
31  5 0.00000000E+00 0.00000000E+00 0.00000000E+00-5.85129512E-01 0.00000000E+00
31  6 0.00000000E+00 9.82305563E-01 0.00000000E+00 0.00000000E+00 0.00000000E+00
31  7 0.00000000E+00-4.64601361E-02 0.00000000E+00 1.49175908E-02 0.00000000E+00
31  8 0.00000000E+00 0.00000000E+00 0.00000000E+00-5.85129512E-01 0.00000000E+00
31  9 0.00000000E+00 9.82305563E-01 0.00000000E+00 0.00000000E+00 0.00000000E+00
31 10 0.00000000E+00 4.64601361E-02 0.00000000E+00 1.49175908E-02
32  1 0.00000000E+00 0.00000000E+00 0.00000000E+00 0.00000000E+00-5.04982642E-02
32  2 0.00000000E+00 0.00000000E+00 2.25847716E-01 0.00000000E+00 0.00000000E+00
32  3-5.03893247E-01 0.00000000E+00 0.00000000E+00 0.00000000E+00 0.00000000E+00
32  4 0.00000000E+00 0.00000000E+00 2.28213613E-01 0.00000000E+00-2.12736266E-04
32  5-4.73518855E-02-1.78743862E-02-2.53974961E-01 0.00000000E+00-5.60108057E-01
32  6 5.58918255E-01 0.00000000E+00 7.18155296E-01-5.11611115E-02 1.76377526E-02
32  7 3.35233589E-02 0.00000000E+00-1.51163094E-02 0.00000000E+00 2.12736266E-04
32  8 4.73518855E-02 1.78743862E-02-2.53974961E-01 0.00000000E+00 5.60108057E-01
32  9 5.58918255E-01 0.00000000E+00-7.18155296E-01 5.11611115E-02-1.76377526E-02
32 10-3.35233589E-02 0.00000000E+00-1.51163094E-02 0.00000000E+00
33  1-5.61908380E-03-2.13324654E-01-3.33587706E-01 6.74594296E-01 0.00000000E+00
33  2 0.00000000E+00-9.40542489E-02 0.00000000E+00 0.00000000E+00 2.79344048E-01
33  3 0.00000000E+00 0.00000000E+00 1.23075646E-01 9.06413670E-01-6.95060789E-01
33  4-2.11352880E-01 0.00000000E+00 0.00000000E+00 0.00000000E+00 3.28656896E-02
33  5-2.16044277E-01-2.75978124E-01-4.39964967E-01 0.00000000E+00 3.80835897E-01
33  6 1.99563892E-01 0.00000000E+00-1.16998927E-01-5.01018711E-02-2.50716390E-02
33  7 7.51735101E-02 0.00000000E+00 6.95782795E-03 0.00000000E+00 3.28656896E-02
33  8-2.16044277E-01-2.75978124E-01 4.39964967E-01 0.00000000E+00 3.80835897E-01
33  9-1.99563892E-01 0.00000000E+00-1.16998927E-01-5.01018711E-02-2.50716390E-02
33 10 7.51735101E-02 0.00000000E+00-6.95782795E-03 0.00000000E+00
34  1 0.00000000E+00 0.00000000E+00 0.00000000E+00 0.00000000E+00-1.36794563E-01
34  2 0.00000000E+00 0.00000000E+00 3.88776420E-01 0.00000000E+00 0.00000000E+00
34  3 6.04061709E-01 0.00000000E+00 0.00000000E+00 0.00000000E+00 0.00000000E+00
34  4 0.00000000E+00 0.00000000E+00 9.84659053E-01 0.00000000E+00-3.57198897E-02
34  5 8.86640994E-02 5.87201426E-01 6.17426152E-01 0.00000000E+00-1.91783369E-01
34  6-2.35820501E-01 0.00000000E+00-1.55273672E-02-4.98238532E-02-3.20595473E-02
34  7 8.18834005E-02 0.00000000E+00 1.39947483E-02 0.00000000E+00 3.57198897E-02
34  8-8.86640994E-02-5.87201426E-01 6.17426152E-01 0.00000000E+00 1.91783369E-01
34  9-2.35820501E-01 0.00000000E+00 1.55273672E-02 4.98238532E-02 3.20595473E-02
34 10-8.18834005E-02 0.00000000E+00 1.39947483E-02 0.00000000E+00
35  1 0.00000000E+00 0.00000000E+00 0.00000000E+00 0.00000000E+00-1.12690911E-02
35  2 0.00000000E+00 0.00000000E+00 2.93256214E-01 0.00000000E+00 0.00000000E+00
35  3 1.19119573E+00 0.00000000E+00 0.00000000E+00 0.00000000E+00 0.00000000E+00
35  4 0.00000000E+00 0.00000000E+00 1.58225178E-01 0.00000000E+00 6.41643753E-03
35  5-1.24155298E+00 2.00019585E+00 4.28871313E-03 0.00000000E+00 6.52960959E-02
35  6 3.41845471E-01 0.00000000E+00-4.44417755E-01-6.60898879E-02 1.09289463E-01
35  7-4.31995746E-02 0.00000000E+00 1.40807904E-01 0.00000000E+00-6.41643753E-03
35  8 1.24155298E+00-2.00019585E+00 4.28871313E-03 0.00000000E+00-6.52960959E-02
35  9 3.41845471E-01 0.00000000E+00 4.44417755E-01 6.60898879E-02-1.09289463E-01
35 10 4.31995746E-02 0.00000000E+00 1.40807904E-01 0.00000000E+00
36  1-1.93988040E-02-1.90684292E-01-4.33505525E-01 2.54831040E+00 0.00000000E+00
36  2 0.00000000E+00-2.68321344E-02 0.00000000E+00 0.00000000E+00 2.51399755E-01
36  3 0.00000000E+00 0.00000000E+00 9.92368254E-01 2.89765827E-01-3.15391602E-01
36  4 2.56257747E-02 0.00000000E+00 0.00000000E+00 0.00000000E+00 8.75416018E-03
36  5 1.23188549E+00-2.31521352E+00-2.71609067E-02 0.00000000E+00 7.79823534E-02
36  6-6.95961507E-01 0.00000000E+00 1.22285296E-01 1.76883549E-01-9.23657633E-02
36  7-8.45177856E-02 0.00000000E+00-1.24696494E-01 0.00000000E+00 8.75416018E-03
36  8 1.23188549E+00-2.31521352E+00 2.71609067E-02 0.00000000E+00 7.79823534E-02
36  9 6.95961507E-01 0.00000000E+00 1.22285296E-01 1.76883549E-01-9.23657633E-02
36 10-8.45177856E-02 0.00000000E+00 1.24696494E-01 0.00000000E+00
37  1 0.00000000E+00 0.00000000E+00 0.00000000E+00 0.00000000E+00 0.00000000E+00
37  2 0.00000000E+00 0.00000000E+00 0.00000000E+00 0.00000000E+00 0.00000000E+00
37  3 0.00000000E+00 0.00000000E+00 0.00000000E+00 0.00000000E+00 0.00000000E+00
37  4 0.00000000E+00 3.55061491E-02 0.00000000E+00 0.00000000E+00 0.00000000E+00
37  5 0.00000000E+00 0.00000000E+00 0.00000000E+00-1.84316909E-02 0.00000000E+00
37  6 0.00000000E+00 3.01658842E-02 0.00000000E+00 0.00000000E+00 0.00000000E+00
37  7 0.00000000E+00 4.87171625E-01 0.00000000E+00 5.13328931E-01 0.00000000E+00
37  8 0.00000000E+00 0.00000000E+00 0.00000000E+00 1.84316909E-02 0.00000000E+00
37  9 0.00000000E+00-3.01658842E-02 0.00000000E+00 0.00000000E+00 0.00000000E+00
37 10 0.00000000E+00 4.87171625E-01 0.00000000E+00-5.13328931E-01
38  1 0.00000000E+00 0.00000000E+00 0.00000000E+00 0.00000000E+00-8.33361084E-03
38  2 0.00000000E+00 0.00000000E+00-8.82686439E-04 0.00000000E+00 0.00000000E+00
38  3 5.09255240E-02 0.00000000E+00 0.00000000E+00 0.00000000E+00 0.00000000E+00
38  4 0.00000000E+00 0.00000000E+00-6.96946903E-03 0.00000000E+00-1.04638520E-03
38  5 3.87148305E-02-2.71159483E-02 4.98424701E-02 0.00000000E+00 2.36709727E-02
38  6-8.30822888E-02 0.00000000E+00-3.74372414E-02-3.25133751E-01 5.95208907E-01
38  7-2.70075156E-01 0.00000000E+00-3.80992885E-01 0.00000000E+00 1.04638520E-03
38  8-3.87148305E-02 2.71159483E-02 4.98424701E-02 0.00000000E+00-2.36709727E-02
38  9-8.30822888E-02 0.00000000E+00 3.74372414E-02 3.25133751E-01-5.95208907E-01
38 10 2.70075156E-01 0.00000000E+00-3.80992885E-01 0.00000000E+00
39  1 0.00000000E+00 0.00000000E+00 0.00000000E+00 0.00000000E+00 0.00000000E+00
39  2-2.47891727E-02 0.00000000E+00 0.00000000E+00 9.24400893E-02 0.00000000E+00
39  3 0.00000000E+00 2.44125148E-02 0.00000000E+00 0.00000000E+00 0.00000000E+00
39  4 0.00000000E+00 0.00000000E+00 0.00000000E+00-4.18493396E-02 0.00000000E+00
39  5 0.00000000E+00 0.00000000E+00 0.00000000E+00 2.77693361E-02 0.00000000E+00
39  6 0.00000000E+00-4.51043870E-02 0.00000000E+00 0.00000000E+00 0.00000000E+00
39  7 0.00000000E+00 1.38617082E-01 0.00000000E+00 6.94989058E-01 0.00000000E+00
39  8 0.00000000E+00 0.00000000E+00 0.00000000E+00 2.77693361E-02 0.00000000E+00
39  9 0.00000000E+00-4.51043870E-02 0.00000000E+00 0.00000000E+00 0.00000000E+00
39 10 0.00000000E+00-1.38617082E-01 0.00000000E+00 6.94989058E-01
40  1-1.27325390E-03-1.73661270E-02-3.87192910E-02-1.53316779E-02 0.00000000E+00
40  2 0.00000000E+00-2.25070524E-05 0.00000000E+00 0.00000000E+00-1.69359133E-02
40  3 0.00000000E+00 0.00000000E+00-1.00628503E-02 8.02886556E-02-1.62004486E-01
40  4 8.17158302E-02 0.00000000E+00 0.00000000E+00 0.00000000E+00 2.61020708E-03
40  5-7.16488772E-02 5.64744724E-02-4.56107447E-02 0.00000000E+00 1.43822777E-02
40  6 4.89937392E-02 0.00000000E+00-8.44941578E-03-1.28570717E-01 6.04063128E-01
40  7-4.75492412E-01 0.00000000E+00-3.08807994E-01 0.00000000E+00 2.61020708E-03
40  8-7.16488772E-02 5.64744724E-02 4.56107447E-02 0.00000000E+00 1.43822777E-02
40  9-4.89937392E-02 0.00000000E+00-8.44941578E-03-1.28570717E-01 6.04063128E-01
40 10-4.75492412E-01 0.00000000E+00 3.08807994E-01 0.00000000E+00
41  1 0.00000000E+00 0.00000000E+00 0.00000000E+00 0.00000000E+00-3.05337940E-02
41  2 0.00000000E+00 0.00000000E+00 1.73244710E-01 0.00000000E+00 0.00000000E+00
41  3 9.65435103E-02 0.00000000E+00 0.00000000E+00 0.00000000E+00 0.00000000E+00
41  4 0.00000000E+00 0.00000000E+00-3.58716668E-01 0.00000000E+00 2.73885789E-03
41  5-1.85618262E-01 1.89727481E-01-4.35245336E-02 0.00000000E+00 9.91454770E-02
41  6-2.65748338E-03 0.00000000E+00-1.80796236E-01-4.54694452E-01-1.95410200E-01
41  7 6.50104652E-01 0.00000000E+00-2.75721194E-01 0.00000000E+00-2.73885789E-03
41  8 1.85618262E-01-1.89727481E-01-4.35245336E-02 0.00000000E+00-9.91454770E-02
41  9-2.65748338E-03 0.00000000E+00 1.80796236E-01 4.54694452E-01 1.95410200E-01
41 10-6.50104652E-01 0.00000000E+00-2.75721194E-01 0.00000000E+00
42  1 0.00000000E+00 0.00000000E+00 0.00000000E+00 0.00000000E+00 0.00000000E+00
42  2 7.31622086E-02 0.00000000E+00 0.00000000E+00-2.68785701E-01 0.00000000E+00
42  3 0.00000000E+00-1.64562420E-01 0.00000000E+00 0.00000000E+00 0.00000000E+00
42  4 0.00000000E+00 0.00000000E+00 0.00000000E+00-3.51763814E-01 0.00000000E+00
42  5 0.00000000E+00 0.00000000E+00 0.00000000E+00-6.17106817E-02 0.00000000E+00
42  6 0.00000000E+00 2.12019051E-01 0.00000000E+00 0.00000000E+00 0.00000000E+00
42  7 0.00000000E+00 7.29039932E-01 0.00000000E+00-1.57332449E-01 0.00000000E+00
42  8 0.00000000E+00 0.00000000E+00 0.00000000E+00-6.17106817E-02 0.00000000E+00
42  9 0.00000000E+00 2.12019051E-01 0.00000000E+00 0.00000000E+00 0.00000000E+00
42 10 0.00000000E+00-7.29039932E-01 0.00000000E+00-1.57332449E-01
43  1 0.00000000E+00 0.00000000E+00 0.00000000E+00 0.00000000E+00 0.00000000E+00
43  2 0.00000000E+00 0.00000000E+00 0.00000000E+00 0.00000000E+00 0.00000000E+00
43  3 0.00000000E+00 0.00000000E+00 0.00000000E+00 0.00000000E+00 0.00000000E+00
43  4 0.00000000E+00 5.60657181E-01 0.00000000E+00 0.00000000E+00 0.00000000E+00
43  5 0.00000000E+00 0.00000000E+00 0.00000000E+00-2.83070371E-02 0.00000000E+00
43  6 0.00000000E+00 1.85647003E-01 0.00000000E+00 0.00000000E+00 0.00000000E+00
43  7 0.00000000E+00 5.60882533E-01 0.00000000E+00-5.15670142E-01 0.00000000E+00
43  8 0.00000000E+00 0.00000000E+00 0.00000000E+00 2.83070371E-02 0.00000000E+00
43  9 0.00000000E+00-1.85647003E-01 0.00000000E+00 0.00000000E+00 0.00000000E+00
43 10 0.00000000E+00 5.60882533E-01 0.00000000E+00 5.15670142E-01
44  1-5.07912879E-04 6.62874091E-03-7.08054078E-03-3.84075986E-01 0.00000000E+00
44  2 0.00000000E+00 7.25872978E-02 0.00000000E+00 0.00000000E+00-3.11375361E-01
44  3 0.00000000E+00 0.00000000E+00-3.31154586E-01 4.80442246E-01 4.54792487E-02
44  4-5.25921495E-01 0.00000000E+00 0.00000000E+00 0.00000000E+00-3.21101119E-03
44  5-2.41658773E-01 4.09431056E-01-5.55425790E-02 0.00000000E+00 5.95377601E-03
44  6 2.61601637E-01 0.00000000E+00 1.69871641E-01 6.15960314E-01-4.74858289E-02
44  7-5.68474485E-01 0.00000000E+00 3.65062034E-01 0.00000000E+00-3.21101119E-03
44  8-2.41658773E-01 4.09431056E-01 5.55425790E-02 0.00000000E+00 5.95377601E-03
44  9-2.61601637E-01 0.00000000E+00 1.69871641E-01 6.15960314E-01-4.74858289E-02
44 10-5.68474485E-01 0.00000000E+00-3.65062034E-01 0.00000000E+00
45  1-5.34841756E-02-1.07136011E-01-8.20232282E-01-1.44041212E+00 0.00000000E+00
45  2 0.00000000E+00 1.17703785E-01 0.00000000E+00 0.00000000E+00-7.90603448E-01
45  3 0.00000000E+00 0.00000000E+00-3.14826365E-01-6.44331762E-01 4.81089894E-01
45  4 1.63241868E-01 0.00000000E+00 0.00000000E+00 0.00000000E+00-3.86914355E-02
45  5-6.46592079E-01 1.61001576E+00 7.20709852E-02 0.00000000E+00-5.47904869E-02
45  6 7.57504068E-01 0.00000000E+00-4.31772158E-01 4.59556963E-01-4.45037866E-01
45  7-1.45190970E-02 0.00000000E+00-6.69022092E-01 0.00000000E+00-3.86914355E-02
45  8-6.46592079E-01 1.61001576E+00-7.20709852E-02 0.00000000E+00-5.47904869E-02
45  9-7.57504068E-01 0.00000000E+00-4.31772158E-01 4.59556963E-01-4.45037866E-01
45 10-1.45190970E-02 0.00000000E+00 6.69022092E-01 0.00000000E+00
46  1 0.00000000E+00 0.00000000E+00 0.00000000E+00 0.00000000E+00-2.25853200E-01
46  2 0.00000000E+00 0.00000000E+00 1.43669406E+00 0.00000000E+00 0.00000000E+00
46  3 4.26885531E-01 0.00000000E+00 0.00000000E+00 0.00000000E+00 0.00000000E+00
46  4 0.00000000E+00 0.00000000E+00 7.60232207E-01 0.00000000E+00-4.02689597E-02
46  5-5.22801170E-01 1.43564887E+00 1.40802085E-01 0.00000000E+00-7.14730938E-02
46  6 7.07827775E-01 0.00000000E+00-4.09029772E-01 5.90379708E-01-4.06445452E-01
46  7-1.83934256E-01 0.00000000E+00-6.53892170E-01 0.00000000E+00 4.02689597E-02
46  8 5.22801170E-01-1.43564887E+00 1.40802085E-01 0.00000000E+00 7.14730938E-02
46  9 7.07827775E-01 0.00000000E+00 4.09029772E-01-5.90379708E-01 4.06445452E-01
46 10 1.83934256E-01 0.00000000E+00-6.53892170E-01 0.00000000E+00
 $END   
 POPULATION ANALYSIS
S           15.23834   0.76166  15.24467   0.75533
O            8.38083  -0.38083   8.37766  -0.37766
O            8.38083  -0.38083   8.37766  -0.37766
 MOMENTS AT POINT    1 X,Y,Z=  0.000000  0.000000  0.000000
 DIPOLE       0.000000  0.000000 -1.557127
