 $DATA  
Title                                                                           
CNV      2

S          16.0      0.0000000000      0.0000000000     -0.4597469563
   PC1     0
        
O           8.0      0.9192388155      0.0000000000      0.4594918592
   PC1     0
        
 $END      
 $ZMAT   IZMAT(1)=
         1,   3,   1,
         1,   2,   1,
         2,   2,   1,   3,
 $END
--- CLOSED SHELL ORBITALS --- GENERATED AT Thu Feb 26 00:13:54 2015
Title                                                                           
E(R-PBE)=     -548.0557883399, E(NUC)=  122.6286187494,   21 ITERS
 $VEC   
 1  1 1.00298395E+00-1.01992857E-02 2.00583700E-03-6.23542410E-04 0.00000000E+00
 1  2 0.00000000E+00 2.38366341E-05 0.00000000E+00 0.00000000E+00 3.10878325E-04
 1  3 0.00000000E+00 0.00000000E+00-5.12892062E-06 6.28594571E-05-1.16265944E-04
 1  4 5.34064866E-05 0.00000000E+00 0.00000000E+00 0.00000000E+00 1.29612219E-05
 1  5-1.15372789E-05-1.99997093E-04-8.65136945E-05 0.00000000E+00 8.31697659E-05
 1  6-1.67167785E-04 0.00000000E+00 1.87037474E-04-3.96828976E-05 7.17947167E-05
 1  7-3.21118192E-05 0.00000000E+00 1.21560089E-04 0.00000000E+00 1.29612219E-05
 1  8-1.15372789E-05-1.99997093E-04 8.65136945E-05 0.00000000E+00 8.31697659E-05
 1  9 1.67167785E-04 0.00000000E+00 1.87037474E-04-3.96828976E-05 7.17947167E-05
 1 10-3.21118192E-05 0.00000000E+00-1.21560089E-04 0.00000000E+00
 2  1-9.21547649E-05 1.03466719E-04-9.96003709E-04 1.12861129E-02 0.00000000E+00
 2  2 0.00000000E+00 1.59635630E-04 0.00000000E+00 0.00000000E+00 7.17047078E-04
 2  3 0.00000000E+00 0.00000000E+00 5.00293570E-03 3.22074821E-04 7.46253834E-05
 2  4-3.96700205E-04 0.00000000E+00 0.00000000E+00 0.00000000E+00 7.03195491E-01
 2  5 2.63905638E-02-1.42363850E-02 9.99221770E-04 0.00000000E+00-9.47105649E-04
 2  6-2.13802464E-03 0.00000000E+00 2.39486230E-03 4.39681604E-04-1.67530234E-04
 2  7-2.72151370E-04 0.00000000E+00 2.16189972E-04 0.00000000E+00 7.03195491E-01
 2  8 2.63905638E-02-1.42363850E-02-9.99221770E-04 0.00000000E+00-9.47105649E-04
 2  9 2.13802464E-03 0.00000000E+00 2.39486230E-03 4.39681604E-04-1.67530234E-04
 2 10-2.72151370E-04 0.00000000E+00-2.16189972E-04 0.00000000E+00
 3  1 0.00000000E+00 0.00000000E+00 0.00000000E+00 0.00000000E+00-2.14208416E-04
 3  2 0.00000000E+00 0.00000000E+00-6.03746702E-04 0.00000000E+00 0.00000000E+00
 3  3-3.08555235E-03 0.00000000E+00 0.00000000E+00 0.00000000E+00 0.00000000E+00
 3  4 0.00000000E+00 0.00000000E+00 1.07020505E-03 0.00000000E+00 7.03236226E-01
 3  5 2.67002998E-02-1.27766363E-02 1.03310807E-03 0.00000000E+00-1.19892172E-03
 3  6-3.01816598E-03 0.00000000E+00 1.86323283E-03-6.06294331E-04 3.77688845E-04
 3  7 2.28605486E-04 0.00000000E+00-9.00516295E-05 0.00000000E+00-7.03236226E-01
 3  8-2.67002998E-02 1.27766363E-02 1.03310807E-03 0.00000000E+00 1.19892172E-03
 3  9-3.01816598E-03 0.00000000E+00-1.86323283E-03 6.06294331E-04-3.77688845E-04
 3 10-2.28605486E-04 0.00000000E+00-9.00516295E-05 0.00000000E+00
 4  1-2.73904131E-01 1.03957499E+00 4.28967143E-02-1.08172510E-02 0.00000000E+00
 4  2 0.00000000E+00 1.03549489E-02 0.00000000E+00 0.00000000E+00 2.93805594E-03
 4  3 0.00000000E+00 0.00000000E+00-4.81836756E-04 5.29164402E-04-8.82313786E-04
 4  4 3.53149384E-04 0.00000000E+00 0.00000000E+00 0.00000000E+00-5.21123630E-04
 4  5-1.91449503E-04-5.13927152E-04-5.11507806E-05 0.00000000E+00-1.38021247E-05
 4  6-1.26846124E-03 0.00000000E+00 1.45998293E-03 6.61198841E-06-1.61171361E-04
 4  7 1.54559373E-04 0.00000000E+00-3.35792837E-04 0.00000000E+00-5.21123630E-04
 4  8-1.91449503E-04-5.13927152E-04 5.11507806E-05 0.00000000E+00-1.38021247E-05
 4  9 1.26846124E-03 0.00000000E+00 1.45998293E-03 6.61198841E-06-1.61171361E-04
 4 10 1.54559373E-04 0.00000000E+00 3.35792837E-04 0.00000000E+00
 5  1 0.00000000E+00 0.00000000E+00 0.00000000E+00 0.00000000E+00 0.00000000E+00
 5  2 9.96457480E-01 0.00000000E+00 0.00000000E+00 1.02275336E-02 0.00000000E+00
 5  3 0.00000000E+00-5.11062806E-04 0.00000000E+00 0.00000000E+00 0.00000000E+00
 5  4 0.00000000E+00 0.00000000E+00 0.00000000E+00 8.17211455E-04 0.00000000E+00
 5  5 0.00000000E+00 0.00000000E+00 0.00000000E+00 2.72251807E-04 0.00000000E+00
 5  6 0.00000000E+00-1.50182827E-04 0.00000000E+00 0.00000000E+00 0.00000000E+00
 5  7 0.00000000E+00 1.67469935E-04 0.00000000E+00-2.12024606E-04 0.00000000E+00
 5  8 0.00000000E+00 0.00000000E+00 0.00000000E+00 2.72251807E-04 0.00000000E+00
 5  9 0.00000000E+00-1.50182827E-04 0.00000000E+00 0.00000000E+00 0.00000000E+00
 5 10 0.00000000E+00-1.67469935E-04 0.00000000E+00-2.12024606E-04
 6  1 0.00000000E+00 0.00000000E+00 0.00000000E+00 0.00000000E+00 9.95895397E-01
 6  2 0.00000000E+00 0.00000000E+00 1.12469224E-02 0.00000000E+00 0.00000000E+00
 6  3-2.32083249E-04 0.00000000E+00 0.00000000E+00 0.00000000E+00 0.00000000E+00
 6  4 0.00000000E+00 0.00000000E+00 1.80070211E-03 0.00000000E+00 9.36661026E-04
 6  5-9.93338087E-04 5.17425033E-04-1.00574730E-03 0.00000000E+00 1.28593596E-03
 6  6 2.25588047E-04 0.00000000E+00-3.24413313E-04-7.51320293E-05 5.11852793E-04
 6  7-4.36720764E-04 0.00000000E+00 8.00094973E-04 0.00000000E+00-9.36661026E-04
 6  8 9.93338087E-04-5.17425033E-04-1.00574730E-03 0.00000000E+00-1.28593596E-03
 6  9 2.25588047E-04 0.00000000E+00 3.24413313E-04 7.51320293E-05-5.11852793E-04
 6 10 4.36720764E-04 0.00000000E+00 8.00094973E-04 0.00000000E+00
 7  1 3.17285183E-03-1.20139204E-02 5.82297896E-04 5.36596935E-04 0.00000000E+00
 7  2 0.00000000E+00 9.95926948E-01 0.00000000E+00 0.00000000E+00 1.08900082E-02
 7  3 0.00000000E+00 0.00000000E+00-1.93975271E-04-4.68572128E-04-9.00126510E-04
 7  4 1.36869864E-03 0.00000000E+00 0.00000000E+00 0.00000000E+00-9.18123814E-04
 7  5 1.12296216E-03-3.04636088E-04 1.32949765E-03 0.00000000E+00-1.16385167E-03
 7  6-3.25551002E-04 0.00000000E+00 1.24785519E-05 2.42576229E-04-4.51561143E-04
 7  7 2.08984914E-04 0.00000000E+00-8.43932541E-04 0.00000000E+00-9.18123814E-04
 7  8 1.12296216E-03-3.04636088E-04-1.32949765E-03 0.00000000E+00-1.16385167E-03
 7  9 3.25551002E-04 0.00000000E+00 1.24785519E-05 2.42576229E-04-4.51561143E-04
 7 10 2.08984914E-04 0.00000000E+00 8.43932541E-04 0.00000000E+00
 8  1 5.43512483E-02-1.59089130E-01 3.05389031E-01 9.70920601E-02 0.00000000E+00
 8  2 0.00000000E+00-1.08916078E-01 0.00000000E+00 0.00000000E+00 1.86877623E-01
 8  3 0.00000000E+00 0.00000000E+00-4.34012127E-03 1.30670180E-02-4.23463804E-02
 8  4 2.92793624E-02 0.00000000E+00 0.00000000E+00 0.00000000E+00-1.20544429E-01
 8  5 2.30654669E-01 2.18209842E-01 1.13848156E-01 0.00000000E+00-9.17558088E-02
 8  6 2.62613127E-02 0.00000000E+00-2.31723724E-02 3.52926624E-03-7.67583979E-03
 8  7 4.14657355E-03 0.00000000E+00-1.50163208E-02 0.00000000E+00-1.20544429E-01
 8  8 2.30654669E-01 2.18209842E-01-1.13848156E-01 0.00000000E+00-9.17558088E-02
 8  9-2.62613127E-02 0.00000000E+00-2.31723724E-02 3.52926624E-03-7.67583979E-03
 8 10 4.14657355E-03 0.00000000E+00 1.50163208E-02 0.00000000E+00
 9  1 0.00000000E+00 0.00000000E+00 0.00000000E+00 0.00000000E+00 1.58672575E-01
 9  2 0.00000000E+00 0.00000000E+00-2.97776186E-01 0.00000000E+00 0.00000000E+00
 9  3-3.07565006E-02 0.00000000E+00 0.00000000E+00 0.00000000E+00 0.00000000E+00
 9  4 0.00000000E+00 0.00000000E+00-1.13530066E-01 0.00000000E+00-1.47583922E-01
 9  5 2.86181210E-01 3.06716012E-01 6.37259041E-02 0.00000000E+00-1.16497280E-01
 9  6 1.61661738E-02 0.00000000E+00-2.62131956E-02-1.76595836E-04-5.39530689E-03
 9  7 5.57190273E-03 0.00000000E+00-1.23897917E-02 0.00000000E+00 1.47583922E-01
 9  8-2.86181210E-01-3.06716012E-01 6.37259041E-02 0.00000000E+00 1.16497280E-01
 9  9 1.61661738E-02 0.00000000E+00 2.62131956E-02 1.76595836E-04 5.39530689E-03
 9 10-5.57190273E-03 0.00000000E+00-1.23897917E-02 0.00000000E+00
10  1 6.24676163E-02-1.76442269E-01 3.94343914E-01 4.10245762E-01 0.00000000E+00
10  2 0.00000000E+00 1.19985335E-01 0.00000000E+00 0.00000000E+00-2.58201688E-01
10  3 0.00000000E+00 0.00000000E+00-1.23494644E-01 2.79978489E-02 2.75705533E-02
10  4-5.55684022E-02 0.00000000E+00 0.00000000E+00 0.00000000E+00 7.43095880E-02
10  5-1.46533633E-01-2.49470337E-01-1.20949869E-02 0.00000000E+00-1.72966025E-01
10  6-1.11179061E-02 0.00000000E+00-7.84632915E-02-7.58510979E-03-3.45616646E-03
10  7 1.10412762E-02 0.00000000E+00-8.29630755E-03 0.00000000E+00 7.43095880E-02
10  8-1.46533633E-01-2.49470337E-01 1.20949869E-02 0.00000000E+00-1.72966025E-01
10  9 1.11179061E-02 0.00000000E+00-7.84632915E-02-7.58510979E-03-3.45616646E-03
10 10 1.10412762E-02 0.00000000E+00 8.29630755E-03 0.00000000E+00
11  1 0.00000000E+00 0.00000000E+00 0.00000000E+00 0.00000000E+00 0.00000000E+00
11  2-2.05679755E-01 0.00000000E+00 0.00000000E+00 4.70999993E-01 0.00000000E+00
11  3 0.00000000E+00 1.91068036E-01 0.00000000E+00 0.00000000E+00 0.00000000E+00
11  4 0.00000000E+00 0.00000000E+00 0.00000000E+00 8.52004266E-02 0.00000000E+00
11  5 0.00000000E+00 0.00000000E+00 0.00000000E+00 3.12231549E-01 0.00000000E+00
11  6 0.00000000E+00 1.65715625E-01 0.00000000E+00 0.00000000E+00 0.00000000E+00
11  7 0.00000000E+00 1.95438407E-02 0.00000000E+00-1.76480595E-02 0.00000000E+00
11  8 0.00000000E+00 0.00000000E+00 0.00000000E+00 3.12231549E-01 0.00000000E+00
11  9 0.00000000E+00 1.65715625E-01 0.00000000E+00 0.00000000E+00 0.00000000E+00
11 10 0.00000000E+00-1.95438407E-02 0.00000000E+00-1.76480595E-02
12  1 1.16006430E-02-1.05783074E-03 1.14274370E-01-1.78144004E-01 0.00000000E+00
12  2 0.00000000E+00-1.38093608E-01 0.00000000E+00 0.00000000E+00 3.15259417E-01
12  3 0.00000000E+00 0.00000000E+00 3.38585107E-02-8.08982384E-02-6.58425257E-03
12  4 8.74824910E-02 0.00000000E+00 0.00000000E+00 0.00000000E+00 6.90689778E-02
12  5-1.43571765E-01-2.50554544E-01 3.65729343E-01 0.00000000E+00-1.51880152E-02
12  6 2.04906278E-01 0.00000000E+00-1.02400560E-02 2.05900097E-02-8.96237198E-03
12  7-1.16276378E-02 0.00000000E+00-1.15020719E-02 0.00000000E+00 6.90689778E-02
12  8-1.43571765E-01-2.50554544E-01-3.65729343E-01 0.00000000E+00-1.51880152E-02
12  9-2.04906278E-01 0.00000000E+00-1.02400560E-02 2.05900097E-02-8.96237198E-03
12 10-1.16276378E-02 0.00000000E+00 1.15020719E-02 0.00000000E+00
13  1 0.00000000E+00 0.00000000E+00 0.00000000E+00 0.00000000E+00-1.65662092E-01
13  2 0.00000000E+00 0.00000000E+00 3.85183608E-01 0.00000000E+00 0.00000000E+00
13  3 7.40380031E-02 0.00000000E+00 0.00000000E+00 0.00000000E+00 0.00000000E+00
13  4 0.00000000E+00 0.00000000E+00 4.09259826E-02 0.00000000E+00-7.27874043E-02
13  5 1.47938690E-01 3.02137518E-01-1.61834057E-01 0.00000000E+00 3.37047968E-01
13  6-9.26245270E-02 0.00000000E+00 1.80093399E-01 3.52750539E-03 1.11327648E-02
13  7-1.46602702E-02 0.00000000E+00 1.26672532E-02 0.00000000E+00 7.27874043E-02
13  8-1.47938690E-01-3.02137518E-01-1.61834057E-01 0.00000000E+00-3.37047968E-01
13  9-9.26245270E-02 0.00000000E+00-1.80093399E-01-3.52750539E-03-1.11327648E-02
13 10 1.46602702E-02 0.00000000E+00 1.26672532E-02 0.00000000E+00
14  1 1.64548755E-02-8.44304985E-02 6.16710601E-02 5.13388512E-01 0.00000000E+00
14  2 0.00000000E+00 1.41260272E-01 0.00000000E+00 0.00000000E+00-3.21103038E-01
14  3 0.00000000E+00 0.00000000E+00-1.41523477E-01-1.40541235E-01 4.96051389E-02
14  4 9.09360962E-02 0.00000000E+00 0.00000000E+00 0.00000000E+00 1.78323467E-03
14  5-9.80004347E-03-2.24602888E-02 7.99759703E-02 0.00000000E+00 3.87032366E-01
14  6 6.57971896E-02 0.00000000E+00 2.78016793E-01 1.13538882E-02 5.31040845E-03
14  7-1.66642966E-02 0.00000000E+00 1.38614267E-02 0.00000000E+00 1.78323467E-03
14  8-9.80004347E-03-2.24602888E-02-7.99759703E-02 0.00000000E+00 3.87032366E-01
14  9-6.57971896E-02 0.00000000E+00 2.78016793E-01 1.13538882E-02 5.31040845E-03
14 10-1.66642966E-02 0.00000000E+00-1.38614267E-02 0.00000000E+00
15  1 0.00000000E+00 0.00000000E+00 0.00000000E+00 0.00000000E+00 0.00000000E+00
15  2 0.00000000E+00 0.00000000E+00 0.00000000E+00 0.00000000E+00 0.00000000E+00
15  3 0.00000000E+00 0.00000000E+00 0.00000000E+00 0.00000000E+00 0.00000000E+00
15  4 0.00000000E+00-1.50204738E-01 0.00000000E+00 0.00000000E+00 0.00000000E+00
15  5 0.00000000E+00 0.00000000E+00 0.00000000E+00 4.70374283E-01 0.00000000E+00
15  6 0.00000000E+00 3.35650921E-01 0.00000000E+00 0.00000000E+00 0.00000000E+00
15  7 0.00000000E+00 1.59099560E-02 0.00000000E+00-2.21396461E-02 0.00000000E+00
15  8 0.00000000E+00 0.00000000E+00 0.00000000E+00-4.70374283E-01 0.00000000E+00
15  9 0.00000000E+00-3.35650921E-01 0.00000000E+00 0.00000000E+00 0.00000000E+00
15 10 0.00000000E+00 1.59099560E-02 0.00000000E+00 2.21396461E-02
16  1 0.00000000E+00 0.00000000E+00 0.00000000E+00 0.00000000E+00-1.12817427E-02
16  2 0.00000000E+00 0.00000000E+00 2.68069600E-02 0.00000000E+00 0.00000000E+00
16  3 2.17279982E-01 0.00000000E+00 0.00000000E+00 0.00000000E+00 0.00000000E+00
16  4 0.00000000E+00 0.00000000E+00-1.37704104E-01 0.00000000E+00-2.16048036E-02
16  5 4.69246944E-02 1.29160516E-01 4.69030368E-01 0.00000000E+00 1.51740615E-01
16  6 3.23357938E-01 0.00000000E+00 1.26452320E-01 1.93395856E-02-3.95959363E-04
16  7-1.89436263E-02 0.00000000E+00-1.63245153E-02 0.00000000E+00 2.16048036E-02
16  8-4.69246944E-02-1.29160516E-01 4.69030368E-01 0.00000000E+00-1.51740615E-01
16  9 3.23357938E-01 0.00000000E+00-1.26452320E-01-1.93395856E-02 3.95959363E-04
16 10 1.89436263E-02 0.00000000E+00-1.63245153E-02 0.00000000E+00
17  1 0.00000000E+00 0.00000000E+00 0.00000000E+00 0.00000000E+00 0.00000000E+00
17  2-2.03727326E-01 0.00000000E+00 0.00000000E+00 5.22946431E-01 0.00000000E+00
17  3 0.00000000E+00 6.17899120E-01 0.00000000E+00 0.00000000E+00 0.00000000E+00
17  4 0.00000000E+00 0.00000000E+00 0.00000000E+00-1.46360353E-01 0.00000000E+00
17  5 0.00000000E+00 0.00000000E+00 0.00000000E+00-3.35332595E-01 0.00000000E+00
17  6 0.00000000E+00-3.54034155E-01 0.00000000E+00 0.00000000E+00 0.00000000E+00
17  7 0.00000000E+00-7.35638299E-03 0.00000000E+00-7.32460068E-04 0.00000000E+00
17  8 0.00000000E+00 0.00000000E+00 0.00000000E+00-3.35332595E-01 0.00000000E+00
17  9 0.00000000E+00-3.54034155E-01 0.00000000E+00 0.00000000E+00 0.00000000E+00
17 10 0.00000000E+00 7.35638299E-03 0.00000000E+00-7.32460068E-04
18  1 0.00000000E+00 0.00000000E+00 0.00000000E+00 0.00000000E+00-1.38814065E-01
18  2 0.00000000E+00 0.00000000E+00 3.52876004E-01 0.00000000E+00 0.00000000E+00
18  3 1.05349761E+00 0.00000000E+00 0.00000000E+00 0.00000000E+00 0.00000000E+00
18  4 0.00000000E+00 0.00000000E+00-2.50942229E-01 0.00000000E+00-3.76220764E-02
18  5 4.78636993E-02 4.19789221E-01-1.01969000E-01 0.00000000E+00-2.92353803E-01
18  6-1.54782150E-01 0.00000000E+00-3.15243616E-01-3.05195135E-03 1.37472138E-03
18  7 1.67722997E-03 0.00000000E+00-3.34852444E-04 0.00000000E+00 3.76220764E-02
18  8-4.78636993E-02-4.19789221E-01-1.01969000E-01 0.00000000E+00 2.92353803E-01
18  9-1.54782150E-01 0.00000000E+00 3.15243616E-01 3.05195135E-03-1.37472138E-03
18 10-1.67722997E-03 0.00000000E+00-3.34852444E-04 0.00000000E+00
19  1 1.33105702E-02-1.58479320E-01-5.33079090E-02 1.52411091E+00 0.00000000E+00
19  2 0.00000000E+00-5.10602324E-02 0.00000000E+00 0.00000000E+00 1.47378274E-01
19  3 0.00000000E+00 0.00000000E+00 1.44094820E+00-9.00718107E-02 2.85339780E-01
19  4-1.95267970E-01 0.00000000E+00 0.00000000E+00 0.00000000E+00 6.46870533E-02
19  5-6.30285188E-02-9.58221320E-01-1.08899318E-01 0.00000000E+00 7.73076449E-02
19  6-3.03329329E-01 0.00000000E+00 1.11405781E-01-1.26824742E-02 1.88411930E-02
19  7-6.15871876E-03 0.00000000E+00-1.20959478E-03 0.00000000E+00 6.46870533E-02
19  8-6.30285188E-02-9.58221320E-01 1.08899318E-01 0.00000000E+00 7.73076449E-02
19  9 3.03329329E-01 0.00000000E+00 1.11405781E-01-1.26824742E-02 1.88411930E-02
19 10-6.15871876E-03 0.00000000E+00 1.20959478E-03 0.00000000E+00
20  1 0.00000000E+00 0.00000000E+00 0.00000000E+00 0.00000000E+00 0.00000000E+00
20  2 2.91905202E-01 0.00000000E+00 0.00000000E+00-1.11108679E+00 0.00000000E+00
20  3 0.00000000E+00 1.20633158E+00 0.00000000E+00 0.00000000E+00 0.00000000E+00
20  4 0.00000000E+00 0.00000000E+00 0.00000000E+00-1.52467967E-01 0.00000000E+00
20  5 0.00000000E+00 0.00000000E+00 0.00000000E+00 2.96370835E-02 0.00000000E+00
20  6 0.00000000E+00-6.07036405E-02 0.00000000E+00 0.00000000E+00 0.00000000E+00
20  7 0.00000000E+00-3.09659049E-02 0.00000000E+00 2.26397272E-02 0.00000000E+00
20  8 0.00000000E+00 0.00000000E+00 0.00000000E+00 2.96370835E-02 0.00000000E+00
20  9 0.00000000E+00-6.07036405E-02 0.00000000E+00 0.00000000E+00 0.00000000E+00
20 10 0.00000000E+00 3.09659049E-02 0.00000000E+00 2.26397272E-02
21  1-7.65942988E-02-2.53974047E-01-1.15160946E+00 1.51132440E+00 0.00000000E+00
21  2 0.00000000E+00-2.26737997E-01 0.00000000E+00 0.00000000E+00 8.80629066E-01
21  3 0.00000000E+00 0.00000000E+00-6.37705390E-01-2.01655928E-01 2.71599259E-01
21  4-6.99433305E-02 0.00000000E+00 0.00000000E+00 0.00000000E+00 1.30486712E-02
21  5-6.05023702E-02-1.12902899E-01-1.92673238E-02 0.00000000E+00-6.15999270E-03
21  6-9.99274081E-02 0.00000000E+00 8.65064045E-02 1.19742842E-02 1.54485930E-02
21  7-2.74228771E-02 0.00000000E+00 3.58962615E-03 0.00000000E+00 1.30486712E-02
21  8-6.05023702E-02-1.12902899E-01 1.92673238E-02 0.00000000E+00-6.15999270E-03
21  9 9.99274081E-02 0.00000000E+00 8.65064045E-02 1.19742842E-02 1.54485930E-02
21 10-2.74228771E-02 0.00000000E+00-3.58962615E-03 0.00000000E+00
22  1 0.00000000E+00 0.00000000E+00 0.00000000E+00 0.00000000E+00 2.48907092E-01
22  2 0.00000000E+00 0.00000000E+00-8.39219689E-01 0.00000000E+00 0.00000000E+00
22  3 1.37723577E+00 0.00000000E+00 0.00000000E+00 0.00000000E+00 0.00000000E+00
22  4 0.00000000E+00 0.00000000E+00 5.13653570E-01 0.00000000E+00-1.65333161E-02
22  5-5.50607312E-02 6.65289551E-01-2.07383725E-01 0.00000000E+00 1.40476876E-01
22  6 1.72543567E-01 0.00000000E+00-2.03999890E-01-8.11745973E-03-3.23447882E-02
22  7 4.04622479E-02 0.00000000E+00-4.10677543E-02 0.00000000E+00 1.65333161E-02
22  8 5.50607312E-02-6.65289551E-01-2.07383725E-01 0.00000000E+00-1.40476876E-01
22  9 1.72543567E-01 0.00000000E+00 2.03999890E-01 8.11745973E-03 3.23447882E-02
22 10-4.04622479E-02 0.00000000E+00-4.10677543E-02 0.00000000E+00
23  1-7.41272317E-02-2.42522059E-01-1.10239040E+00 2.23021170E+00 0.00000000E+00
23  2 0.00000000E+00 1.00673715E-01 0.00000000E+00 0.00000000E+00-2.48739616E-01
23  3 0.00000000E+00 0.00000000E+00 9.40397691E-01 4.51017607E-01-5.97689718E-01
23  4 1.46672111E-01 0.00000000E+00 0.00000000E+00 0.00000000E+00 2.56450441E-02
23  5-1.35589074E-02-8.42991784E-01 2.30240632E-01 0.00000000E+00-2.35519028E-01
23  6-2.33601909E-01 0.00000000E+00 3.22225652E-01-3.03553462E-02 1.91000858E-02
23  7 1.12552604E-02 0.00000000E+00 6.56172061E-02 0.00000000E+00 2.56450441E-02
23  8-1.35589074E-02-8.42991784E-01-2.30240632E-01 0.00000000E+00-2.35519028E-01
23  9 2.33601909E-01 0.00000000E+00 3.22225652E-01-3.03553462E-02 1.91000858E-02
23 10 1.12552604E-02 0.00000000E+00-6.56172061E-02 0.00000000E+00
24  1 0.00000000E+00 0.00000000E+00 0.00000000E+00 0.00000000E+00 0.00000000E+00
24  2 0.00000000E+00 0.00000000E+00 0.00000000E+00 0.00000000E+00 0.00000000E+00
24  3 0.00000000E+00 0.00000000E+00 0.00000000E+00 0.00000000E+00 0.00000000E+00
24  4 0.00000000E+00 9.82629208E-01 0.00000000E+00 0.00000000E+00 0.00000000E+00
24  5 0.00000000E+00 0.00000000E+00 0.00000000E+00 2.99122851E-01 0.00000000E+00
24  6 0.00000000E+00 7.46528073E-02 0.00000000E+00 0.00000000E+00 0.00000000E+00
24  7 0.00000000E+00-1.02598052E-03 0.00000000E+00 4.92713549E-02 0.00000000E+00
24  8 0.00000000E+00 0.00000000E+00 0.00000000E+00-2.99122851E-01 0.00000000E+00
24  9 0.00000000E+00-7.46528073E-02 0.00000000E+00 0.00000000E+00 0.00000000E+00
24 10 0.00000000E+00-1.02598052E-03 0.00000000E+00-4.92713549E-02
25  1 0.00000000E+00 0.00000000E+00 0.00000000E+00 0.00000000E+00 0.00000000E+00
25  2 3.22229501E-02 0.00000000E+00 0.00000000E+00-1.63953536E-01 0.00000000E+00
25  3 0.00000000E+00 3.56765261E-01 0.00000000E+00 0.00000000E+00 0.00000000E+00
25  4 0.00000000E+00 0.00000000E+00 0.00000000E+00 9.37940801E-01 0.00000000E+00
25  5 0.00000000E+00 0.00000000E+00 0.00000000E+00-3.62072756E-01 0.00000000E+00
25  6 0.00000000E+00-4.59277309E-02 0.00000000E+00 0.00000000E+00 0.00000000E+00
25  7 0.00000000E+00 4.95280393E-02 0.00000000E+00 3.11204460E-03 0.00000000E+00
25  8 0.00000000E+00 0.00000000E+00 0.00000000E+00-3.62072756E-01 0.00000000E+00
25  9 0.00000000E+00-4.59277309E-02 0.00000000E+00 0.00000000E+00 0.00000000E+00
25 10 0.00000000E+00-4.95280393E-02 0.00000000E+00 3.11204460E-03
26  1 5.40741585E-02 2.29393723E-01 8.91008264E-01 7.44686528E-01 0.00000000E+00
26  2 0.00000000E+00-1.43506620E-01 0.00000000E+00 0.00000000E+00 7.79613189E-01
26  3 0.00000000E+00 0.00000000E+00 1.89495381E-01-2.56262228E-01-2.98173095E-01
26  4 5.54435323E-01 0.00000000E+00 0.00000000E+00 0.00000000E+00 5.04711979E-02
26  5-7.38525013E-02-5.96681333E-01 4.81280378E-02 0.00000000E+00-1.93482746E-01
26  6-7.71292645E-01 0.00000000E+00 6.38460805E-01 4.10231679E-02-1.61499056E-02
26  7-2.48732623E-02 0.00000000E+00-1.64801674E-02 0.00000000E+00 5.04711979E-02
26  8-7.38525013E-02-5.96681333E-01-4.81280378E-02 0.00000000E+00-1.93482746E-01
26  9 7.71292645E-01 0.00000000E+00 6.38460805E-01 4.10231679E-02-1.61499056E-02
26 10-2.48732623E-02 0.00000000E+00 1.64801674E-02 0.00000000E+00
27  1 0.00000000E+00 0.00000000E+00 0.00000000E+00 0.00000000E+00-1.91280593E-01
27  2 0.00000000E+00 0.00000000E+00 1.05991388E+00 0.00000000E+00 0.00000000E+00
27  3-7.37419432E-02 0.00000000E+00 0.00000000E+00 0.00000000E+00 0.00000000E+00
27  4 0.00000000E+00 0.00000000E+00 3.69747548E-01 0.00000000E+00-6.40856623E-02
27  5 1.05799320E-01 7.09539840E-01-1.72351546E-01 0.00000000E+00 1.80549294E-01
27  6 9.95293569E-01 0.00000000E+00-8.32380344E-01 1.13166788E-02-1.96095863E-03
27  7-9.35572021E-03 0.00000000E+00-6.38454787E-03 0.00000000E+00 6.40856623E-02
27  8-1.05799320E-01-7.09539840E-01-1.72351546E-01 0.00000000E+00-1.80549294E-01
27  9 9.95293569E-01 0.00000000E+00 8.32380344E-01-1.13166788E-02 1.96095863E-03
27 10 9.35572021E-03 0.00000000E+00-6.38454787E-03 0.00000000E+00
28  1 3.86894727E-02 1.67143029E-01 6.35990864E-01-1.23970522E-01 0.00000000E+00
28  2 0.00000000E+00-1.29025563E-01 0.00000000E+00 0.00000000E+00 5.85925036E-01
28  3 0.00000000E+00 0.00000000E+00-6.90586613E-01 7.99222189E-01-1.99196964E-02
28  4-7.79302493E-01 0.00000000E+00 0.00000000E+00 0.00000000E+00 2.24975846E-02
28  5-6.88478183E-02 1.31933957E-02-2.42200114E-03 0.00000000E+00 1.26424480E-02
28  6 2.06100338E-02 0.00000000E+00 6.40062666E-01-2.64145098E-02-2.99903490E-02
28  7 5.64048587E-02 0.00000000E+00-1.89852513E-02 0.00000000E+00 2.24975846E-02
28  8-6.88478183E-02 1.31933957E-02 2.42200114E-03 0.00000000E+00 1.26424480E-02
28  9-2.06100338E-02 0.00000000E+00 6.40062666E-01-2.64145098E-02-2.99903490E-02
28 10 5.64048587E-02 0.00000000E+00 1.89852513E-02 0.00000000E+00
29  1 6.97582167E-03-1.33763074E-02 6.07768973E-02 2.13090521E-01 0.00000000E+00
29  2 0.00000000E+00-3.99988519E-02 0.00000000E+00 0.00000000E+00 2.02391543E-01
29  3 0.00000000E+00 0.00000000E+00 2.91301309E-01 2.39218105E-01-2.30563054E-01
29  4-8.65505106E-03 0.00000000E+00 0.00000000E+00 0.00000000E+00 8.09015245E-03
29  5-6.49720353E-02-1.18391744E-01 4.13654589E-01 0.00000000E+00 5.26589493E-01
29  6-4.99385659E-01 0.00000000E+00-3.90623845E-01 1.57570834E-02-1.29886084E-02
29  7-2.76847502E-03 0.00000000E+00-5.51491354E-03 0.00000000E+00 8.09015245E-03
29  8-6.49720353E-02-1.18391744E-01-4.13654589E-01 0.00000000E+00 5.26589493E-01
29  9 4.99385659E-01 0.00000000E+00-3.90623845E-01 1.57570834E-02-1.29886084E-02
29 10-2.76847502E-03 0.00000000E+00 5.51491354E-03 0.00000000E+00
30  1 0.00000000E+00 0.00000000E+00 0.00000000E+00 0.00000000E+00 0.00000000E+00
30  2-2.97882944E-02 0.00000000E+00 0.00000000E+00 6.93203685E-02 0.00000000E+00
30  3 0.00000000E+00-8.18412565E-01 0.00000000E+00 0.00000000E+00 0.00000000E+00
30  4 0.00000000E+00 0.00000000E+00 0.00000000E+00-4.27740949E-01 0.00000000E+00
30  5 0.00000000E+00 0.00000000E+00 0.00000000E+00-5.61361716E-01 0.00000000E+00
30  6 0.00000000E+00 9.56765426E-01 0.00000000E+00 0.00000000E+00 0.00000000E+00
30  7 0.00000000E+00-1.48621259E-02 0.00000000E+00 3.51730400E-02 0.00000000E+00
30  8 0.00000000E+00 0.00000000E+00 0.00000000E+00-5.61361716E-01 0.00000000E+00
30  9 0.00000000E+00 9.56765426E-01 0.00000000E+00 0.00000000E+00 0.00000000E+00
30 10 0.00000000E+00 1.48621259E-02 0.00000000E+00 3.51730400E-02
31  1 0.00000000E+00 0.00000000E+00 0.00000000E+00 0.00000000E+00 0.00000000E+00
31  2 0.00000000E+00 0.00000000E+00 0.00000000E+00 0.00000000E+00 0.00000000E+00
31  3 0.00000000E+00 0.00000000E+00 0.00000000E+00 0.00000000E+00 0.00000000E+00
31  4 0.00000000E+00 3.12425525E-01 0.00000000E+00 0.00000000E+00 0.00000000E+00
31  5 0.00000000E+00 0.00000000E+00 0.00000000E+00-5.84129448E-01 0.00000000E+00
31  6 0.00000000E+00 8.97859277E-01 0.00000000E+00 0.00000000E+00 0.00000000E+00
31  7 0.00000000E+00-4.69490032E-02 0.00000000E+00 2.49676764E-02 0.00000000E+00
31  8 0.00000000E+00 0.00000000E+00 0.00000000E+00 5.84129448E-01 0.00000000E+00
31  9 0.00000000E+00-8.97859277E-01 0.00000000E+00 0.00000000E+00 0.00000000E+00
31 10 0.00000000E+00-4.69490032E-02 0.00000000E+00-2.49676764E-02
32  1 0.00000000E+00 0.00000000E+00 0.00000000E+00 0.00000000E+00 2.21801764E-02
32  2 0.00000000E+00 0.00000000E+00-5.98922119E-02 0.00000000E+00 0.00000000E+00
32  3 9.43041564E-01 0.00000000E+00 0.00000000E+00 0.00000000E+00 0.00000000E+00
32  4 0.00000000E+00 0.00000000E+00 1.20268492E-01 0.00000000E+00 4.40424217E-03
32  5-4.15385492E-02 2.18007594E-01 4.33205034E-01 0.00000000E+00 4.28411060E-01
32  6-8.87930057E-01 0.00000000E+00-8.49792568E-01 5.08283125E-02-2.41587839E-02
32  7-2.66695285E-02 0.00000000E+00 2.22106101E-02 0.00000000E+00-4.40424217E-03
32  8 4.15385492E-02-2.18007594E-01 4.33205034E-01 0.00000000E+00-4.28411060E-01
32  9-8.87930057E-01 0.00000000E+00 8.49792568E-01-5.08283125E-02 2.41587839E-02
32 10 2.66695285E-02 0.00000000E+00 2.22106101E-02 0.00000000E+00
33  1-1.02609724E-02 2.24722240E-01 1.62134446E-01-7.13604343E-01 0.00000000E+00
33  2 0.00000000E+00 1.63480828E-01 0.00000000E+00 0.00000000E+00-5.14793923E-01
33  3 0.00000000E+00 0.00000000E+00-2.86255594E-01-3.80628155E-01 8.08674071E-01
33  4-4.28045916E-01 0.00000000E+00 0.00000000E+00 0.00000000E+00-4.06641803E-02
33  5 3.25359369E-01 3.62130357E-01 5.73669309E-01 0.00000000E+00-3.33239966E-01
33  6-2.19633596E-01 0.00000000E+00 1.40248360E-01-9.10992423E-02 5.39589088E-02
33  7 3.71403335E-02 0.00000000E+00-2.41595322E-02 0.00000000E+00-4.06641803E-02
33  8 3.25359369E-01 3.62130357E-01-5.73669309E-01 0.00000000E+00-3.33239966E-01
33  9 2.19633596E-01 0.00000000E+00 1.40248360E-01-9.10992423E-02 5.39589088E-02
33 10 3.71403335E-02 0.00000000E+00 2.41595322E-02 0.00000000E+00
34  1 0.00000000E+00 0.00000000E+00 0.00000000E+00 0.00000000E+00-1.69167733E-01
34  2 0.00000000E+00 0.00000000E+00 6.56146867E-01 0.00000000E+00 0.00000000E+00
34  3 4.75947766E-01 0.00000000E+00 0.00000000E+00 0.00000000E+00 0.00000000E+00
34  4 0.00000000E+00 0.00000000E+00 1.21495721E+00 0.00000000E+00-3.22409345E-02
34  5 6.85566220E-02 8.57223371E-01 4.18903740E-01 0.00000000E+00-5.27202022E-01
34  6 4.60244787E-02 0.00000000E+00-2.62428367E-02 3.89268462E-02 1.07071192E-02
34  7-4.96339654E-02 0.00000000E+00 7.54464542E-02 0.00000000E+00 3.22409345E-02
34  8-6.85566220E-02-8.57223371E-01 4.18903740E-01 0.00000000E+00 5.27202022E-01
34  9 4.60244787E-02 0.00000000E+00 2.62428367E-02-3.89268462E-02-1.07071192E-02
34 10 4.96339654E-02 0.00000000E+00 7.54464542E-02 0.00000000E+00
35  1-1.44393345E-02-1.47706278E-01-3.27609232E-01 2.55252838E+00 0.00000000E+00
35  2 0.00000000E+00-6.77236332E-02 0.00000000E+00 0.00000000E+00 5.01766803E-01
35  3 0.00000000E+00 0.00000000E+00 1.11298371E+00 1.00945792E-01-3.87520094E-01
35  4 2.86574302E-01 0.00000000E+00 0.00000000E+00 0.00000000E+00 3.09264596E-03
35  5 1.12369583E+00-2.36471512E+00-1.23812855E-01 0.00000000E+00 9.98543365E-02
35  6-3.50814012E-01 0.00000000E+00 3.38790927E-01-1.46731196E-01 8.97339152E-02
35  7 5.69972806E-02 0.00000000E+00-2.20812775E-01 0.00000000E+00 3.09264596E-03
35  8 1.12369583E+00-2.36471512E+00 1.23812855E-01 0.00000000E+00 9.98543365E-02
35  9 3.50814012E-01 0.00000000E+00 3.38790927E-01-1.46731196E-01 8.97339152E-02
35 10 5.69972806E-02 0.00000000E+00 2.20812775E-01 0.00000000E+00
36  1 0.00000000E+00 0.00000000E+00 0.00000000E+00 0.00000000E+00-1.34994229E-02
36  2 0.00000000E+00 0.00000000E+00 3.00345101E-01 0.00000000E+00 0.00000000E+00
36  3 6.28614822E-01 0.00000000E+00 0.00000000E+00 0.00000000E+00 0.00000000E+00
36  4 0.00000000E+00 0.00000000E+00-1.64931826E-02 0.00000000E+00 4.92351553E-03
36  5-1.20108481E+00 1.79508574E+00-1.97136072E-02 0.00000000E+00 4.46370905E-02
36  6 4.20479872E-01 0.00000000E+00-3.60642251E-01-2.08746477E-01 2.19458532E-01
36  7-1.07120551E-02 0.00000000E+00 6.71822390E-02 0.00000000E+00-4.92351553E-03
36  8 1.20108481E+00-1.79508574E+00-1.97136072E-02 0.00000000E+00-4.46370905E-02
36  9 4.20479872E-01 0.00000000E+00 3.60642251E-01 2.08746477E-01-2.19458532E-01
36 10 1.07120551E-02 0.00000000E+00 6.71822390E-02 0.00000000E+00
37  1 0.00000000E+00 0.00000000E+00 0.00000000E+00 0.00000000E+00 0.00000000E+00
37  2-5.22643710E-03 0.00000000E+00 0.00000000E+00 2.48172816E-02 0.00000000E+00
37  3 0.00000000E+00 5.35450156E-02 0.00000000E+00 0.00000000E+00 0.00000000E+00
37  4 0.00000000E+00 0.00000000E+00 0.00000000E+00-1.02153437E-01 0.00000000E+00
37  5 0.00000000E+00 0.00000000E+00 0.00000000E+00 5.23366390E-02 0.00000000E+00
37  6 0.00000000E+00-7.07716724E-02 0.00000000E+00 0.00000000E+00 0.00000000E+00
37  7 0.00000000E+00 4.64642326E-01 0.00000000E+00 5.29631265E-01 0.00000000E+00
37  8 0.00000000E+00 0.00000000E+00 0.00000000E+00 5.23366390E-02 0.00000000E+00
37  9 0.00000000E+00-7.07716724E-02 0.00000000E+00 0.00000000E+00 0.00000000E+00
37 10 0.00000000E+00-4.64642326E-01 0.00000000E+00 5.29631265E-01
38  1-9.01261396E-03-4.11959297E-02-1.49300243E-01 9.67794497E-01 0.00000000E+00
38  2 0.00000000E+00 1.29801063E-02 0.00000000E+00 0.00000000E+00 3.67397310E-02
38  3 0.00000000E+00 0.00000000E+00 4.61423349E-01 2.88882160E-02 1.18992820E-01
38  4-1.47881036E-01 0.00000000E+00 0.00000000E+00 0.00000000E+00 1.45803618E-03
38  5 5.02078760E-01-9.03221236E-01 4.92610583E-02 0.00000000E+00-1.74940732E-02
38  6-1.78765701E-01 0.00000000E+00 1.46127538E-01 4.33575346E-01-6.03547882E-01
38  7 1.69972536E-01 0.00000000E+00 2.60185371E-01 0.00000000E+00 1.45803618E-03
38  8 5.02078760E-01-9.03221236E-01-4.92610583E-02 0.00000000E+00-1.74940732E-02
38  9 1.78765701E-01 0.00000000E+00 1.46127538E-01 4.33575346E-01-6.03547882E-01
38 10 1.69972536E-01 0.00000000E+00-2.60185371E-01 0.00000000E+00
39  1 0.00000000E+00 0.00000000E+00 0.00000000E+00 0.00000000E+00-3.29375407E-02
39  2 0.00000000E+00 0.00000000E+00 1.22035558E-01 0.00000000E+00 0.00000000E+00
39  3 4.55681757E-02 0.00000000E+00 0.00000000E+00 0.00000000E+00 0.00000000E+00
39  4 0.00000000E+00 0.00000000E+00-1.07139720E-01 0.00000000E+00-9.81879457E-04
39  5-9.10589573E-02 1.14092789E-01 1.01294863E-02 0.00000000E+00 1.52412344E-02
39  6-3.45559248E-03 0.00000000E+00-2.79760672E-02-1.32172178E-01-4.56028943E-01
39  7 5.88201121E-01 0.00000000E+00 3.59871697E-01 0.00000000E+00 9.81879457E-04
39  8 9.10589573E-02-1.14092789E-01 1.01294863E-02 0.00000000E+00-1.52412344E-02
39  9-3.45559248E-03 0.00000000E+00 2.79760672E-02 1.32172178E-01 4.56028943E-01
39 10-5.88201121E-01 0.00000000E+00 3.59871697E-01 0.00000000E+00
40  1 0.00000000E+00 0.00000000E+00 0.00000000E+00 0.00000000E+00 0.00000000E+00
40  2 0.00000000E+00 0.00000000E+00 0.00000000E+00 0.00000000E+00 0.00000000E+00
40  3 0.00000000E+00 0.00000000E+00 0.00000000E+00 0.00000000E+00 0.00000000E+00
40  4 0.00000000E+00-6.97073130E-02 0.00000000E+00 0.00000000E+00 0.00000000E+00
40  5 0.00000000E+00 0.00000000E+00 0.00000000E+00-5.53416563E-02 0.00000000E+00
40  6 0.00000000E+00 8.02528532E-02 0.00000000E+00 0.00000000E+00 0.00000000E+00
40  7 0.00000000E+00 5.67305228E-01 0.00000000E+00 4.34853189E-01 0.00000000E+00
40  8 0.00000000E+00 0.00000000E+00 0.00000000E+00 5.53416563E-02 0.00000000E+00
40  9 0.00000000E+00-8.02528532E-02 0.00000000E+00 0.00000000E+00 0.00000000E+00
40 10 0.00000000E+00 5.67305228E-01 0.00000000E+00-4.34853189E-01
41  1 0.00000000E+00 0.00000000E+00 0.00000000E+00 0.00000000E+00 0.00000000E+00
41  2 0.00000000E+00 0.00000000E+00 0.00000000E+00 0.00000000E+00 0.00000000E+00
41  3 0.00000000E+00 0.00000000E+00 0.00000000E+00 0.00000000E+00 0.00000000E+00
41  4 0.00000000E+00-5.35391464E-01 0.00000000E+00 0.00000000E+00 0.00000000E+00
41  5 0.00000000E+00 0.00000000E+00 0.00000000E+00 4.98585249E-02 0.00000000E+00
41  6 0.00000000E+00-2.38317347E-01 0.00000000E+00 0.00000000E+00 0.00000000E+00
41  7 0.00000000E+00-4.70093326E-01 0.00000000E+00 6.10671319E-01 0.00000000E+00
41  8 0.00000000E+00 0.00000000E+00 0.00000000E+00-4.98585249E-02 0.00000000E+00
41  9 0.00000000E+00 2.38317347E-01 0.00000000E+00 0.00000000E+00 0.00000000E+00
41 10 0.00000000E+00-4.70093326E-01 0.00000000E+00-6.10671319E-01
42  1 0.00000000E+00 0.00000000E+00 0.00000000E+00 0.00000000E+00 0.00000000E+00
42  2 9.73818494E-02 0.00000000E+00 0.00000000E+00-4.15428797E-01 0.00000000E+00
42  3 0.00000000E+00-1.71508885E-01 0.00000000E+00 0.00000000E+00 0.00000000E+00
42  4 0.00000000E+00 0.00000000E+00 0.00000000E+00-5.58205190E-01 0.00000000E+00
42  5 0.00000000E+00 0.00000000E+00 0.00000000E+00-9.01933500E-03 0.00000000E+00
42  6 0.00000000E+00 2.52794177E-01 0.00000000E+00 0.00000000E+00 0.00000000E+00
42  7 0.00000000E+00 5.98130695E-01 0.00000000E+00-5.23583404E-01 0.00000000E+00
42  8 0.00000000E+00 0.00000000E+00 0.00000000E+00-9.01933500E-03 0.00000000E+00
42  9 0.00000000E+00 2.52794177E-01 0.00000000E+00 0.00000000E+00 0.00000000E+00
42 10 0.00000000E+00-5.98130695E-01 0.00000000E+00-5.23583404E-01
43  1-6.30565350E-03-6.53120436E-02-1.66412834E-01-2.70142831E-01 0.00000000E+00
43  2 0.00000000E+00-6.30117258E-02 0.00000000E+00 0.00000000E+00 1.46948593E-01
43  3 0.00000000E+00 0.00000000E+00 3.82928901E-02-6.75720851E-01 2.80296838E-02
43  4 6.47691167E-01 0.00000000E+00 0.00000000E+00 0.00000000E+00-1.26233018E-03
43  5-2.60629824E-01 3.66736299E-01-8.00595040E-02 0.00000000E+00 2.16091620E-02
43  6-1.19228657E-02 0.00000000E+00-3.07843988E-01-5.77739696E-01-2.01873958E-01
43  7 7.79613654E-01 0.00000000E+00 2.24597170E-02 0.00000000E+00-1.26233018E-03
43  8-2.60629824E-01 3.66736299E-01 8.00595040E-02 0.00000000E+00 2.16091620E-02
43  9 1.19228657E-02 0.00000000E+00-3.07843988E-01-5.77739696E-01-2.01873958E-01
43 10 7.79613654E-01 0.00000000E+00-2.24597170E-02 0.00000000E+00
44  1 0.00000000E+00 0.00000000E+00 0.00000000E+00 0.00000000E+00 6.33081490E-02
44  2 0.00000000E+00 0.00000000E+00-1.51740534E-01 0.00000000E+00 0.00000000E+00
44  3-1.02147988E-01 0.00000000E+00 0.00000000E+00 0.00000000E+00 0.00000000E+00
44  4 0.00000000E+00 0.00000000E+00-1.85684504E-01 0.00000000E+00-4.74306718E-03
44  5-4.88911605E-01 5.88844832E-01-1.81025184E-01 0.00000000E+00 1.29393637E-02
44  6 5.40170468E-01 0.00000000E+00 1.18072075E-01 7.14540979E-01-3.35271272E-01
44  7-3.79269707E-01 0.00000000E+00 2.39381955E-01 0.00000000E+00 4.74306718E-03
44  8 4.88911605E-01-5.88844832E-01-1.81025184E-01 0.00000000E+00-1.29393637E-02
44  9 5.40170468E-01 0.00000000E+00-1.18072075E-01-7.14540979E-01 3.35271272E-01
44 10 3.79269707E-01 0.00000000E+00 2.39381955E-01 0.00000000E+00
45  1 0.00000000E+00 0.00000000E+00 0.00000000E+00 0.00000000E+00-1.94968202E-01
45  2 0.00000000E+00 0.00000000E+00 1.54697695E+00 0.00000000E+00 0.00000000E+00
45  3 4.04990869E-01 0.00000000E+00 0.00000000E+00 0.00000000E+00 0.00000000E+00
45  4 0.00000000E+00 0.00000000E+00 9.39030699E-01 0.00000000E+00-4.72084166E-02
45  5-5.86348140E-01 1.91858197E+00 1.84454913E-01 0.00000000E+00-1.99496405E-01
45  6 7.64688317E-01 0.00000000E+00-7.08742380E-01 2.09165713E-01-5.02211772E-01
45  7 2.93046059E-01 0.00000000E+00-7.63119590E-01 0.00000000E+00 4.72084166E-02
45  8 5.86348140E-01-1.91858197E+00 1.84454913E-01 0.00000000E+00 1.99496405E-01
45  9 7.64688317E-01 0.00000000E+00 7.08742380E-01-2.09165713E-01 5.02211772E-01
45 10-2.93046059E-01 0.00000000E+00-7.63119590E-01 0.00000000E+00
46  1-6.59633052E-02-3.05910137E-01-1.25164169E+00-1.25545521E+00 0.00000000E+00
46  2 0.00000000E+00 1.65475799E-01 0.00000000E+00 0.00000000E+00-1.36556714E+00
46  3 0.00000000E+00 0.00000000E+00-3.22669092E-01-1.55191446E-01 4.49428390E-01
46  4-2.94236945E-01 0.00000000E+00 0.00000000E+00 0.00000000E+00-4.16264432E-02
46  5-5.03934589E-01 1.60165243E+00 1.44209189E-01 0.00000000E+00-1.39241322E-01
46  6 6.23429290E-01 0.00000000E+00-6.01282270E-01 2.93298012E-01-4.12290764E-01
46  7 1.18992752E-01 0.00000000E+00-8.09310063E-01 0.00000000E+00-4.16264432E-02
46  8-5.03934589E-01 1.60165243E+00-1.44209189E-01 0.00000000E+00-1.39241322E-01
46  9-6.23429290E-01 0.00000000E+00-6.01282270E-01 2.93298012E-01-4.12290764E-01
46 10 1.18992752E-01 0.00000000E+00 8.09310063E-01 0.00000000E+00
 $END   
 POPULATION ANALYSIS
S           15.34133   0.65867  15.25312   0.74688
O            8.32934  -0.32934   8.37344  -0.37344
O            8.32934  -0.32934   8.37344  -0.37344
 MOMENTS AT POINT    1 X,Y,Z=  0.000000  0.000000  0.000000
 DIPOLE       0.000000  0.000000 -2.573113
