 $DATA  
Title                                                                           
CNV      2

S          16.0      0.0000000000      0.0000000000     -0.4876752676
   PC1     0
        
O           8.0      1.3925584753      0.0000000000      0.4874046742
   PC1     0
        
 $END      
 $ZMAT   IZMAT(1)=
         1,   3,   1,
         1,   2,   1,
         2,   2,   1,   3,
 $END
--- CLOSED SHELL ORBITALS --- GENERATED AT Thu Feb 26 00:19:15 2015
Title                                                                           
E(R-PBE)=     -548.2087979053, E(NUC)=   91.8479836752,   21 ITERS
 $VEC   
 1  1 1.00297851E+00-1.02728854E-02 1.79111228E-03-9.51223207E-04 0.00000000E+00
 1  2 0.00000000E+00 5.58325968E-05 0.00000000E+00 0.00000000E+00 3.22250507E-05
 1  3 0.00000000E+00 0.00000000E+00-7.72237179E-05 1.37972085E-05-5.96571758E-06
 1  4-7.83149092E-06 0.00000000E+00 0.00000000E+00 0.00000000E+00 1.92396175E-06
 1  5-1.62090265E-06 8.66693380E-05-2.17850983E-06 0.00000000E+00-4.18441421E-06
 1  6-1.73006716E-05 0.00000000E+00 3.76727311E-05-3.96240381E-05 4.28564555E-05
 1  7-3.23241748E-06 0.00000000E+00 7.10822399E-05 0.00000000E+00 1.92396175E-06
 1  8-1.62090265E-06 8.66693380E-05 2.17850983E-06 0.00000000E+00-4.18441421E-06
 1  9 1.73006716E-05 0.00000000E+00 3.76727311E-05-3.96240381E-05 4.28564555E-05
 1 10-3.23241748E-06 0.00000000E+00-7.10822399E-05 0.00000000E+00
 2  1-7.92476589E-05-1.18794077E-03-2.23493506E-03 9.24227936E-03 0.00000000E+00
 2  2 0.00000000E+00-1.20374045E-04 0.00000000E+00 0.00000000E+00 8.74267158E-04
 2  3 0.00000000E+00 0.00000000E+00 4.22123303E-03 1.02115182E-03-1.24365710E-03
 2  4 2.22505279E-04 0.00000000E+00 0.00000000E+00 0.00000000E+00 7.03289109E-01
 2  5 2.56423436E-02-1.22230814E-02 7.97327457E-04 0.00000000E+00-4.56099599E-04
 2  6-3.22127280E-03 0.00000000E+00 1.43979316E-03-3.43600635E-04 2.49445285E-04
 2  7 9.41553497E-05 0.00000000E+00 3.44356786E-04 0.00000000E+00 7.03289109E-01
 2  8 2.56423436E-02-1.22230814E-02-7.97327457E-04 0.00000000E+00-4.56099599E-04
 2  9 3.22127280E-03 0.00000000E+00 1.43979316E-03-3.43600635E-04 2.49445285E-04
 2 10 9.41553497E-05 0.00000000E+00-3.44356786E-04 0.00000000E+00
 3  1 0.00000000E+00 0.00000000E+00 0.00000000E+00 0.00000000E+00 1.07796714E-04
 3  2 0.00000000E+00 0.00000000E+00-1.02984944E-03 0.00000000E+00 0.00000000E+00
 3  3-4.19541722E-03 0.00000000E+00 0.00000000E+00 0.00000000E+00 0.00000000E+00
 3  4 0.00000000E+00 0.00000000E+00-1.24260925E-03 0.00000000E+00 7.03240564E-01
 3  5 2.51051558E-02-1.06372160E-02 6.99202132E-04 0.00000000E+00-5.90989659E-04
 3  6-1.79555000E-03 0.00000000E+00 1.85631116E-03-1.33029341E-04 2.11877044E-04
 3  7-7.88477035E-05 0.00000000E+00 3.20300788E-04 0.00000000E+00-7.03240564E-01
 3  8-2.51051558E-02 1.06372160E-02 6.99202132E-04 0.00000000E+00 5.90989659E-04
 3  9-1.79555000E-03 0.00000000E+00-1.85631116E-03 1.33029341E-04-2.11877044E-04
 3 10 7.88477035E-05 0.00000000E+00 3.20300788E-04 0.00000000E+00
 4  1-2.74106590E-01 1.03955790E+00 4.06457393E-02-1.24699682E-02 0.00000000E+00
 4  2 0.00000000E+00 8.52153418E-03 0.00000000E+00 0.00000000E+00 8.06539621E-04
 4  3 0.00000000E+00 0.00000000E+00-7.94668208E-04 3.76095974E-04-2.04178637E-04
 4  4-1.71917337E-04 0.00000000E+00 0.00000000E+00 0.00000000E+00 2.59856187E-05
 4  5-7.07733449E-05 7.95339669E-04-1.69152122E-04 0.00000000E+00 6.74508320E-05
 4  6-2.91687574E-04 0.00000000E+00 4.60959125E-04-3.78263473E-04 4.08737792E-04
 4  7-3.04743195E-05 0.00000000E+00 6.76037667E-04 0.00000000E+00 2.59856187E-05
 4  8-7.07733449E-05 7.95339669E-04 1.69152122E-04 0.00000000E+00 6.74508320E-05
 4  9 2.91687574E-04 0.00000000E+00 4.60959125E-04-3.78263473E-04 4.08737792E-04
 4 10-3.04743195E-05 0.00000000E+00-6.76037667E-04 0.00000000E+00
 5  1 0.00000000E+00 0.00000000E+00 0.00000000E+00 0.00000000E+00 9.96832974E-01
 5  2 0.00000000E+00 0.00000000E+00 9.04310486E-03 0.00000000E+00 0.00000000E+00
 5  3-1.93779850E-04 0.00000000E+00 0.00000000E+00 0.00000000E+00 0.00000000E+00
 5  4 0.00000000E+00 0.00000000E+00 4.93365732E-04 0.00000000E+00 8.83806032E-05
 5  5 4.74970098E-05-8.75548098E-05-6.54979191E-05 0.00000000E+00 4.55291957E-05
 5  6-6.83081949E-05 0.00000000E+00 5.70878263E-05-1.15059320E-04 1.33596867E-04
 5  7-1.85375470E-05 0.00000000E+00 2.20236078E-04 0.00000000E+00-8.83806032E-05
 5  8-4.74970098E-05 8.75548098E-05-6.54979191E-05 0.00000000E+00-4.55291957E-05
 5  9-6.83081949E-05 0.00000000E+00-5.70878263E-05 1.15059320E-04-1.33596867E-04
 5 10 1.85375470E-05 0.00000000E+00 2.20236078E-04 0.00000000E+00
 6  1 0.00000000E+00 0.00000000E+00 0.00000000E+00 0.00000000E+00 0.00000000E+00
 6  2 9.96900496E-01 0.00000000E+00 0.00000000E+00 8.91001602E-03 0.00000000E+00
 6  3 0.00000000E+00-1.83419700E-04 0.00000000E+00 0.00000000E+00 0.00000000E+00
 6  4 0.00000000E+00 0.00000000E+00 0.00000000E+00 3.89357650E-04 0.00000000E+00
 6  5 0.00000000E+00 0.00000000E+00 0.00000000E+00 7.80773799E-06 0.00000000E+00
 6  6 0.00000000E+00-5.18773747E-05 0.00000000E+00 0.00000000E+00 0.00000000E+00
 6  7 0.00000000E+00-3.82671471E-06 0.00000000E+00-2.43492749E-06 0.00000000E+00
 6  8 0.00000000E+00 0.00000000E+00 0.00000000E+00 7.80773799E-06 0.00000000E+00
 6  9 0.00000000E+00-5.18773747E-05 0.00000000E+00 0.00000000E+00 0.00000000E+00
 6 10 0.00000000E+00 3.82671471E-06 0.00000000E+00-2.43492749E-06
 7  1 2.32304009E-03-9.02841412E-03-3.90385586E-04-2.07511140E-04 0.00000000E+00
 7  2 0.00000000E+00 9.96903808E-01 0.00000000E+00 0.00000000E+00 8.72344636E-03
 7  3 0.00000000E+00 0.00000000E+00-2.37038816E-04-2.86673239E-04-1.85276749E-04
 7  4 4.71949987E-04 0.00000000E+00 0.00000000E+00 0.00000000E+00-7.29957910E-05
 7  5-1.17800232E-04 2.99122964E-04 6.80500838E-05 0.00000000E+00-3.39525047E-05
 7  6 1.52323893E-04 0.00000000E+00-1.89242325E-04 1.18386720E-04-1.28875517E-04
 7  7 1.04887972E-05 0.00000000E+00-2.23944994E-04 0.00000000E+00-7.29957910E-05
 7  8-1.17800232E-04 2.99122964E-04-6.80500838E-05 0.00000000E+00-3.39525047E-05
 7  9-1.52323893E-04 0.00000000E+00-1.89242325E-04 1.18386720E-04-1.28875517E-04
 7 10 1.04887972E-05 0.00000000E+00 2.23944994E-04 0.00000000E+00
 8  1 4.50171553E-02-1.29092393E-01 2.68201518E-01 1.68999672E-01 0.00000000E+00
 8  2 0.00000000E+00-4.84809269E-02 0.00000000E+00 0.00000000E+00 9.69931312E-02
 8  3 0.00000000E+00 0.00000000E+00 6.24021813E-03 2.56479652E-02-2.45582864E-02
 8  4-1.08967881E-03 0.00000000E+00 0.00000000E+00 0.00000000E+00-1.27664040E-01
 8  5 2.53544335E-01 3.13034031E-01 7.60027135E-02 0.00000000E+00-5.05573865E-02
 8  6 3.79638026E-02 0.00000000E+00-2.50684553E-02 6.90148680E-03-5.03029494E-03
 8  7-1.87119186E-03 0.00000000E+00-1.11143042E-02 0.00000000E+00-1.27664040E-01
 8  8 2.53544335E-01 3.13034031E-01-7.60027135E-02 0.00000000E+00-5.05573865E-02
 8  9-3.79638026E-02 0.00000000E+00-2.50684553E-02 6.90148680E-03-5.03029494E-03
 8 10-1.87119186E-03 0.00000000E+00 1.11143042E-02 0.00000000E+00
 9  1 0.00000000E+00 0.00000000E+00 0.00000000E+00 0.00000000E+00 8.49898415E-02
 9  2 0.00000000E+00 0.00000000E+00-1.71288018E-01 0.00000000E+00 0.00000000E+00
 9  3-3.13135445E-02 0.00000000E+00 0.00000000E+00 0.00000000E+00 0.00000000E+00
 9  4 0.00000000E+00 0.00000000E+00-5.23375526E-02 0.00000000E+00-1.51740666E-01
 9  5 3.08195261E-01 3.83031821E-01 6.11128968E-02 0.00000000E+00-4.93589475E-02
 9  6 2.88636487E-02 0.00000000E+00-2.49278233E-02 2.76179779E-03-2.16082895E-03
 9  7-6.00968840E-04 0.00000000E+00-8.50005320E-03 0.00000000E+00 1.51740666E-01
 9  8-3.08195261E-01-3.83031821E-01 6.11128968E-02 0.00000000E+00 4.93589475E-02
 9  9 2.88636487E-02 0.00000000E+00 2.49278233E-02-2.76179779E-03 2.16082895E-03
 9 10 6.00968840E-04 0.00000000E+00-8.50005320E-03 0.00000000E+00
10  1 7.28906502E-02-2.06162535E-01 4.58682692E-01 4.33037857E-01 0.00000000E+00
10  2 0.00000000E+00 3.35230452E-02 0.00000000E+00 0.00000000E+00-6.72868178E-02
10  3 0.00000000E+00 0.00000000E+00-5.29793264E-02-8.82692455E-03 1.29117502E-02
10  4-4.08482567E-03 0.00000000E+00 0.00000000E+00 0.00000000E+00 9.70070249E-02
10  5-2.01743869E-01-3.03268694E-01 8.15787210E-02 0.00000000E+00-6.52897836E-02
10  6 3.71823998E-02 0.00000000E+00-2.68741962E-02 3.22647198E-03-4.79468940E-03
10  7 1.56821742E-03 0.00000000E+00-5.69963574E-03 0.00000000E+00 9.70070249E-02
10  8-2.01743869E-01-3.03268694E-01-8.15787210E-02 0.00000000E+00-6.52897836E-02
10  9-3.71823998E-02 0.00000000E+00-2.68741962E-02 3.22647198E-03-4.79468940E-03
10 10 1.56821742E-03 0.00000000E+00 5.69963574E-03 0.00000000E+00
11  1 0.00000000E+00 0.00000000E+00 0.00000000E+00 0.00000000E+00-1.83839022E-01
11  2 0.00000000E+00 0.00000000E+00 4.35407071E-01 0.00000000E+00 0.00000000E+00
11  3 1.41411873E-01 0.00000000E+00 0.00000000E+00 0.00000000E+00 0.00000000E+00
11  4 0.00000000E+00 0.00000000E+00 4.24101072E-02 0.00000000E+00-5.67696093E-02
11  5 1.14980281E-01 2.13351491E-01-2.44995949E-01 0.00000000E+00 2.54946061E-01
11  6-1.44076343E-01 0.00000000E+00 1.53207149E-01-1.91742605E-03 7.45087579E-03
11  7-5.53344975E-03 0.00000000E+00 1.24079712E-02 0.00000000E+00 5.67696093E-02
11  8-1.14980281E-01-2.13351491E-01-2.44995949E-01 0.00000000E+00-2.54946061E-01
11  9-1.44076343E-01 0.00000000E+00-1.53207149E-01 1.91742605E-03-7.45087579E-03
11 10 5.53344975E-03 0.00000000E+00 1.24079712E-02 0.00000000E+00
12  1-9.65868431E-03 5.03841545E-02-3.08300210E-02-2.35965586E-01 0.00000000E+00
12  2 0.00000000E+00-2.08530851E-01 0.00000000E+00 0.00000000E+00 4.90906152E-01
12  3 0.00000000E+00 0.00000000E+00 2.38275326E-01-1.27172427E-02-2.10747852E-02
12  4 3.37920279E-02 0.00000000E+00 0.00000000E+00 0.00000000E+00 3.11259692E-02
12  5-6.40160185E-02-1.15222982E-01 3.03095418E-01 0.00000000E+00 1.79138184E-02
12  6 1.94913991E-01 0.00000000E+00 9.97386629E-03 1.58446120E-02-5.94602627E-03
12  7-9.89858577E-03 0.00000000E+00-3.94040067E-03 0.00000000E+00 3.11259692E-02
12  8-6.40160185E-02-1.15222982E-01-3.03095418E-01 0.00000000E+00 1.79138184E-02
12  9-1.94913991E-01 0.00000000E+00 9.97386629E-03 1.58446120E-02-5.94602627E-03
12 10-9.89858577E-03 0.00000000E+00 3.94040067E-03 0.00000000E+00
13  1 0.00000000E+00 0.00000000E+00 0.00000000E+00 0.00000000E+00 0.00000000E+00
13  2-2.12110414E-01 0.00000000E+00 0.00000000E+00 4.99884321E-01 0.00000000E+00
13  3 0.00000000E+00 3.15167536E-01 0.00000000E+00 0.00000000E+00 0.00000000E+00
13  4 0.00000000E+00 0.00000000E+00 0.00000000E+00 3.57246430E-02 0.00000000E+00
13  5 0.00000000E+00 0.00000000E+00 0.00000000E+00 2.83512653E-01 0.00000000E+00
13  6 0.00000000E+00 1.74255815E-01 0.00000000E+00 0.00000000E+00 0.00000000E+00
13  7 0.00000000E+00 1.40802854E-02 0.00000000E+00-9.71178599E-03 0.00000000E+00
13  8 0.00000000E+00 0.00000000E+00 0.00000000E+00 2.83512653E-01 0.00000000E+00
13  9 0.00000000E+00 1.74255815E-01 0.00000000E+00 0.00000000E+00 0.00000000E+00
13 10 0.00000000E+00-1.40802854E-02 0.00000000E+00-9.71178599E-03
14  1 0.00000000E+00 0.00000000E+00 0.00000000E+00 0.00000000E+00 0.00000000E+00
14  2 0.00000000E+00 0.00000000E+00 0.00000000E+00 0.00000000E+00 0.00000000E+00
14  3 0.00000000E+00 0.00000000E+00 0.00000000E+00 0.00000000E+00 0.00000000E+00
14  4 0.00000000E+00-8.58361289E-02 0.00000000E+00 0.00000000E+00 0.00000000E+00
14  5 0.00000000E+00 0.00000000E+00 0.00000000E+00 4.73016457E-01 0.00000000E+00
14  6 0.00000000E+00 3.36634753E-01 0.00000000E+00 0.00000000E+00 0.00000000E+00
14  7 0.00000000E+00 1.23576133E-02 0.00000000E+00-1.01274913E-02 0.00000000E+00
14  8 0.00000000E+00 0.00000000E+00 0.00000000E+00-4.73016457E-01 0.00000000E+00
14  9 0.00000000E+00-3.36634753E-01 0.00000000E+00 0.00000000E+00 0.00000000E+00
14 10 0.00000000E+00 1.23576133E-02 0.00000000E+00 1.01274913E-02
15  1 1.38116270E-02-6.12539778E-02 6.12473916E-02 2.93267202E-01 0.00000000E+00
15  2 0.00000000E+00 6.20071931E-02 0.00000000E+00 0.00000000E+00-1.51534165E-01
15  3 0.00000000E+00 0.00000000E+00-3.23740639E-02-1.07843499E-01 3.64029041E-02
15  4 7.14405950E-02 0.00000000E+00 0.00000000E+00 0.00000000E+00-2.43878917E-03
15  5 7.51844690E-03-1.85092119E-02 3.87355398E-02 0.00000000E+00 4.56017034E-01
15  6 2.57437828E-02 0.00000000E+00 3.35164506E-01 6.80935073E-03 3.68444682E-03
15  7-1.04937976E-02 0.00000000E+00 1.00773811E-02 0.00000000E+00-2.43878917E-03
15  8 7.51844690E-03-1.85092119E-02-3.87355398E-02 0.00000000E+00 4.56017034E-01
15  9-2.57437828E-02 0.00000000E+00 3.35164506E-01 6.80935073E-03 3.68444682E-03
15 10-1.04937976E-02 0.00000000E+00-1.00773811E-02 0.00000000E+00
16  1 0.00000000E+00 0.00000000E+00 0.00000000E+00 0.00000000E+00-1.63471203E-02
16  2 0.00000000E+00 0.00000000E+00 3.20221149E-02 0.00000000E+00 0.00000000E+00
16  3 1.36008278E-01 0.00000000E+00 0.00000000E+00 0.00000000E+00 0.00000000E+00
16  4 0.00000000E+00 0.00000000E+00-7.57566648E-02 0.00000000E+00-2.54665102E-03
16  5 2.79080611E-03 4.39721543E-02 3.77930389E-01 0.00000000E+00 2.93303937E-01
16  6 2.65223890E-01 0.00000000E+00 1.95315165E-01 1.26693616E-02-4.88552792E-04
16  7-1.21808088E-02 0.00000000E+00 1.04066814E-03 0.00000000E+00 2.54665102E-03
16  8-2.79080611E-03-4.39721543E-02 3.77930389E-01 0.00000000E+00-2.93303937E-01
16  9 2.65223890E-01 0.00000000E+00-1.95315165E-01-1.26693616E-02 4.88552792E-04
16 10 1.21808088E-02 0.00000000E+00 1.04066814E-03 0.00000000E+00
17  1 0.00000000E+00 0.00000000E+00 0.00000000E+00 0.00000000E+00 0.00000000E+00
17  2-1.99265649E-01 0.00000000E+00 0.00000000E+00 4.98061356E-01 0.00000000E+00
17  3 0.00000000E+00 3.83684342E-01 0.00000000E+00 0.00000000E+00 0.00000000E+00
17  4 0.00000000E+00 0.00000000E+00 0.00000000E+00-5.34780278E-02 0.00000000E+00
17  5 0.00000000E+00 0.00000000E+00 0.00000000E+00-3.95934500E-01 0.00000000E+00
17  6 0.00000000E+00-3.07690495E-01 0.00000000E+00 0.00000000E+00 0.00000000E+00
17  7 0.00000000E+00-2.42442210E-03 0.00000000E+00 1.07376536E-03 0.00000000E+00
17  8 0.00000000E+00 0.00000000E+00 0.00000000E+00-3.95934500E-01 0.00000000E+00
17  9 0.00000000E+00-3.07690495E-01 0.00000000E+00 0.00000000E+00 0.00000000E+00
17 10 0.00000000E+00 2.42442210E-03 0.00000000E+00 1.07376536E-03
18  1 3.06286659E-02-9.36933839E-02 1.99682541E-01 5.14010689E-01 0.00000000E+00
18  2 0.00000000E+00-1.85813826E-01 0.00000000E+00 0.00000000E+00 4.78926947E-01
18  3 0.00000000E+00 0.00000000E+00 6.30277331E-01-8.89616866E-02 1.33490202E-01
18  4-4.45285152E-02 0.00000000E+00 0.00000000E+00 0.00000000E+00 4.02729568E-02
18  5-7.40760642E-02-3.10266223E-01-3.81778392E-01 0.00000000E+00 6.35546236E-02
18  6-3.69230091E-01 0.00000000E+00 6.11603696E-02 2.90645398E-03 2.32170255E-03
18  7-5.22815654E-03 0.00000000E+00 1.96242080E-03 0.00000000E+00 4.02729568E-02
18  8-7.40760642E-02-3.10266223E-01 3.81778392E-01 0.00000000E+00 6.35546236E-02
18  9 3.69230091E-01 0.00000000E+00 6.11603696E-02 2.90645398E-03 2.32170255E-03
18 10-5.22815654E-03 0.00000000E+00-1.96242080E-03 0.00000000E+00
19  1 0.00000000E+00 0.00000000E+00 0.00000000E+00 0.00000000E+00-2.08366068E-01
19  2 0.00000000E+00 0.00000000E+00 5.29642806E-01 0.00000000E+00 0.00000000E+00
19  3 7.80705756E-01 0.00000000E+00 0.00000000E+00 0.00000000E+00 0.00000000E+00
19  4 0.00000000E+00 0.00000000E+00-1.71885397E-01 0.00000000E+00-3.91335076E-02
19  5 6.68202395E-02 3.44144736E-01 1.30701954E-01 0.00000000E+00-3.13215772E-01
19  6 1.47478307E-01 0.00000000E+00-2.89029250E-01 3.76110870E-03 1.27806562E-03
19  7-5.03917433E-03 0.00000000E+00 9.35764753E-04 0.00000000E+00 3.91335076E-02
19  8-6.68202395E-02-3.44144736E-01 1.30701954E-01 0.00000000E+00 3.13215772E-01
19  9 1.47478307E-01 0.00000000E+00 2.89029250E-01-3.76110870E-03-1.27806562E-03
19 10 5.03917433E-03 0.00000000E+00 9.35764753E-04 0.00000000E+00
20  1 0.00000000E+00 0.00000000E+00 0.00000000E+00 0.00000000E+00 2.86923985E-01
20  2 0.00000000E+00 0.00000000E+00-1.09255031E+00 0.00000000E+00 0.00000000E+00
20  3 1.47198054E+00 0.00000000E+00 0.00000000E+00 0.00000000E+00 0.00000000E+00
20  4 0.00000000E+00 0.00000000E+00-2.25142160E-02 0.00000000E+00-1.09690236E-02
20  5-3.49359310E-02 4.47915196E-01-2.24782575E-01 0.00000000E+00 6.76766955E-02
20  6 7.47304484E-02 0.00000000E+00-1.45125685E-01 1.74315195E-02-2.12246329E-02
20  7 3.79311345E-03 0.00000000E+00-3.74608506E-02 0.00000000E+00 1.09690236E-02
20  8 3.49359310E-02-4.47915196E-01-2.24782575E-01 0.00000000E+00-6.76766955E-02
20  9 7.47304484E-02 0.00000000E+00 1.45125685E-01-1.74315195E-02 2.12246329E-02
20 10-3.79311345E-03 0.00000000E+00-3.74608506E-02 0.00000000E+00
21  1-9.51125497E-04-5.93091091E-02-8.30612310E-02 4.09203852E-01 0.00000000E+00
21  2 0.00000000E+00 2.77173617E-01 0.00000000E+00 0.00000000E+00-1.06489790E+00
21  3 0.00000000E+00 0.00000000E+00 1.39254100E+00 1.22835860E-01 1.15216464E-01
21  4-2.38052323E-01 0.00000000E+00 0.00000000E+00 0.00000000E+00 1.34853666E-02
21  5 1.85749236E-02-3.70965980E-01 1.26255868E-01 0.00000000E+00-8.55007911E-02
21  6-2.17007448E-01 0.00000000E+00-1.06402805E-02-3.38104425E-02 1.89034073E-02
21  7 1.49070352E-02 0.00000000E+00 1.50739587E-02 0.00000000E+00 1.34853666E-02
21  8 1.85749236E-02-3.70965980E-01-1.26255868E-01 0.00000000E+00-8.55007911E-02
21  9 2.17007448E-01 0.00000000E+00-1.06402805E-02-3.38104425E-02 1.89034073E-02
21 10 1.49070352E-02 0.00000000E+00-1.50739587E-02 0.00000000E+00
22  1 0.00000000E+00 0.00000000E+00 0.00000000E+00 0.00000000E+00 0.00000000E+00
22  2 2.89398535E-01 0.00000000E+00 0.00000000E+00-1.12095427E+00 0.00000000E+00
22  3 0.00000000E+00 1.23149689E+00 0.00000000E+00 0.00000000E+00 0.00000000E+00
22  4 0.00000000E+00 0.00000000E+00 0.00000000E+00-2.11362287E-01 0.00000000E+00
22  5 0.00000000E+00 0.00000000E+00 0.00000000E+00-5.00217579E-02 0.00000000E+00
22  6 0.00000000E+00-1.14123996E-01 0.00000000E+00 0.00000000E+00 0.00000000E+00
22  7 0.00000000E+00-1.84211395E-02 0.00000000E+00 8.72246201E-03 0.00000000E+00
22  8 0.00000000E+00 0.00000000E+00 0.00000000E+00-5.00217579E-02 0.00000000E+00
22  9 0.00000000E+00-1.14123996E-01 0.00000000E+00 0.00000000E+00 0.00000000E+00
22 10 0.00000000E+00 1.84211395E-02 0.00000000E+00 8.72246201E-03
23  1-1.08685384E-01-3.98720225E-01-1.68599857E+00 2.09174312E+00 0.00000000E+00
23  2 0.00000000E+00-3.06530737E-02 0.00000000E+00 0.00000000E+00 1.09968552E-01
23  3 0.00000000E+00 0.00000000E+00 1.56679111E-01-2.70141309E-01 3.10759684E-01
23  4-4.06183751E-02 0.00000000E+00 0.00000000E+00 0.00000000E+00 1.77051202E-02
23  5-4.22386365E-02-2.82066977E-01 4.97852041E-02 0.00000000E+00-1.16553703E-01
23  6-1.59720335E-01 0.00000000E+00 1.13759722E-01-1.73972897E-02 2.98065195E-02
23  7-1.24092298E-02 0.00000000E+00 4.12205399E-02 0.00000000E+00 1.77051202E-02
23  8-4.22386365E-02-2.82066977E-01-4.97852041E-02 0.00000000E+00-1.16553703E-01
23  9 1.59720335E-01 0.00000000E+00 1.13759722E-01-1.73972897E-02 2.98065195E-02
23 10-1.24092298E-02 0.00000000E+00-4.12205399E-02 0.00000000E+00
24  1 0.00000000E+00 0.00000000E+00 0.00000000E+00 0.00000000E+00 0.00000000E+00
24  2 0.00000000E+00 0.00000000E+00 0.00000000E+00 0.00000000E+00 0.00000000E+00
24  3 0.00000000E+00 0.00000000E+00 0.00000000E+00 0.00000000E+00 0.00000000E+00
24  4 0.00000000E+00 8.86245697E-01 0.00000000E+00 0.00000000E+00 0.00000000E+00
24  5 0.00000000E+00 0.00000000E+00 0.00000000E+00 3.06984627E-01 0.00000000E+00
24  6 0.00000000E+00-1.48747274E-01 0.00000000E+00 0.00000000E+00 0.00000000E+00
24  7 0.00000000E+00-3.76023545E-02 0.00000000E+00 3.96237095E-02 0.00000000E+00
24  8 0.00000000E+00 0.00000000E+00 0.00000000E+00-3.06984627E-01 0.00000000E+00
24  9 0.00000000E+00 1.48747274E-01 0.00000000E+00 0.00000000E+00 0.00000000E+00
24 10 0.00000000E+00-3.76023545E-02 0.00000000E+00-3.96237095E-02
25  1 3.66003268E-03 1.00162459E-02 5.25527726E-02-5.58257656E-02 0.00000000E+00
25  2 0.00000000E+00 7.42274587E-02 0.00000000E+00 0.00000000E+00-2.87841920E-01
25  3 0.00000000E+00 0.00000000E+00 2.45573871E-01-4.56668666E-01-3.65104555E-01
25  4 8.21773221E-01 0.00000000E+00 0.00000000E+00 0.00000000E+00-1.07346061E-03
25  5 8.77823619E-04-2.47394467E-02-1.75596302E-01 0.00000000E+00-3.03867805E-01
25  6 1.03127414E-01 0.00000000E+00 1.26981561E-01 3.92184379E-02-4.68975003E-03
25  7-3.45286879E-02 0.00000000E+00 2.83490038E-02 0.00000000E+00-1.07346061E-03
25  8 8.77823619E-04-2.47394467E-02 1.75596302E-01 0.00000000E+00-3.03867805E-01
25  9-1.03127414E-01 0.00000000E+00 1.26981561E-01 3.92184379E-02-4.68975003E-03
25 10-3.45286879E-02 0.00000000E+00-2.83490038E-02 0.00000000E+00
26  1 0.00000000E+00 0.00000000E+00 0.00000000E+00 0.00000000E+00 0.00000000E+00
26  2 6.11848628E-02 0.00000000E+00 0.00000000E+00-2.37320879E-01 0.00000000E+00
26  3 0.00000000E+00 1.98226107E-01 0.00000000E+00 0.00000000E+00 0.00000000E+00
26  4 0.00000000E+00 0.00000000E+00 0.00000000E+00 9.00589487E-01 0.00000000E+00
26  5 0.00000000E+00 0.00000000E+00 0.00000000E+00-2.62571696E-01 0.00000000E+00
26  6 0.00000000E+00 1.25487982E-01 0.00000000E+00 0.00000000E+00 0.00000000E+00
26  7 0.00000000E+00 3.82052051E-02 0.00000000E+00-7.44425500E-03 0.00000000E+00
26  8 0.00000000E+00 0.00000000E+00 0.00000000E+00-2.62571696E-01 0.00000000E+00
26  9 0.00000000E+00 1.25487982E-01 0.00000000E+00 0.00000000E+00 0.00000000E+00
26 10 0.00000000E+00-3.82052051E-02 0.00000000E+00-7.44425500E-03
27  1-3.43936331E-02-2.29559932E-01-6.61777271E-01 1.50729999E+00 0.00000000E+00
27  2 0.00000000E+00-4.15282311E-02 0.00000000E+00 0.00000000E+00 1.61620231E-01
27  3 0.00000000E+00 0.00000000E+00 4.74438374E-01 6.97314955E-01-8.45287184E-01
27  4 1.47972228E-01 0.00000000E+00 0.00000000E+00 0.00000000E+00 6.03294528E-02
27  5-2.69354508E-01-2.94721336E-01 1.31571128E-01 0.00000000E+00 7.89891203E-03
27  6-5.92152639E-01 0.00000000E+00 2.87054306E-01-1.01081782E-02-1.23716562E-02
27  7 2.24798344E-02 0.00000000E+00-9.18698040E-04 0.00000000E+00 6.03294528E-02
27  8-2.69354508E-01-2.94721336E-01-1.31571128E-01 0.00000000E+00 7.89891203E-03
27  9 5.92152639E-01 0.00000000E+00 2.87054306E-01-1.01081782E-02-1.23716562E-02
27 10 2.24798344E-02 0.00000000E+00 9.18698040E-04 0.00000000E+00
28  1 0.00000000E+00 0.00000000E+00 0.00000000E+00 0.00000000E+00-5.44652292E-02
28  2 0.00000000E+00 0.00000000E+00 2.45368237E-01 0.00000000E+00 0.00000000E+00
28  3 5.73760665E-01 0.00000000E+00 0.00000000E+00 0.00000000E+00 0.00000000E+00
28  4 0.00000000E+00 0.00000000E+00 9.10478812E-01 0.00000000E+00-6.04002488E-02
28  5 2.69762757E-01 2.18567988E-01-9.26373180E-02 0.00000000E+00 1.47094999E-01
28  6 5.49974034E-01 0.00000000E+00-4.81078228E-01-3.39796287E-02 1.31520867E-02
28  7 2.08275420E-02 0.00000000E+00 2.59965025E-02 0.00000000E+00 6.04002488E-02
28  8-2.69762757E-01-2.18567988E-01-9.26373180E-02 0.00000000E+00-1.47094999E-01
28  9 5.49974034E-01 0.00000000E+00 4.81078228E-01 3.39796287E-02-1.31520867E-02
28 10-2.08275420E-02 0.00000000E+00 2.59965025E-02 0.00000000E+00
29  1-2.05384655E-02-6.92720521E-02-3.23032843E-01-1.30446856E-03 0.00000000E+00
29  2 0.00000000E+00 1.20217630E-02 0.00000000E+00 0.00000000E+00-9.88310200E-02
29  3 0.00000000E+00 0.00000000E+00-2.80325768E-01 5.16068066E-01-1.31565675E-01
29  4-3.84502392E-01 0.00000000E+00 0.00000000E+00 0.00000000E+00-3.69021675E-03
29  5 2.68333413E-02 2.72844950E-02-5.44515301E-01 0.00000000E+00-1.20109404E-01
29  6 7.11767986E-01 0.00000000E+00 2.31512481E-01-5.07697270E-02 4.90529074E-04
29  7 5.02791980E-02 0.00000000E+00-2.04698991E-03 0.00000000E+00-3.69021675E-03
29  8 2.68333413E-02 2.72844950E-02 5.44515301E-01 0.00000000E+00-1.20109404E-01
29  9-7.11767986E-01 0.00000000E+00 2.31512481E-01-5.07697270E-02 4.90529074E-04
29 10 5.02791980E-02 0.00000000E+00 2.04698991E-03 0.00000000E+00
30  1 0.00000000E+00 0.00000000E+00 0.00000000E+00 0.00000000E+00 0.00000000E+00
30  2 0.00000000E+00 0.00000000E+00 0.00000000E+00 0.00000000E+00 0.00000000E+00
30  3 0.00000000E+00 0.00000000E+00 0.00000000E+00 0.00000000E+00 0.00000000E+00
30  4 0.00000000E+00 4.78031703E-01 0.00000000E+00 0.00000000E+00 0.00000000E+00
30  5 0.00000000E+00 0.00000000E+00 0.00000000E+00-5.73954368E-01 0.00000000E+00
30  6 0.00000000E+00 7.56660602E-01 0.00000000E+00 0.00000000E+00 0.00000000E+00
30  7 0.00000000E+00-3.80549943E-02 0.00000000E+00 3.19900295E-02 0.00000000E+00
30  8 0.00000000E+00 0.00000000E+00 0.00000000E+00 5.73954368E-01 0.00000000E+00
30  9 0.00000000E+00-7.56660602E-01 0.00000000E+00 0.00000000E+00 0.00000000E+00
30 10 0.00000000E+00-3.80549943E-02 0.00000000E+00-3.19900295E-02
31  1 3.02965528E-02 1.23185712E-01 5.02364016E-01-1.39540655E-01 0.00000000E+00
31  2 0.00000000E+00-5.46264668E-02 0.00000000E+00 0.00000000E+00 3.31695123E-01
31  3 0.00000000E+00 0.00000000E+00-4.33643383E-01 8.70591499E-02 2.45480826E-01
31  4-3.32539976E-01 0.00000000E+00 0.00000000E+00 0.00000000E+00 1.55090709E-03
31  5-6.61808580E-03 8.34985216E-02 1.82660152E-01 0.00000000E+00-5.52727913E-01
31  6-2.01374477E-01 0.00000000E+00 7.67400911E-01-1.61989344E-03-1.99840743E-02
31  7 2.16039677E-02 0.00000000E+00-5.55579207E-02 0.00000000E+00 1.55090709E-03
31  8-6.61808580E-03 8.34985216E-02-1.82660152E-01 0.00000000E+00-5.52727913E-01
31  9 2.01374477E-01 0.00000000E+00 7.67400911E-01-1.61989344E-03-1.99840743E-02
31 10 2.16039677E-02 0.00000000E+00 5.55579207E-02 0.00000000E+00
32  1 0.00000000E+00 0.00000000E+00 0.00000000E+00 0.00000000E+00 0.00000000E+00
32  2-2.75989496E-02 0.00000000E+00 0.00000000E+00 1.41707736E-01 0.00000000E+00
32  3 0.00000000E+00-5.82312845E-01 0.00000000E+00 0.00000000E+00 0.00000000E+00
32  4 0.00000000E+00 0.00000000E+00 0.00000000E+00-3.93441173E-01 0.00000000E+00
32  5 0.00000000E+00 0.00000000E+00 0.00000000E+00-5.87452105E-01 0.00000000E+00
32  6 0.00000000E+00 8.54548357E-01 0.00000000E+00 0.00000000E+00 0.00000000E+00
32  7 0.00000000E+00-4.09402588E-02 0.00000000E+00 2.10438616E-02 0.00000000E+00
32  8 0.00000000E+00 0.00000000E+00 0.00000000E+00-5.87452105E-01 0.00000000E+00
32  9 0.00000000E+00 8.54548357E-01 0.00000000E+00 0.00000000E+00 0.00000000E+00
32 10 0.00000000E+00 4.09402588E-02 0.00000000E+00 2.10438616E-02
33  1 0.00000000E+00 0.00000000E+00 0.00000000E+00 0.00000000E+00 1.94103172E-02
33  2 0.00000000E+00 0.00000000E+00-1.36004990E-01 0.00000000E+00 0.00000000E+00
33  3-1.64986726E-01 0.00000000E+00 0.00000000E+00 0.00000000E+00 0.00000000E+00
33  4 0.00000000E+00 0.00000000E+00 3.83737819E-01 0.00000000E+00-1.10494715E-03
33  5-2.50197201E-02 1.19010203E-02-5.20827455E-02 0.00000000E+00-6.14719373E-01
33  6 1.47095935E-01 0.00000000E+00 7.49155615E-01-2.75691994E-02 1.65688257E-03
33  7 2.59123168E-02 0.00000000E+00-6.82255282E-03 0.00000000E+00 1.10494715E-03
33  8 2.50197201E-02-1.19010203E-02-5.20827455E-02 0.00000000E+00 6.14719373E-01
33  9 1.47095935E-01 0.00000000E+00-7.49155615E-01 2.75691994E-02-1.65688257E-03
33 10-2.59123168E-02 0.00000000E+00-6.82255282E-03 0.00000000E+00
34  1 0.00000000E+00 0.00000000E+00 0.00000000E+00 0.00000000E+00-6.26477914E-02
34  2 0.00000000E+00 0.00000000E+00 4.12871933E-01 0.00000000E+00 0.00000000E+00
34  3-5.49511026E-01 0.00000000E+00 0.00000000E+00 0.00000000E+00 0.00000000E+00
34  4 0.00000000E+00 0.00000000E+00-3.83951453E-01 0.00000000E+00 8.53605758E-03
34  5 1.31170076E-02-2.11297215E-01-6.22165939E-01 0.00000000E+00 1.53288251E-02
34  6 7.16254469E-01 0.00000000E+00 7.65017262E-02-1.85561549E-02 2.50285218E-02
34  7-6.47236693E-03 0.00000000E+00 1.21147308E-02 0.00000000E+00-8.53605758E-03
34  8-1.31170076E-02 2.11297215E-01-6.22165939E-01 0.00000000E+00-1.53288251E-02
34  9 7.16254469E-01 0.00000000E+00-7.65017262E-02 1.85561549E-02-2.50285218E-02
34 10 6.47236693E-03 0.00000000E+00 1.21147308E-02 0.00000000E+00
35  1 0.00000000E+00 0.00000000E+00 0.00000000E+00 0.00000000E+00-2.63657068E-02
35  2 0.00000000E+00 0.00000000E+00 1.52625941E-01 0.00000000E+00 0.00000000E+00
35  3 9.48237083E-01 0.00000000E+00 0.00000000E+00 0.00000000E+00 0.00000000E+00
35  4 0.00000000E+00 0.00000000E+00 3.85885559E-01 0.00000000E+00 1.26792336E-02
35  5-1.15043014E+00 1.61983934E+00-4.41744177E-02 0.00000000E+00 7.89485880E-02
35  6 3.52099739E-01 0.00000000E+00-4.12383393E-01-7.64834833E-02 1.00596183E-01
35  7-2.41126996E-02 0.00000000E+00 1.63893584E-01 0.00000000E+00-1.26792336E-02
35  8 1.15043014E+00-1.61983934E+00-4.41744177E-02 0.00000000E+00-7.89485880E-02
35  9 3.52099739E-01 0.00000000E+00 4.12383393E-01 7.64834833E-02-1.00596183E-01
35 10 2.41126996E-02 0.00000000E+00 1.63893584E-01 0.00000000E+00
36  1-3.07452816E-02-2.99189409E-01-7.01155751E-01 1.97713263E+00 0.00000000E+00
36  2 0.00000000E+00-1.66251674E-02 0.00000000E+00 0.00000000E+00 8.92746698E-02
36  3 0.00000000E+00 0.00000000E+00 8.77561706E-01 2.83022881E-01-3.31841726E-01
36  4 4.88188450E-02 0.00000000E+00 0.00000000E+00 0.00000000E+00-2.35310728E-03
36  5 1.15611767E+00-1.80068450E+00 6.84232269E-02 0.00000000E+00-4.25683065E-03
36  6-6.07588313E-01 0.00000000E+00 2.32493053E-01 1.66838340E-01-1.14054636E-01
36  7-5.27837038E-02 0.00000000E+00-1.62982914E-01 0.00000000E+00-2.35310728E-03
36  8 1.15611767E+00-1.80068450E+00-6.84232269E-02 0.00000000E+00-4.25683065E-03
36  9 6.07588313E-01 0.00000000E+00 2.32493053E-01 1.66838340E-01-1.14054636E-01
36 10-5.27837038E-02 0.00000000E+00 1.62982914E-01 0.00000000E+00
37  1 0.00000000E+00 0.00000000E+00 0.00000000E+00 0.00000000E+00 0.00000000E+00
37  2 0.00000000E+00 0.00000000E+00 0.00000000E+00 0.00000000E+00 0.00000000E+00
37  3 0.00000000E+00 0.00000000E+00 0.00000000E+00 0.00000000E+00 0.00000000E+00
37  4 0.00000000E+00 3.14591404E-02 0.00000000E+00 0.00000000E+00 0.00000000E+00
37  5 0.00000000E+00 0.00000000E+00 0.00000000E+00-9.64505504E-03 0.00000000E+00
37  6 0.00000000E+00 1.45714315E-02 0.00000000E+00 0.00000000E+00 0.00000000E+00
37  7 0.00000000E+00 5.31582817E-01 0.00000000E+00 4.66509856E-01 0.00000000E+00
37  8 0.00000000E+00 0.00000000E+00 0.00000000E+00 9.64505504E-03 0.00000000E+00
37  9 0.00000000E+00-1.45714315E-02 0.00000000E+00 0.00000000E+00 0.00000000E+00
37 10 0.00000000E+00 5.31582817E-01 0.00000000E+00-4.66509856E-01
38  1 0.00000000E+00 0.00000000E+00 0.00000000E+00 0.00000000E+00 1.11724503E-02
38  2 0.00000000E+00 0.00000000E+00-2.07971626E-02 0.00000000E+00 0.00000000E+00
38  3-1.32506888E-01 0.00000000E+00 0.00000000E+00 0.00000000E+00 0.00000000E+00
38  4 0.00000000E+00 0.00000000E+00 4.86463268E-02 0.00000000E+00-3.89335072E-06
38  5 5.34090106E-02-9.78406921E-02-2.62254349E-02 0.00000000E+00-3.62141911E-02
38  6 2.88438415E-02 0.00000000E+00 6.85098338E-02 5.85619716E-01-3.78981642E-01
38  7-2.06638074E-01 0.00000000E+00 3.86764419E-01 0.00000000E+00 3.89335072E-06
38  8-5.34090106E-02 9.78406921E-02-2.62254349E-02 0.00000000E+00 3.62141911E-02
38  9 2.88438415E-02 0.00000000E+00-6.85098338E-02-5.85619716E-01 3.78981642E-01
38 10 2.06638074E-01 0.00000000E+00 3.86764419E-01 0.00000000E+00
39  1 0.00000000E+00 0.00000000E+00 0.00000000E+00 0.00000000E+00 0.00000000E+00
39  2-6.69666910E-03 0.00000000E+00 0.00000000E+00 1.44786059E-02 0.00000000E+00
39  3 0.00000000E+00 3.65223768E-02 0.00000000E+00 0.00000000E+00 0.00000000E+00
39  4 0.00000000E+00 0.00000000E+00 0.00000000E+00 4.09842774E-03 0.00000000E+00
39  5 0.00000000E+00 0.00000000E+00 0.00000000E+00 1.40817760E-02 0.00000000E+00
39  6 0.00000000E+00-2.45004600E-02 0.00000000E+00 0.00000000E+00 0.00000000E+00
39  7 0.00000000E+00 2.43438196E-01 0.00000000E+00 6.64258602E-01 0.00000000E+00
39  8 0.00000000E+00 0.00000000E+00 0.00000000E+00 1.40817760E-02 0.00000000E+00
39  9 0.00000000E+00-2.45004600E-02 0.00000000E+00 0.00000000E+00 0.00000000E+00
39 10 0.00000000E+00-2.43438196E-01 0.00000000E+00 6.64258602E-01
40  1 0.00000000E+00 0.00000000E+00 0.00000000E+00 0.00000000E+00-1.74121667E-02
40  2 0.00000000E+00 0.00000000E+00 5.76541224E-02 0.00000000E+00 0.00000000E+00
40  3 1.01557032E-01 0.00000000E+00 0.00000000E+00 0.00000000E+00 0.00000000E+00
40  4 0.00000000E+00 0.00000000E+00-4.79245014E-02 0.00000000E+00-2.02776330E-04
40  5-7.49893461E-02 1.18777650E-01-2.66707957E-03 0.00000000E+00 2.96606190E-02
40  6 2.06141358E-02 0.00000000E+00-5.97666989E-02-1.80932596E-01-4.96321259E-01
40  7 6.77253855E-01 0.00000000E+00 9.50637486E-02 0.00000000E+00 2.02776330E-04
40  8 7.49893461E-02-1.18777650E-01-2.66707957E-03 0.00000000E+00-2.96606190E-02
40  9 2.06141358E-02 0.00000000E+00 5.97666989E-02 1.80932596E-01 4.96321259E-01
40 10-6.77253855E-01 0.00000000E+00 9.50637486E-02 0.00000000E+00
41  1-4.83393406E-04-7.84627305E-05-5.88469668E-03-1.14765425E-02 0.00000000E+00
41  2 0.00000000E+00 1.48044934E-03 0.00000000E+00 0.00000000E+00-7.11128631E-03
41  3 0.00000000E+00 0.00000000E+00-9.48908992E-03 2.22674884E-02-5.01595380E-02
41  4 2.78920496E-02 0.00000000E+00 0.00000000E+00 0.00000000E+00 1.20055624E-03
41  5-1.60971035E-02 1.45868246E-02-1.40032469E-02 0.00000000E+00 1.01921942E-03
41  6 1.87328580E-02 0.00000000E+00 8.82562397E-04-1.90680428E-01 6.08129128E-01
41  7-4.17448700E-01 0.00000000E+00-3.36039018E-01 0.00000000E+00 1.20055624E-03
41  8-1.60971035E-02 1.45868246E-02 1.40032469E-02 0.00000000E+00 1.01921942E-03
41  9-1.87328580E-02 0.00000000E+00 8.82562397E-04-1.90680428E-01 6.08129128E-01
41 10-4.17448700E-01 0.00000000E+00 3.36039018E-01 0.00000000E+00
42  1 0.00000000E+00 0.00000000E+00 0.00000000E+00 0.00000000E+00 0.00000000E+00
42  2 2.42115029E-02 0.00000000E+00 0.00000000E+00-4.86494997E-02 0.00000000E+00
42  3 0.00000000E+00-1.57956003E-01 0.00000000E+00 0.00000000E+00 0.00000000E+00
42  4 0.00000000E+00 0.00000000E+00 0.00000000E+00-2.15275243E-01 0.00000000E+00
42  5 0.00000000E+00 0.00000000E+00 0.00000000E+00-5.19515730E-02 0.00000000E+00
42  6 0.00000000E+00 1.14138264E-01 0.00000000E+00 0.00000000E+00 0.00000000E+00
42  7 0.00000000E+00 6.70431417E-01 0.00000000E+00-2.49365668E-01 0.00000000E+00
42  8 0.00000000E+00 0.00000000E+00 0.00000000E+00-5.19515730E-02 0.00000000E+00
42  9 0.00000000E+00 1.14138264E-01 0.00000000E+00 0.00000000E+00 0.00000000E+00
42 10 0.00000000E+00-6.70431417E-01 0.00000000E+00-2.49365668E-01
43  1 0.00000000E+00 0.00000000E+00 0.00000000E+00 0.00000000E+00 0.00000000E+00
43  2 0.00000000E+00 0.00000000E+00 0.00000000E+00 0.00000000E+00 0.00000000E+00
43  3 0.00000000E+00 0.00000000E+00 0.00000000E+00 0.00000000E+00 0.00000000E+00
43  4 0.00000000E+00-2.79174006E-01 0.00000000E+00 0.00000000E+00 0.00000000E+00
43  5 0.00000000E+00 0.00000000E+00 0.00000000E+00 3.65244220E-02 0.00000000E+00
43  6 0.00000000E+00-7.19570192E-02 0.00000000E+00 0.00000000E+00 0.00000000E+00
43  7 0.00000000E+00-4.72013766E-01 0.00000000E+00 5.34776690E-01 0.00000000E+00
43  8 0.00000000E+00 0.00000000E+00 0.00000000E+00-3.65244220E-02 0.00000000E+00
43  9 0.00000000E+00 7.19570192E-02 0.00000000E+00 0.00000000E+00 0.00000000E+00
43 10 0.00000000E+00-4.72013766E-01 0.00000000E+00-5.34776690E-01
44  1-5.31553001E-03-4.99020295E-02-1.19811053E-01 3.11305462E-01 0.00000000E+00
44  2 0.00000000E+00-2.10513640E-02 0.00000000E+00 0.00000000E+00 4.23221872E-02
44  3 0.00000000E+00 0.00000000E+00 2.87486603E-01-2.50516743E-01-5.38409239E-02
44  4 3.04357667E-01 0.00000000E+00 0.00000000E+00 0.00000000E+00 1.45827271E-03
44  5 1.43819380E-01-2.66747199E-01 3.82638828E-02 0.00000000E+00 3.39337244E-02
44  6-1.54621986E-01 0.00000000E+00-6.97789170E-02-5.72534563E-01-6.86700543E-03
44  7 5.79401569E-01 0.00000000E+00-2.72109237E-01 0.00000000E+00 1.45827271E-03
44  8 1.43819380E-01-2.66747199E-01-3.82638828E-02 0.00000000E+00 3.39337244E-02
44  9 1.54621986E-01 0.00000000E+00-6.97789170E-02-5.72534563E-01-6.86700543E-03
44 10 5.79401569E-01 0.00000000E+00 2.72109237E-01 0.00000000E+00
45  1 1.48575716E-02-1.51335454E-01-1.35310591E-02 1.13972078E+00 0.00000000E+00
45  2 0.00000000E+00-1.06428140E-01 0.00000000E+00 0.00000000E+00 4.41923371E-01
45  3 0.00000000E+00 0.00000000E+00 3.76902608E-01 3.91968522E-01-4.08300407E-01
45  4 1.63318849E-02 0.00000000E+00 0.00000000E+00 0.00000000E+00 1.44584852E-02
45  5 5.97715329E-01-1.04350869E+00 8.14328034E-02 0.00000000E+00-4.90719827E-02
45  6-5.18647771E-01 0.00000000E+00 3.09125961E-01-3.74154574E-01 3.70691488E-01
45  7 3.46308673E-03 0.00000000E+00 5.80752813E-01 0.00000000E+00 1.44584852E-02
45  8 5.97715329E-01-1.04350869E+00-8.14328034E-02 0.00000000E+00-4.90719827E-02
45  9 5.18647771E-01 0.00000000E+00 3.09125961E-01-3.74154574E-01 3.70691488E-01
45 10 3.46308673E-03 0.00000000E+00-5.80752813E-01 0.00000000E+00
46  1 0.00000000E+00 0.00000000E+00 0.00000000E+00 0.00000000E+00-1.49977332E-01
46  2 0.00000000E+00 0.00000000E+00 6.21060407E-01 0.00000000E+00 0.00000000E+00
46  3 3.74695820E-01 0.00000000E+00 0.00000000E+00 0.00000000E+00 0.00000000E+00
46  4 0.00000000E+00 0.00000000E+00 6.07215371E-01 0.00000000E+00-1.63086202E-02
46  5-4.85546554E-01 8.45887005E-01-4.74075385E-02 0.00000000E+00 3.65064364E-02
46  6 4.15415907E-01 0.00000000E+00-3.20078162E-01 3.87801151E-01-3.53283741E-01
46  7-3.45174098E-02 0.00000000E+00-6.21519178E-01 0.00000000E+00 1.63086202E-02
46  8 4.85546554E-01-8.45887005E-01-4.74075385E-02 0.00000000E+00-3.65064364E-02
46  9 4.15415907E-01 0.00000000E+00 3.20078162E-01-3.87801151E-01 3.53283741E-01
46 10 3.45174098E-02 0.00000000E+00-6.21519178E-01 0.00000000E+00
 $END   
 POPULATION ANALYSIS
S           15.18518   0.81482  15.22114   0.77886
O            8.40741  -0.40741   8.38943  -0.38943
O            8.40741  -0.40741   8.38943  -0.38943
 MOMENTS AT POINT    1 X,Y,Z=  0.000000  0.000000  0.000000
 DIPOLE       0.000000  0.000000 -2.565744
