 $DATA  
Title                                                                           
CNV      2

S          16.0      0.0000000000      0.0000000000     -0.3170516566
   PC1     0
        
O           8.0      1.3594616806      0.0000000000      0.3168757360
   PC1     0
        
 $END      
 $ZMAT   IZMAT(1)=
         1,   3,   1,
         1,   2,   1,
         2,   2,   1,   3,
 $END
--- CLOSED SHELL ORBITALS --- GENERATED AT Thu Feb 26 00:17:00 2015
Title                                                                           
E(R-PBE)=     -548.2584539950, E(NUC)=  102.7690770336,   22 ITERS
 $VEC   
 1  1 1.00298298E+00-1.02848363E-02 1.83431269E-03-6.64797115E-04 0.00000000E+00
 1  2 0.00000000E+00 6.29329704E-05 0.00000000E+00 0.00000000E+00 9.18010468E-05
 1  3 0.00000000E+00 0.00000000E+00 9.34907890E-06 1.37662552E-04-8.77172576E-05
 1  4-4.99452947E-05 0.00000000E+00 0.00000000E+00 0.00000000E+00 1.33237692E-05
 1  5 5.06665840E-05-1.37088788E-04-4.38974904E-05 0.00000000E+00 1.88890273E-05
 1  6-1.65093529E-04 0.00000000E+00 9.43851118E-05-1.02477619E-04 7.65765092E-05
 1  7 2.59011099E-05 0.00000000E+00 1.07483258E-04 0.00000000E+00 1.33237692E-05
 1  8 5.06665840E-05-1.37088788E-04 4.38974904E-05 0.00000000E+00 1.88890273E-05
 1  9 1.65093529E-04 0.00000000E+00 9.43851118E-05-1.02477619E-04 7.65765092E-05
 1 10 2.59011099E-05 0.00000000E+00-1.07483258E-04 0.00000000E+00
 2  1-4.99807217E-05-4.82044356E-04-9.62928684E-04 1.02705607E-02 0.00000000E+00
 2  2 0.00000000E+00-5.57941597E-05 0.00000000E+00 0.00000000E+00 1.03859020E-03
 2  3 0.00000000E+00 0.00000000E+00 3.62465297E-03 8.03911460E-04-8.04765024E-04
 2  4 8.53563209E-07 0.00000000E+00 0.00000000E+00 0.00000000E+00 7.03291419E-01
 2  5 2.60330964E-02-1.32764045E-02 1.01622191E-03 0.00000000E+00-2.19769527E-04
 2  6-3.99273702E-03 0.00000000E+00 7.29451087E-04-4.86835313E-04 2.76794193E-04
 2  7 2.10041120E-04 0.00000000E+00 2.47060963E-04 0.00000000E+00 7.03291419E-01
 2  8 2.60330964E-02-1.32764045E-02-1.01622191E-03 0.00000000E+00-2.19769527E-04
 2  9 3.99273702E-03 0.00000000E+00 7.29451087E-04-4.86835313E-04 2.76794193E-04
 2 10 2.10041120E-04 0.00000000E+00-2.47060963E-04 0.00000000E+00
 3  1 0.00000000E+00 0.00000000E+00 0.00000000E+00 0.00000000E+00-1.76998333E-05
 3  2 0.00000000E+00 0.00000000E+00-1.49410777E-03 0.00000000E+00 0.00000000E+00
 3  3-6.14799619E-03 0.00000000E+00 0.00000000E+00 0.00000000E+00 0.00000000E+00
 3  4 0.00000000E+00 0.00000000E+00-4.89470605E-04 0.00000000E+00 7.03269011E-01
 3  5 2.58515315E-02-1.28560007E-02 8.72374873E-04 0.00000000E+00-5.20027018E-04
 3  6-2.36412599E-03 0.00000000E+00 2.00963275E-03-1.66209678E-04 1.89023270E-04
 3  7-2.28135923E-05 0.00000000E+00 3.02532029E-04 0.00000000E+00-7.03269011E-01
 3  8-2.58515315E-02 1.28560007E-02 8.72374873E-04 0.00000000E+00 5.20027018E-04
 3  9-2.36412599E-03 0.00000000E+00-2.00963275E-03 1.66209678E-04-1.89023270E-04
 3 10 2.28135923E-05 0.00000000E+00 3.02532029E-04 0.00000000E+00
 4  1-2.74049653E-01 1.03939416E+00 4.10124850E-02-1.04425527E-02 0.00000000E+00
 4  2 0.00000000E+00 1.24247506E-02 0.00000000E+00 0.00000000E+00 1.62551039E-03
 4  3 0.00000000E+00 0.00000000E+00-3.58438492E-04 1.44255062E-03-7.94408394E-04
 4  4-6.48142229E-04 0.00000000E+00 0.00000000E+00 0.00000000E+00-1.63151803E-05
 4  5 4.26918907E-05-5.71867542E-04-4.29604928E-04 0.00000000E+00 1.76779049E-04
 4  6-1.34465050E-03 0.00000000E+00 8.73709007E-04-4.65148922E-04 3.69892553E-04
 4  7 9.52563695E-05 0.00000000E+00 5.42246535E-04 0.00000000E+00-1.63151803E-05
 4  8 4.26918907E-05-5.71867542E-04 4.29604928E-04 0.00000000E+00 1.76779049E-04
 4  9 1.34465050E-03 0.00000000E+00 8.73709007E-04-4.65148922E-04 3.69892553E-04
 4 10 9.52563695E-05 0.00000000E+00-5.42246535E-04 0.00000000E+00
 5  1 0.00000000E+00 0.00000000E+00 0.00000000E+00 0.00000000E+00 9.96608428E-01
 5  2 0.00000000E+00 0.00000000E+00 9.45560143E-03 0.00000000E+00 0.00000000E+00
 5  3-2.85136397E-04 0.00000000E+00 0.00000000E+00 0.00000000E+00 0.00000000E+00
 5  4 0.00000000E+00 0.00000000E+00 1.08542485E-03 0.00000000E+00 3.63146181E-04
 5  5-2.15531445E-04-1.97715724E-04-5.68409846E-04 0.00000000E+00 2.95243509E-04
 5  6-6.85738292E-05 0.00000000E+00 1.66907640E-04-3.86575003E-04 3.41885182E-04
 5  7 4.46898210E-05 0.00000000E+00 5.37484310E-04 0.00000000E+00-3.63146181E-04
 5  8 2.15531445E-04 1.97715724E-04-5.68409846E-04 0.00000000E+00-2.95243509E-04
 5  9-6.85738292E-05 0.00000000E+00-1.66907640E-04 3.86575003E-04-3.41885182E-04
 5 10-4.46898210E-05 0.00000000E+00 5.37484310E-04 0.00000000E+00
 6  1 0.00000000E+00 0.00000000E+00 0.00000000E+00 0.00000000E+00 0.00000000E+00
 6  2 9.96866088E-01 0.00000000E+00 0.00000000E+00 9.00942172E-03 0.00000000E+00
 6  3 0.00000000E+00-1.94930796E-04 0.00000000E+00 0.00000000E+00 0.00000000E+00
 6  4 0.00000000E+00 0.00000000E+00 0.00000000E+00 7.66275242E-04 0.00000000E+00
 6  5 0.00000000E+00 0.00000000E+00 0.00000000E+00 6.24876190E-05 0.00000000E+00
 6  6 0.00000000E+00-6.48138346E-05 0.00000000E+00 0.00000000E+00 0.00000000E+00
 6  7 0.00000000E+00 9.06818164E-05 0.00000000E+00-6.44507769E-05 0.00000000E+00
 6  8 0.00000000E+00 0.00000000E+00 0.00000000E+00 6.24876190E-05 0.00000000E+00
 6  9 0.00000000E+00-6.48138346E-05 0.00000000E+00 0.00000000E+00 0.00000000E+00
 6 10 0.00000000E+00-9.06818164E-05 0.00000000E+00-6.44507769E-05
 7  1 3.50337870E-03-1.33218306E-02 7.99503589E-05-9.42017248E-04 0.00000000E+00
 7  2 0.00000000E+00 9.96851518E-01 0.00000000E+00 0.00000000E+00 8.65358132E-03
 7  3 0.00000000E+00 0.00000000E+00-3.01189986E-04-6.71587585E-04-3.15662411E-04
 7  4 9.87249997E-04 0.00000000E+00 0.00000000E+00 0.00000000E+00-1.89570793E-04
 7  5-1.75320043E-05 6.99972312E-04 3.88306753E-04 0.00000000E+00-1.25435783E-04
 7  6 3.34271905E-04 0.00000000E+00-2.55845327E-04 3.59043793E-04-2.05468716E-04
 7  7-1.53575077E-04 0.00000000E+00-2.65162759E-04 0.00000000E+00-1.89570793E-04
 7  8-1.75320043E-05 6.99972312E-04-3.88306753E-04 0.00000000E+00-1.25435783E-04
 7  9-3.34271905E-04 0.00000000E+00-2.55845327E-04 3.59043793E-04-2.05468716E-04
 7 10-1.53575077E-04 0.00000000E+00 2.65162759E-04 0.00000000E+00
 8  1 5.07266648E-02-1.45499294E-01 2.98089442E-01 1.38405057E-01 0.00000000E+00
 8  2 0.00000000E+00-5.29872587E-02 0.00000000E+00 0.00000000E+00 1.02901945E-01
 8  3 0.00000000E+00 0.00000000E+00-1.06490833E-03 5.04502966E-02-3.38691524E-02
 8  4-1.65811442E-02 0.00000000E+00 0.00000000E+00 0.00000000E+00-1.23125525E-01
 8  5 2.43725810E-01 2.78673679E-01 1.07563631E-01 0.00000000E+00-4.41170794E-02
 8  6 4.43268373E-02 0.00000000E+00-1.38034419E-02 1.22260633E-02-5.79445590E-03
 8  7-6.43160742E-03 0.00000000E+00-7.58164457E-03 0.00000000E+00-1.23125525E-01
 8  8 2.43725810E-01 2.78673679E-01-1.07563631E-01 0.00000000E+00-4.41170794E-02
 8  9-4.43268373E-02 0.00000000E+00-1.38034419E-02 1.22260633E-02-5.79445590E-03
 8 10-6.43160742E-03 0.00000000E+00 7.58164457E-03 0.00000000E+00
 9  1 0.00000000E+00 0.00000000E+00 0.00000000E+00 0.00000000E+00 1.28506482E-01
 9  2 0.00000000E+00 0.00000000E+00-2.49521976E-01 0.00000000E+00 0.00000000E+00
 9  3-1.92610773E-02 0.00000000E+00 0.00000000E+00 0.00000000E+00 0.00000000E+00
 9  4 0.00000000E+00 0.00000000E+00-6.45451081E-02 0.00000000E+00-1.45119576E-01
 9  5 2.92685407E-01 3.41396699E-01 9.80379824E-02 0.00000000E+00-4.70590119E-02
 9  6 3.37222497E-02 0.00000000E+00-1.98461951E-02 5.52242170E-03-3.19728881E-03
 9  7-2.32513289E-03 0.00000000E+00-7.48224734E-03 0.00000000E+00 1.45119576E-01
 9  8-2.92685407E-01-3.41396699E-01 9.80379824E-02 0.00000000E+00 4.70590119E-02
 9  9 3.37222497E-02 0.00000000E+00 1.98461951E-02-5.52242170E-03 3.19728881E-03
 9 10 2.32513289E-03 0.00000000E+00-7.48224734E-03 0.00000000E+00
10  1 6.55236779E-02-1.79410029E-01 4.22637796E-01 3.70445356E-01 0.00000000E+00
10  2 0.00000000E+00 2.77685210E-02 0.00000000E+00 0.00000000E+00-5.12166515E-02
10  3 0.00000000E+00 0.00000000E+00-5.34128619E-02-1.84017998E-02 1.93924566E-02
10  4-9.90656866E-04 0.00000000E+00 0.00000000E+00 0.00000000E+00 1.04813993E-01
10  5-2.16485360E-01-3.49334484E-01 1.49663929E-01 0.00000000E+00-8.26753121E-02
10  6 7.35445721E-02 0.00000000E+00-3.42669477E-02 7.11019705E-03-6.46828594E-03
10  7-6.41911114E-04 0.00000000E+00-8.16291087E-03 0.00000000E+00 1.04813993E-01
10  8-2.16485360E-01-3.49334484E-01-1.49663929E-01 0.00000000E+00-8.26753121E-02
10  9-7.35445721E-02 0.00000000E+00-3.42669477E-02 7.11019705E-03-6.46828594E-03
10 10-6.41911114E-04 0.00000000E+00 8.16291087E-03 0.00000000E+00
11  1 0.00000000E+00 0.00000000E+00 0.00000000E+00 0.00000000E+00-1.67593928E-01
11  2 0.00000000E+00 0.00000000E+00 3.98544638E-01 0.00000000E+00 0.00000000E+00
11  3 3.87200882E-02 0.00000000E+00 0.00000000E+00 0.00000000E+00 0.00000000E+00
11  4 0.00000000E+00 0.00000000E+00 3.80356186E-02 0.00000000E+00-6.69771584E-02
11  5 1.35474189E-01 2.46299660E-01-3.13898288E-01 0.00000000E+00 2.07364911E-01
11  6-1.71999138E-01 0.00000000E+00 1.26130308E-01-6.68535184E-03 8.03148617E-03
11  7-1.34613433E-03 0.00000000E+00 1.35845716E-02 0.00000000E+00 6.69771584E-02
11  8-1.35474189E-01-2.46299660E-01-3.13898288E-01 0.00000000E+00-2.07364911E-01
11  9-1.71999138E-01 0.00000000E+00-1.26130308E-01 6.68535184E-03-8.03148617E-03
11 10 1.34613433E-03 0.00000000E+00 1.35845716E-02 0.00000000E+00
12  1 0.00000000E+00 0.00000000E+00 0.00000000E+00 0.00000000E+00 0.00000000E+00
12  2-2.03472286E-01 0.00000000E+00 0.00000000E+00 4.74592353E-01 0.00000000E+00
12  3 0.00000000E+00 2.53618963E-01 0.00000000E+00 0.00000000E+00 0.00000000E+00
12  4 0.00000000E+00 0.00000000E+00 0.00000000E+00 4.69741225E-02 0.00000000E+00
12  5 0.00000000E+00 0.00000000E+00 0.00000000E+00 3.07975174E-01 0.00000000E+00
12  6 0.00000000E+00 1.82238174E-01 0.00000000E+00 0.00000000E+00 0.00000000E+00
12  7 0.00000000E+00 2.09298592E-02 0.00000000E+00-8.87184422E-03 0.00000000E+00
12  8 0.00000000E+00 0.00000000E+00 0.00000000E+00 3.07975174E-01 0.00000000E+00
12  9 0.00000000E+00 1.82238174E-01 0.00000000E+00 0.00000000E+00 0.00000000E+00
12 10 0.00000000E+00-2.09298592E-02 0.00000000E+00-8.87184422E-03
13  1-8.42379873E-03 4.05491012E-02-3.12686047E-02-1.92329190E-01 0.00000000E+00
13  2 0.00000000E+00-1.96695755E-01 0.00000000E+00 0.00000000E+00 4.56198773E-01
13  3 0.00000000E+00 0.00000000E+00 2.11631213E-01-4.55189684E-02-1.54148829E-02
13  4 6.09338513E-02 0.00000000E+00 0.00000000E+00 0.00000000E+00 2.17931926E-02
13  5-4.47709105E-02-7.82838943E-02 2.46094703E-01 0.00000000E+00 1.99340309E-01
13  6 1.58169864E-01 0.00000000E+00 1.19946322E-01 1.96806976E-02-5.10928835E-03
13  7-1.45714093E-02 0.00000000E+00 7.84501052E-03 0.00000000E+00 2.17931926E-02
13  8-4.47709105E-02-7.82838943E-02-2.46094703E-01 0.00000000E+00 1.99340309E-01
13  9-1.58169864E-01 0.00000000E+00 1.19946322E-01 1.96806976E-02-5.10928835E-03
13 10-1.45714093E-02 0.00000000E+00-7.84501052E-03 0.00000000E+00
14  1 0.00000000E+00 0.00000000E+00 0.00000000E+00 0.00000000E+00 0.00000000E+00
14  2 0.00000000E+00 0.00000000E+00 0.00000000E+00 0.00000000E+00 0.00000000E+00
14  3 0.00000000E+00 0.00000000E+00 0.00000000E+00 0.00000000E+00 0.00000000E+00
14  4 0.00000000E+00-1.26569264E-01 0.00000000E+00 0.00000000E+00 0.00000000E+00
14  5 0.00000000E+00 0.00000000E+00 0.00000000E+00 4.63156360E-01 0.00000000E+00
14  6 0.00000000E+00 3.26501871E-01 0.00000000E+00 0.00000000E+00 0.00000000E+00
14  7 0.00000000E+00 1.85293159E-02 0.00000000E+00-8.86836620E-03 0.00000000E+00
14  8 0.00000000E+00 0.00000000E+00 0.00000000E+00-4.63156360E-01 0.00000000E+00
14  9 0.00000000E+00-3.26501871E-01 0.00000000E+00 0.00000000E+00 0.00000000E+00
14 10 0.00000000E+00 1.85293159E-02 0.00000000E+00 8.86836620E-03
15  1 0.00000000E+00 0.00000000E+00 0.00000000E+00 0.00000000E+00-1.43257678E-02
15  2 0.00000000E+00 0.00000000E+00 2.66112302E-02 0.00000000E+00 0.00000000E+00
15  3 1.04248452E-01 0.00000000E+00 0.00000000E+00 0.00000000E+00 0.00000000E+00
15  4 0.00000000E+00 0.00000000E+00-1.17604728E-01 0.00000000E+00 4.62570207E-05
15  5-1.18512985E-03 2.57531324E-02 2.82063004E-01 0.00000000E+00 3.72311348E-01
15  6 1.89319741E-01 0.00000000E+00 2.58866786E-01 1.28663204E-02 8.48259742E-04
15  7-1.37145801E-02 0.00000000E+00 1.38862152E-02 0.00000000E+00-4.62570207E-05
15  8 1.18512985E-03-2.57531324E-02 2.82063004E-01 0.00000000E+00-3.72311348E-01
15  9 1.89319741E-01 0.00000000E+00-2.58866786E-01-1.28663204E-02-8.48259742E-04
15 10 1.37145801E-02 0.00000000E+00 1.38862152E-02 0.00000000E+00
16  1 2.16336622E-02-1.07575458E-01 8.09143911E-02 5.70739835E-01 0.00000000E+00
16  2 0.00000000E+00 1.06761844E-01 0.00000000E+00 0.00000000E+00-2.57240421E-01
16  3 0.00000000E+00 0.00000000E+00-9.72022173E-02-1.55887734E-01 6.99787721E-02
16  4 8.59089618E-02 0.00000000E+00 0.00000000E+00 0.00000000E+00 3.73637228E-03
16  5-1.04589762E-02-5.61275714E-02-1.44355312E-01 0.00000000E+00 4.04187336E-01
16  6-1.06334381E-01 0.00000000E+00 2.98030683E-01-2.58196789E-04 3.44729591E-03
16  7-3.18909912E-03 0.00000000E+00 9.95954128E-03 0.00000000E+00 3.73637228E-03
16  8-1.04589762E-02-5.61275714E-02 1.44355312E-01 0.00000000E+00 4.04187336E-01
16  9 1.06334381E-01 0.00000000E+00 2.98030683E-01-2.58196789E-04 3.44729591E-03
16 10-3.18909912E-03 0.00000000E+00-9.95954128E-03 0.00000000E+00
17  1 0.00000000E+00 0.00000000E+00 0.00000000E+00 0.00000000E+00 0.00000000E+00
17  2-2.11767527E-01 0.00000000E+00 0.00000000E+00 5.37300012E-01 0.00000000E+00
17  3 0.00000000E+00 4.74993454E-01 0.00000000E+00 0.00000000E+00 0.00000000E+00
17  4 0.00000000E+00 0.00000000E+00 0.00000000E+00-5.00048744E-02 0.00000000E+00
17  5 0.00000000E+00 0.00000000E+00 0.00000000E+00-3.89257346E-01 0.00000000E+00
17  6 0.00000000E+00-3.29624445E-01 0.00000000E+00 0.00000000E+00 0.00000000E+00
17  7 0.00000000E+00-2.21430635E-03 0.00000000E+00-3.20858839E-04 0.00000000E+00
17  8 0.00000000E+00 0.00000000E+00 0.00000000E+00-3.89257346E-01 0.00000000E+00
17  9 0.00000000E+00-3.29624445E-01 0.00000000E+00 0.00000000E+00 0.00000000E+00
17 10 0.00000000E+00 2.21430635E-03 0.00000000E+00-3.20858839E-04
18  1 2.39179246E-02-1.13740846E-01 1.05434050E-01 7.72791704E-01 0.00000000E+00
18  2 0.00000000E+00-1.73107997E-01 0.00000000E+00 0.00000000E+00 4.58099993E-01
18  3 0.00000000E+00 0.00000000E+00 6.77354377E-01-1.53820336E-01 1.58156116E-01
18  4-4.33577996E-03 0.00000000E+00 0.00000000E+00 0.00000000E+00 4.40473110E-02
18  5-8.83656496E-02-3.69023039E-01-3.67675830E-01 0.00000000E+00-1.06000655E-01
18  6-3.77085280E-01 0.00000000E+00-9.62147025E-02 3.21385285E-04 3.96810733E-03
18  7-4.28949262E-03 0.00000000E+00 4.64438629E-03 0.00000000E+00 4.40473110E-02
18  8-8.83656496E-02-3.69023039E-01 3.67675830E-01 0.00000000E+00-1.06000655E-01
18  9 3.77085280E-01 0.00000000E+00-9.62147025E-02 3.21385285E-04 3.96810733E-03
18 10-4.28949262E-03 0.00000000E+00-4.64438629E-03 0.00000000E+00
19  1 0.00000000E+00 0.00000000E+00 0.00000000E+00 0.00000000E+00-1.61493594E-01
19  2 0.00000000E+00 0.00000000E+00 4.16815011E-01 0.00000000E+00 0.00000000E+00
19  3 1.27975337E+00 0.00000000E+00 0.00000000E+00 0.00000000E+00 0.00000000E+00
19  4 0.00000000E+00 0.00000000E+00-2.07920417E-01 0.00000000E+00-5.99473704E-02
19  5 9.50915041E-02 6.69518419E-01 1.05110766E-01 0.00000000E+00-2.56203921E-01
19  6 2.03378395E-01 0.00000000E+00-2.86288613E-01 7.12601602E-03 4.41399551E-04
19  7-7.56741557E-03 0.00000000E+00 1.89444255E-03 0.00000000E+00 5.99473704E-02
19  8-9.50915041E-02-6.69518419E-01 1.05110766E-01 0.00000000E+00 2.56203921E-01
19  9 2.03378395E-01 0.00000000E+00 2.86288613E-01-7.12601602E-03-4.41399551E-04
19 10 7.56741557E-03 0.00000000E+00 1.89444255E-03 0.00000000E+00
20  1 0.00000000E+00 0.00000000E+00 0.00000000E+00 0.00000000E+00 0.00000000E+00
20  2 2.83738507E-01 0.00000000E+00 0.00000000E+00-1.10014811E+00 0.00000000E+00
20  3 0.00000000E+00 1.24777689E+00 0.00000000E+00 0.00000000E+00 0.00000000E+00
20  4 0.00000000E+00 0.00000000E+00 0.00000000E+00-2.12785895E-01 0.00000000E+00
20  5 0.00000000E+00 0.00000000E+00 0.00000000E+00-4.15644848E-02 0.00000000E+00
20  6 0.00000000E+00-1.11333598E-01 0.00000000E+00 0.00000000E+00 0.00000000E+00
20  7 0.00000000E+00-2.97518885E-02 0.00000000E+00 7.49150365E-03 0.00000000E+00
20  8 0.00000000E+00 0.00000000E+00 0.00000000E+00-4.15644848E-02 0.00000000E+00
20  9 0.00000000E+00-1.11333598E-01 0.00000000E+00 0.00000000E+00 0.00000000E+00
20 10 0.00000000E+00 2.97518885E-02 0.00000000E+00 7.49150365E-03
21  1-4.91759214E-03-5.26183567E-02-1.15637039E-01 4.70056632E-01 0.00000000E+00
21  2 0.00000000E+00 2.75757055E-01 0.00000000E+00 0.00000000E+00-1.04769163E+00
21  3 0.00000000E+00 0.00000000E+00 1.33200771E+00 2.18040391E-01 4.69523153E-02
21  4-2.64992706E-01 0.00000000E+00 0.00000000E+00 0.00000000E+00 1.25172494E-02
21  5 1.57034876E-02-3.50769166E-01 1.16442032E-01 0.00000000E+00-5.92072609E-02
21  6-1.66112861E-01 0.00000000E+00-3.95825728E-02-4.23188551E-02 1.87472131E-02
21  7 2.35716420E-02 0.00000000E+00-2.82696435E-03 0.00000000E+00 1.25172494E-02
21  8 1.57034876E-02-3.50769166E-01-1.16442032E-01 0.00000000E+00-5.92072609E-02
21  9 1.66112861E-01 0.00000000E+00-3.95825728E-02-4.23188551E-02 1.87472131E-02
21 10 2.35716420E-02 0.00000000E+00 2.82696435E-03 0.00000000E+00
22  1-1.16839451E-01-4.04124765E-01-1.77632009E+00 2.29009511E+00 0.00000000E+00
22  2 0.00000000E+00-2.94362170E-02 0.00000000E+00 0.00000000E+00 1.29908006E-01
22  3 0.00000000E+00 0.00000000E+00 9.49442973E-02-2.52476539E-02 5.94193659E-02
22  4-3.41717120E-02 0.00000000E+00 0.00000000E+00 0.00000000E+00 1.60654544E-02
22  5-2.97157754E-02-3.77864833E-01 1.40398876E-01 0.00000000E+00-1.13930264E-01
22  6-1.77552245E-01 0.00000000E+00 8.32971687E-02-3.92974294E-02 3.18081414E-02
22  7 7.48928795E-03 0.00000000E+00 4.16105538E-02 0.00000000E+00 1.60654544E-02
22  8-2.97157754E-02-3.77864833E-01-1.40398876E-01 0.00000000E+00-1.13930264E-01
22  9 1.77552245E-01 0.00000000E+00 8.32971687E-02-3.92974294E-02 3.18081414E-02
22 10 7.48928795E-03 0.00000000E+00-4.16105538E-02 0.00000000E+00
23  1 0.00000000E+00 0.00000000E+00 0.00000000E+00 0.00000000E+00 2.93943127E-01
23  2 0.00000000E+00 0.00000000E+00-1.06657911E+00 0.00000000E+00 0.00000000E+00
23  3 1.49010999E+00 0.00000000E+00 0.00000000E+00 0.00000000E+00 0.00000000E+00
23  4 0.00000000E+00 0.00000000E+00 2.91261628E-01 0.00000000E+00-1.12459101E-02
23  5-4.63361449E-02 5.59518106E-01-2.66815872E-01 0.00000000E+00 1.22082659E-01
23  6 8.93344909E-02 0.00000000E+00-7.87333286E-02 2.81993449E-02-3.00792757E-02
23  7 1.87993081E-03 0.00000000E+00-4.78130408E-02 0.00000000E+00 1.12459101E-02
23  8 4.63361449E-02-5.59518106E-01-2.66815872E-01 0.00000000E+00-1.22082659E-01
23  9 8.93344909E-02 0.00000000E+00 7.87333286E-02-2.81993449E-02 3.00792757E-02
23 10-1.87993081E-03 0.00000000E+00-4.78130408E-02 0.00000000E+00
24  1 0.00000000E+00 0.00000000E+00 0.00000000E+00 0.00000000E+00 0.00000000E+00
24  2 6.33806437E-02 0.00000000E+00 0.00000000E+00-2.54087758E-01 0.00000000E+00
24  3 0.00000000E+00 2.54296005E-01 0.00000000E+00 0.00000000E+00 0.00000000E+00
24  4 0.00000000E+00 0.00000000E+00 0.00000000E+00 9.33480295E-01 0.00000000E+00
24  5 0.00000000E+00 0.00000000E+00 0.00000000E+00-2.23236802E-01 0.00000000E+00
24  6 0.00000000E+00 5.41834508E-02 0.00000000E+00 0.00000000E+00 0.00000000E+00
24  7 0.00000000E+00 3.24812456E-02 0.00000000E+00 1.86510873E-02 0.00000000E+00
24  8 0.00000000E+00 0.00000000E+00 0.00000000E+00-2.23236802E-01 0.00000000E+00
24  9 0.00000000E+00 5.41834508E-02 0.00000000E+00 0.00000000E+00 0.00000000E+00
24 10 0.00000000E+00-3.24812456E-02 0.00000000E+00 1.86510873E-02
25  1-3.00305175E-03-3.37323530E-02-7.41595989E-02 2.76614746E-01 0.00000000E+00
25  2 0.00000000E+00 5.58958679E-02 0.00000000E+00 0.00000000E+00-2.20856159E-01
25  3 0.00000000E+00 0.00000000E+00 3.11145723E-01-7.59086487E-02-7.53301728E-01
25  4 8.29210377E-01 0.00000000E+00 0.00000000E+00 0.00000000E+00 9.67221600E-03
25  5-3.05455489E-02-1.15366085E-01-8.79933011E-02 0.00000000E+00-2.44311616E-01
25  6-5.50082367E-02 0.00000000E+00 1.04022706E-01 1.26112775E-02-1.94387470E-02
25  7 6.82746945E-03 0.00000000E+00 3.66109522E-02 0.00000000E+00 9.67221600E-03
25  8-3.05455489E-02-1.15366085E-01 8.79933011E-02 0.00000000E+00-2.44311616E-01
25  9 5.50082367E-02 0.00000000E+00 1.04022706E-01 1.26112775E-02-1.94387470E-02
25 10 6.82746945E-03 0.00000000E+00-3.66109522E-02 0.00000000E+00
26  1 0.00000000E+00 0.00000000E+00 0.00000000E+00 0.00000000E+00 0.00000000E+00
26  2 0.00000000E+00 0.00000000E+00 0.00000000E+00 0.00000000E+00 0.00000000E+00
26  3 0.00000000E+00 0.00000000E+00 0.00000000E+00 0.00000000E+00 0.00000000E+00
26  4 0.00000000E+00 8.80530646E-01 0.00000000E+00 0.00000000E+00 0.00000000E+00
26  5 0.00000000E+00 0.00000000E+00 0.00000000E+00 3.64315287E-01 0.00000000E+00
26  6 0.00000000E+00-9.62625763E-02 0.00000000E+00 0.00000000E+00 0.00000000E+00
26  7 0.00000000E+00-5.00051235E-02 0.00000000E+00 3.85892658E-02 0.00000000E+00
26  8 0.00000000E+00 0.00000000E+00 0.00000000E+00-3.64315287E-01 0.00000000E+00
26  9 0.00000000E+00 9.62625763E-02 0.00000000E+00 0.00000000E+00 0.00000000E+00
26 10 0.00000000E+00-5.00051235E-02 0.00000000E+00-3.85892658E-02
27  1 0.00000000E+00 0.00000000E+00 0.00000000E+00 0.00000000E+00-1.56290232E-01
27  2 0.00000000E+00 0.00000000E+00 7.93277192E-01 0.00000000E+00 0.00000000E+00
27  3 3.37723092E-01 0.00000000E+00 0.00000000E+00 0.00000000E+00 0.00000000E+00
27  4 0.00000000E+00 0.00000000E+00 6.60735607E-01 0.00000000E+00-6.02061076E-02
27  5 1.78412956E-01 4.10245741E-01-1.35431462E-01 0.00000000E+00 2.27774650E-01
27  6 8.29940333E-01 0.00000000E+00-4.84382746E-01-3.31026628E-02 7.42196673E-03
27  7 2.56806961E-02 0.00000000E+00 4.61047790E-03 0.00000000E+00 6.02061076E-02
27  8-1.78412956E-01-4.10245741E-01-1.35431462E-01 0.00000000E+00-2.27774650E-01
27  9 8.29940333E-01 0.00000000E+00 4.84382746E-01 3.31026628E-02-7.42196673E-03
27 10-2.56806961E-02 0.00000000E+00 4.61047790E-03 0.00000000E+00
28  1 1.64785559E-02 3.96116993E-03 2.02165526E-01 1.24377170E+00 0.00000000E+00
28  2 0.00000000E+00-8.81304348E-02 0.00000000E+00 0.00000000E+00 4.48082413E-01
28  3 0.00000000E+00 0.00000000E+00 1.84494323E-01 6.27951279E-01-4.41918635E-01
28  4-1.86032644E-01 0.00000000E+00 0.00000000E+00 0.00000000E+00 6.19871472E-02
28  5-1.75548727E-01-4.90613526E-01 3.39666051E-01 0.00000000E+00 7.43068667E-03
28  6-1.02073380E+00 0.00000000E+00 3.43558070E-01-1.77410014E-03-9.65876643E-03
28  7 1.14328666E-02 0.00000000E+00-1.28013215E-02 0.00000000E+00 6.19871472E-02
28  8-1.75548727E-01-4.90613526E-01-3.39666051E-01 0.00000000E+00 7.43068667E-03
28  9 1.02073380E+00 0.00000000E+00 3.43558070E-01-1.77410014E-03-9.65876643E-03
28 10 1.14328666E-02 0.00000000E+00 1.28013215E-02 0.00000000E+00
29  1 0.00000000E+00 0.00000000E+00 0.00000000E+00 0.00000000E+00 0.00000000E+00
29  2 0.00000000E+00 0.00000000E+00 0.00000000E+00 0.00000000E+00 0.00000000E+00
29  3 0.00000000E+00 0.00000000E+00 0.00000000E+00 0.00000000E+00 0.00000000E+00
29  4 0.00000000E+00 5.01184650E-01 0.00000000E+00 0.00000000E+00 0.00000000E+00
29  5 0.00000000E+00 0.00000000E+00 0.00000000E+00-5.46793974E-01 0.00000000E+00
29  6 0.00000000E+00 7.92202825E-01 0.00000000E+00 0.00000000E+00 0.00000000E+00
29  7 0.00000000E+00-5.11952434E-02 0.00000000E+00 3.14777716E-02 0.00000000E+00
29  8 0.00000000E+00 0.00000000E+00 0.00000000E+00 5.46793974E-01 0.00000000E+00
29  9 0.00000000E+00-7.92202825E-01 0.00000000E+00 0.00000000E+00 0.00000000E+00
29 10 0.00000000E+00-5.11952434E-02 0.00000000E+00-3.14777716E-02
30  1 1.08787141E-02 6.45151657E-02 2.05230276E-01-9.23769743E-02 0.00000000E+00
30  2 0.00000000E+00-3.28435018E-02 0.00000000E+00 0.00000000E+00 1.63969248E-01
30  3 0.00000000E+00 0.00000000E+00-6.79116673E-01 2.41140823E-01 1.51756458E-01
30  4-3.92897281E-01 0.00000000E+00 0.00000000E+00 0.00000000E+00-3.96257883E-03
30  5 9.10463661E-02-9.91500690E-03-1.82919929E-01 0.00000000E+00-5.36304086E-01
30  6 2.20244975E-01 0.00000000E+00 8.79407662E-01-1.60284353E-02-3.74856365E-03
30  7 1.97769990E-02 0.00000000E+00-4.88176796E-02 0.00000000E+00-3.96257883E-03
30  8 9.10463661E-02-9.91500690E-03 1.82919929E-01 0.00000000E+00-5.36304086E-01
30  9-2.20244975E-01 0.00000000E+00 8.79407662E-01-1.60284353E-02-3.74856365E-03
30 10 1.97769990E-02 0.00000000E+00 4.88176796E-02 0.00000000E+00
31  1 0.00000000E+00 0.00000000E+00 0.00000000E+00 0.00000000E+00-2.88204926E-02
31  2 0.00000000E+00 0.00000000E+00 1.71225238E-01 0.00000000E+00 0.00000000E+00
31  3-3.66015521E-01 0.00000000E+00 0.00000000E+00 0.00000000E+00 0.00000000E+00
31  4 0.00000000E+00 0.00000000E+00 2.24965553E-01 0.00000000E+00 2.53118705E-03
31  5-7.95320817E-02 9.78020999E-03-2.84908430E-01 0.00000000E+00-5.45547728E-01
31  6 4.89739007E-01 0.00000000E+00 6.86478504E-01-3.57472199E-02 1.09100018E-02
31  7 2.48372182E-02 0.00000000E+00-1.08937587E-02 0.00000000E+00-2.53118705E-03
31  8 7.95320817E-02-9.78020999E-03-2.84908430E-01 0.00000000E+00 5.45547728E-01
31  9 4.89739007E-01 0.00000000E+00-6.86478504E-01 3.57472199E-02-1.09100018E-02
31 10-2.48372182E-02 0.00000000E+00-1.08937587E-02 0.00000000E+00
32  1 0.00000000E+00 0.00000000E+00 0.00000000E+00 0.00000000E+00 0.00000000E+00
32  2-2.68762771E-02 0.00000000E+00 0.00000000E+00 1.10443259E-01 0.00000000E+00
32  3 0.00000000E+00-7.23082421E-01 0.00000000E+00 0.00000000E+00 0.00000000E+00
32  4 0.00000000E+00 0.00000000E+00 0.00000000E+00-3.03269115E-01 0.00000000E+00
32  5 0.00000000E+00 0.00000000E+00 0.00000000E+00-6.01234865E-01 0.00000000E+00
32  6 0.00000000E+00 9.42059378E-01 0.00000000E+00 0.00000000E+00 0.00000000E+00
32  7 0.00000000E+00-4.55140517E-02 0.00000000E+00 8.24792632E-03 0.00000000E+00
32  8 0.00000000E+00 0.00000000E+00 0.00000000E+00-6.01234865E-01 0.00000000E+00
32  9 0.00000000E+00 9.42059378E-01 0.00000000E+00 0.00000000E+00 0.00000000E+00
32 10 0.00000000E+00 4.55140517E-02 0.00000000E+00 8.24792632E-03
33  1 0.00000000E+00 0.00000000E+00 0.00000000E+00 0.00000000E+00-5.69499756E-02
33  2 0.00000000E+00 0.00000000E+00-1.63204086E-04 0.00000000E+00 0.00000000E+00
33  3 4.26444669E-01 0.00000000E+00 0.00000000E+00 0.00000000E+00 0.00000000E+00
33  4 0.00000000E+00 0.00000000E+00 8.13124708E-01 0.00000000E+00-2.51483973E-02
33  5 8.66842764E-02 2.86989679E-01 5.69012144E-01 0.00000000E+00-1.94422662E-01
33  6-3.69354847E-01 0.00000000E+00 2.02394512E-01-3.86243382E-02-2.53517544E-02
33  7 6.39760926E-02 0.00000000E+00-4.84780214E-02 0.00000000E+00 2.51483973E-02
33  8-8.66842764E-02-2.86989679E-01 5.69012144E-01 0.00000000E+00 1.94422662E-01
33  9-3.69354847E-01 0.00000000E+00-2.02394512E-01 3.86243382E-02 2.53517544E-02
33 10-6.39760926E-02 0.00000000E+00-4.84780214E-02 0.00000000E+00
34  1-2.09094749E-02-2.23078661E-01-5.20817625E-01 7.11394313E-01 0.00000000E+00
34  2 0.00000000E+00-5.43425318E-02 0.00000000E+00 0.00000000E+00 1.27526691E-01
34  3 0.00000000E+00 0.00000000E+00 7.92786344E-02 9.06528419E-01-5.95248882E-01
34  4-3.11279537E-01 0.00000000E+00 0.00000000E+00 0.00000000E+00 2.97035082E-02
34  5-1.28775274E-01-2.64824183E-01-4.82716180E-01 0.00000000E+00 2.71619740E-01
34  6 2.75598305E-01 0.00000000E+00-4.49662665E-02-6.63205406E-02-5.77004092E-03
34  7 7.20905815E-02 0.00000000E+00-2.25203383E-02 0.00000000E+00 2.97035082E-02
34  8-1.28775274E-01-2.64824183E-01 4.82716180E-01 0.00000000E+00 2.71619740E-01
34  9-2.75598305E-01 0.00000000E+00-4.49662665E-02-6.63205406E-02-5.77004092E-03
34 10 7.20905815E-02 0.00000000E+00 2.25203383E-02 0.00000000E+00
35  1 0.00000000E+00 0.00000000E+00 0.00000000E+00 0.00000000E+00-2.53139688E-02
35  2 0.00000000E+00 0.00000000E+00 2.72044280E-01 0.00000000E+00 0.00000000E+00
35  3 1.35358469E+00 0.00000000E+00 0.00000000E+00 0.00000000E+00 0.00000000E+00
35  4 0.00000000E+00 0.00000000E+00 2.67899017E-01 0.00000000E+00 2.02815380E-03
35  5-1.22730723E+00 2.02968020E+00 2.93395065E-02 0.00000000E+00 8.21797915E-02
35  6 3.74908004E-01 0.00000000E+00-4.27801299E-01-1.04315701E-01 8.89976821E-02
35  7 1.53180186E-02 0.00000000E+00 1.55009599E-01 0.00000000E+00-2.02815380E-03
35  8 1.22730723E+00-2.02968020E+00 2.93395065E-02 0.00000000E+00-8.21797915E-02
35  9 3.74908004E-01 0.00000000E+00 4.27801299E-01 1.04315701E-01-8.89976821E-02
35 10-1.53180186E-02 0.00000000E+00 1.55009599E-01 0.00000000E+00
36  1-2.08564814E-02-2.07738949E-01-4.70019709E-01 2.16055200E+00 0.00000000E+00
36  2 0.00000000E+00-1.39779851E-02 0.00000000E+00 0.00000000E+00 1.43810737E-01
36  3 0.00000000E+00 0.00000000E+00 7.66560085E-01 3.18198693E-01-2.69773643E-01
36  4-4.84250500E-02 0.00000000E+00 0.00000000E+00 0.00000000E+00 1.84628201E-03
36  5 1.18499824E+00-1.98627045E+00 3.75099695E-02 0.00000000E+00 6.88913677E-02
36  6-7.00105931E-01 0.00000000E+00 5.78696953E-02 2.07305038E-01-1.20974045E-01
36  7-8.63309930E-02 0.00000000E+00-9.01977514E-02 0.00000000E+00 1.84628201E-03
36  8 1.18499824E+00-1.98627045E+00-3.75099695E-02 0.00000000E+00 6.88913677E-02
36  9 7.00105931E-01 0.00000000E+00 5.78696953E-02 2.07305038E-01-1.20974045E-01
36 10-8.63309930E-02 0.00000000E+00 9.01977514E-02 0.00000000E+00
37  1 0.00000000E+00 0.00000000E+00 0.00000000E+00 0.00000000E+00 0.00000000E+00
37  2 0.00000000E+00 0.00000000E+00 0.00000000E+00 0.00000000E+00 0.00000000E+00
37  3 0.00000000E+00 0.00000000E+00 0.00000000E+00 0.00000000E+00 0.00000000E+00
37  4 0.00000000E+00 2.76940604E-02 0.00000000E+00 0.00000000E+00 0.00000000E+00
37  5 0.00000000E+00 0.00000000E+00 0.00000000E+00-8.61344147E-03 0.00000000E+00
37  6 0.00000000E+00 1.37979370E-02 0.00000000E+00 0.00000000E+00 0.00000000E+00
37  7 0.00000000E+00 4.07763926E-01 0.00000000E+00 5.77992969E-01 0.00000000E+00
37  8 0.00000000E+00 0.00000000E+00 0.00000000E+00 8.61344147E-03 0.00000000E+00
37  9 0.00000000E+00-1.37979370E-02 0.00000000E+00 0.00000000E+00 0.00000000E+00
37 10 0.00000000E+00 4.07763926E-01 0.00000000E+00-5.77992969E-01
38  1 0.00000000E+00 0.00000000E+00 0.00000000E+00 0.00000000E+00-1.38379154E-03
38  2 0.00000000E+00 0.00000000E+00-3.17151747E-03 0.00000000E+00 0.00000000E+00
38  3 5.10997601E-02 0.00000000E+00 0.00000000E+00 0.00000000E+00 0.00000000E+00
38  4 0.00000000E+00 0.00000000E+00-2.77812056E-02 0.00000000E+00 3.16503368E-04
38  5-2.04983276E-02 3.67974713E-02 1.10087807E-02 0.00000000E+00 1.57831701E-02
38  6-1.86078953E-02 0.00000000E+00-2.68451560E-02-2.29398686E-01 6.07216024E-01
38  7-3.77817338E-01 0.00000000E+00-3.52776619E-01 0.00000000E+00-3.16503368E-04
38  8 2.04983276E-02-3.67974713E-02 1.10087807E-02 0.00000000E+00-1.57831701E-02
38  9-1.86078953E-02 0.00000000E+00 2.68451560E-02 2.29398686E-01-6.07216024E-01
38 10 3.77817338E-01 0.00000000E+00-3.52776619E-01 0.00000000E+00
39  1 0.00000000E+00 0.00000000E+00 0.00000000E+00 0.00000000E+00 0.00000000E+00
39  2-2.10231127E-02 0.00000000E+00 0.00000000E+00 6.92016097E-02 0.00000000E+00
39  3 0.00000000E+00 3.10374978E-02 0.00000000E+00 0.00000000E+00 0.00000000E+00
39  4 0.00000000E+00 0.00000000E+00 0.00000000E+00-2.91879820E-02 0.00000000E+00
39  5 0.00000000E+00 0.00000000E+00 0.00000000E+00 2.18363521E-02 0.00000000E+00
39  6 0.00000000E+00-3.64241119E-02 0.00000000E+00 0.00000000E+00 0.00000000E+00
39  7 0.00000000E+00 5.60914700E-02 0.00000000E+00 7.06054319E-01 0.00000000E+00
39  8 0.00000000E+00 0.00000000E+00 0.00000000E+00 2.18363521E-02 0.00000000E+00
39  9 0.00000000E+00-3.64241119E-02 0.00000000E+00 0.00000000E+00 0.00000000E+00
39 10 0.00000000E+00-5.60914700E-02 0.00000000E+00 7.06054319E-01
40  1-2.66642165E-03-1.46359659E-02-5.00010370E-02 4.08385014E-02 0.00000000E+00
40  2 0.00000000E+00 5.72985734E-03 0.00000000E+00 0.00000000E+00-2.76089987E-02
40  3 0.00000000E+00 0.00000000E+00 1.42025936E-02 5.32351935E-02-1.11998190E-01
40  4 5.87629968E-02 0.00000000E+00 0.00000000E+00 0.00000000E+00 2.02841052E-03
40  5-2.09135138E-02-2.39776245E-03-2.56179667E-02 0.00000000E+00 7.65647469E-03
40  6 1.79855357E-02 0.00000000E+00-4.67684335E-03-4.96267053E-02 5.92900992E-01
40  7-5.43274286E-01 0.00000000E+00-2.59499287E-01 0.00000000E+00 2.02841052E-03
40  8-2.09135138E-02-2.39776245E-03 2.56179667E-02 0.00000000E+00 7.65647469E-03
40  9-1.79855357E-02 0.00000000E+00-4.67684335E-03-4.96267053E-02 5.92900992E-01
40 10-5.43274286E-01 0.00000000E+00 2.59499287E-01 0.00000000E+00
41  1 0.00000000E+00 0.00000000E+00 0.00000000E+00 0.00000000E+00 0.00000000E+00
41  2 5.47704893E-02 0.00000000E+00 0.00000000E+00-1.75487302E-01 0.00000000E+00
41  3 0.00000000E+00-1.48038971E-01 0.00000000E+00 0.00000000E+00 0.00000000E+00
41  4 0.00000000E+00 0.00000000E+00 0.00000000E+00-2.51282042E-01 0.00000000E+00
41  5 0.00000000E+00 0.00000000E+00 0.00000000E+00-6.52929761E-02 0.00000000E+00
41  6 0.00000000E+00 1.61079640E-01 0.00000000E+00 0.00000000E+00 0.00000000E+00
41  7 0.00000000E+00 7.23101882E-01 0.00000000E+00-6.54977110E-02 0.00000000E+00
41  8 0.00000000E+00 0.00000000E+00 0.00000000E+00-6.52929761E-02 0.00000000E+00
41  9 0.00000000E+00 1.61079640E-01 0.00000000E+00 0.00000000E+00 0.00000000E+00
41 10 0.00000000E+00-7.23101882E-01 0.00000000E+00-6.54977110E-02
42  1 0.00000000E+00 0.00000000E+00 0.00000000E+00 0.00000000E+00-3.93638500E-02
42  2 0.00000000E+00 0.00000000E+00 2.01420657E-01 0.00000000E+00 0.00000000E+00
42  3 9.67239817E-02 0.00000000E+00 0.00000000E+00 0.00000000E+00 0.00000000E+00
42  4 0.00000000E+00 0.00000000E+00-3.16350404E-01 0.00000000E+00 2.50172625E-03
42  5-1.77402752E-01 2.15840675E-01-4.90043848E-02 0.00000000E+00 7.63441380E-02
42  6 5.37533874E-02 0.00000000E+00-1.59650192E-01-3.80854704E-01-1.73725617E-01
42  7 5.54580321E-01 0.00000000E+00-4.39013384E-01 0.00000000E+00-2.50172625E-03
42  8 1.77402752E-01-2.15840675E-01-4.90043848E-02 0.00000000E+00-7.63441380E-02
42  9 5.37533874E-02 0.00000000E+00 1.59650192E-01 3.80854704E-01 1.73725617E-01
42 10-5.54580321E-01 0.00000000E+00-4.39013384E-01 0.00000000E+00
43  1 0.00000000E+00 0.00000000E+00 0.00000000E+00 0.00000000E+00 0.00000000E+00
43  2 0.00000000E+00 0.00000000E+00 0.00000000E+00 0.00000000E+00 0.00000000E+00
43  3 0.00000000E+00 0.00000000E+00 0.00000000E+00 0.00000000E+00 0.00000000E+00
43  4 0.00000000E+00 4.86177198E-01 0.00000000E+00 0.00000000E+00 0.00000000E+00
43  5 0.00000000E+00 0.00000000E+00 0.00000000E+00-3.66490082E-02 0.00000000E+00
43  6 0.00000000E+00 1.50532286E-01 0.00000000E+00 0.00000000E+00 0.00000000E+00
43  7 0.00000000E+00 6.09686415E-01 0.00000000E+00-4.22304715E-01 0.00000000E+00
43  8 0.00000000E+00 0.00000000E+00 0.00000000E+00 3.66490082E-02 0.00000000E+00
43  9 0.00000000E+00-1.50532286E-01 0.00000000E+00 0.00000000E+00 0.00000000E+00
43 10 0.00000000E+00 6.09686415E-01 0.00000000E+00 4.22304715E-01
44  1-4.47939066E-03 1.01618560E-02-4.88504481E-02-3.91768863E-01 0.00000000E+00
44  2 0.00000000E+00 6.35762498E-02 0.00000000E+00 0.00000000E+00-2.49938245E-01
44  3 0.00000000E+00 0.00000000E+00-2.96040434E-01 2.82512038E-01 7.29862589E-02
44  4-3.55498297E-01 0.00000000E+00 0.00000000E+00 0.00000000E+00-7.55429135E-04
44  5-2.79112924E-01 4.38352574E-01-9.25342061E-02 0.00000000E+00-2.62358335E-02
44  6 2.82604743E-01 0.00000000E+00 1.27424307E-01 5.62249849E-01-1.01815475E-01
44  7-4.60434374E-01 0.00000000E+00 4.19750553E-01 0.00000000E+00-7.55429135E-04
44  8-2.79112924E-01 4.38352574E-01 9.25342061E-02 0.00000000E+00-2.62358335E-02
44  9-2.82604743E-01 0.00000000E+00 1.27424307E-01 5.62249849E-01-1.01815475E-01
44 10-4.60434374E-01 0.00000000E+00-4.19750553E-01 0.00000000E+00
45  1-4.08073537E-02 2.08540775E-02-4.81639782E-01-1.33007864E+00 0.00000000E+00
45  2 0.00000000E+00 9.43462982E-02 0.00000000E+00 0.00000000E+00-5.32728960E-01
45  3 0.00000000E+00 0.00000000E+00-2.50752789E-01-7.40860617E-01 4.68167349E-01
45  4 2.72693268E-01 0.00000000E+00 0.00000000E+00 0.00000000E+00-3.22311672E-02
45  5-6.25469793E-01 1.36953478E+00 1.73418308E-02 0.00000000E+00-2.33799196E-02
45  6 7.12400952E-01 0.00000000E+00-3.30494845E-01 4.88205533E-01-4.24262753E-01
45  7-6.39427800E-02 0.00000000E+00-6.21247846E-01 0.00000000E+00-3.22311672E-02
45  8-6.25469793E-01 1.36953478E+00-1.73418308E-02 0.00000000E+00-2.33799196E-02
45  9-7.12400952E-01 0.00000000E+00-3.30494845E-01 4.88205533E-01-4.24262753E-01
45 10-6.39427800E-02 0.00000000E+00 6.21247846E-01 0.00000000E+00
46  1 0.00000000E+00 0.00000000E+00 0.00000000E+00 0.00000000E+00-2.13285943E-01
46  2 0.00000000E+00 0.00000000E+00 1.14613031E+00 0.00000000E+00 0.00000000E+00
46  3 4.32495158E-01 0.00000000E+00 0.00000000E+00 0.00000000E+00 0.00000000E+00
46  4 0.00000000E+00 0.00000000E+00 6.23144936E-01 0.00000000E+00-3.12254116E-02
46  5-5.36559180E-01 1.19413128E+00 4.80073170E-02 0.00000000E+00-7.81771237E-03
46  6 6.20545513E-01 0.00000000E+00-2.92856816E-01 6.69087925E-01-3.76138132E-01
46  7-2.92949793E-01 0.00000000E+00-4.88820785E-01 0.00000000E+00 3.12254116E-02
46  8 5.36559180E-01-1.19413128E+00 4.80073170E-02 0.00000000E+00 7.81771237E-03
46  9 6.20545513E-01 0.00000000E+00 2.92856816E-01-6.69087925E-01 3.76138132E-01
46 10 2.92949793E-01 0.00000000E+00-4.88820785E-01 0.00000000E+00
 $END   
 POPULATION ANALYSIS
S           15.19621   0.80379  15.23106   0.76894
O            8.40190  -0.40190   8.38447  -0.38447
O            8.40190  -0.40190   8.38447  -0.38447
 MOMENTS AT POINT    1 X,Y,Z=  0.000000  0.000000  0.000000
 DIPOLE       0.000000  0.000000 -1.316300
