 $DATA  
Title                                                                           
CNV      2

S          16.0      0.0000000000      0.0000000000     -0.2071126958
   PC1     0
        
O           8.0      1.5454813221      0.0000000000      0.2069977764
   PC1     0
        
 $END      
 $ZMAT   IZMAT(1)=
         1,   3,   1,
         1,   2,   1,
         2,   2,   1,   3,
 $END
--- CLOSED SHELL ORBITALS --- GENERATED AT Thu Feb 26 00:18:32 2015
Title                                                                           
E(R-PBE)=     -548.2112574938, E(NUC)=   95.6252519055,   23 ITERS
 $VEC   
 1  1 1.00298110E+00-1.03007250E-02 1.78000832E-03-7.28248971E-04 0.00000000E+00
 1  2 0.00000000E+00 6.52158358E-05 0.00000000E+00 0.00000000E+00 2.43281485E-05
 1  3 0.00000000E+00 0.00000000E+00 5.67605370E-06 1.16208806E-04-6.30244662E-05
 1  4-5.31843395E-05 0.00000000E+00 0.00000000E+00 0.00000000E+00 9.72108143E-06
 1  5 5.05408925E-05-7.70757593E-05-1.92257888E-05 0.00000000E+00 3.94442528E-06
 1  6-1.36871250E-04 0.00000000E+00 4.54567708E-05-1.15982245E-04 6.63883771E-05
 1  7 4.95938677E-05 0.00000000E+00 6.30822826E-05 0.00000000E+00 9.72108143E-06
 1  8 5.05408925E-05-7.70757593E-05 1.92257888E-05 0.00000000E+00 3.94442528E-06
 1  9 1.36871250E-04 0.00000000E+00 4.54567708E-05-1.15982245E-04 6.63883771E-05
 1 10 4.95938677E-05 0.00000000E+00-6.30822826E-05 0.00000000E+00
 2  1 0.00000000E+00 0.00000000E+00 0.00000000E+00 0.00000000E+00 1.18507703E-04
 2  2 0.00000000E+00 0.00000000E+00-1.65017530E-03 0.00000000E+00 0.00000000E+00
 2  3-7.69097620E-03 0.00000000E+00 0.00000000E+00 0.00000000E+00 0.00000000E+00
 2  4 0.00000000E+00 0.00000000E+00-7.95340936E-04 0.00000000E+00 7.03311660E-01
 2  5 2.61640126E-02-1.38779036E-02 8.08983672E-04 0.00000000E+00-3.11916687E-04
 2  6-3.08725637E-03 0.00000000E+00 1.45727616E-03-3.22474683E-04 2.00011103E-04
 2  7 1.22463580E-04 0.00000000E+00 2.19611410E-04 0.00000000E+00-7.03311660E-01
 2  8-2.61640126E-02 1.38779036E-02 8.08983672E-04 0.00000000E+00 3.11916687E-04
 2  9-3.08725637E-03 0.00000000E+00-1.45727616E-03 3.22474683E-04-2.00011103E-04
 2 10-1.22463580E-04 0.00000000E+00 2.19611410E-04 0.00000000E+00
 3  1-3.44670304E-05-5.42136607E-04-8.92350163E-04 7.39586589E-03 0.00000000E+00
 3  2 0.00000000E+00-3.08845432E-05 0.00000000E+00 0.00000000E+00 4.46621355E-04
 3  3 0.00000000E+00 0.00000000E+00 1.68403537E-03 1.12329283E-03-6.84119630E-04
 3  4-4.39173205E-04 0.00000000E+00 0.00000000E+00 0.00000000E+00 7.03243240E-01
 3  5 2.52842795E-02-1.09645133E-02 9.01734149E-04 0.00000000E+00-4.40665547E-05
 3  6-3.11224104E-03 0.00000000E+00 2.57936745E-04-4.67223414E-04 2.63069591E-04
 3  7 2.04153823E-04 0.00000000E+00 1.80219950E-04 0.00000000E+00 7.03243240E-01
 3  8 2.52842795E-02-1.09645133E-02-9.01734149E-04 0.00000000E+00-4.40665547E-05
 3  9 3.11224104E-03 0.00000000E+00 2.57936745E-04-4.67223414E-04 2.63069591E-04
 3 10 2.04153823E-04 0.00000000E+00-1.80219950E-04 0.00000000E+00
 4  1-2.74099621E-01 1.03931104E+00 4.03347046E-02-1.04828730E-02 0.00000000E+00
 4  2 0.00000000E+00 1.16399434E-02 0.00000000E+00 0.00000000E+00 1.09177985E-03
 4  3 0.00000000E+00 0.00000000E+00-2.74924446E-04 1.41250392E-03-6.98978344E-04
 4  4-7.13525579E-04 0.00000000E+00 0.00000000E+00 0.00000000E+00 5.34930951E-05
 4  5 2.10548014E-04-4.82213454E-04-3.59180943E-04 0.00000000E+00 7.81690201E-05
 4  6-1.29886037E-03 0.00000000E+00 4.83889868E-04-8.45776890E-04 4.84354278E-04
 4  7 3.61422612E-04 0.00000000E+00 4.63828910E-04 0.00000000E+00 5.34930951E-05
 4  8 2.10548014E-04-4.82213454E-04 3.59180943E-04 0.00000000E+00 7.81690201E-05
 4  9 1.29886037E-03 0.00000000E+00 4.83889868E-04-8.45776890E-04 4.84354278E-04
 4 10 3.61422612E-04 0.00000000E+00-4.63828910E-04 0.00000000E+00
 5  1 0.00000000E+00 0.00000000E+00 0.00000000E+00 0.00000000E+00 9.96831469E-01
 5  2 0.00000000E+00 0.00000000E+00 8.87446477E-03 0.00000000E+00 0.00000000E+00
 5  3-4.27169116E-04 0.00000000E+00 0.00000000E+00 0.00000000E+00 0.00000000E+00
 5  4 0.00000000E+00 0.00000000E+00 8.08179658E-04 0.00000000E+00 2.18650512E-04
 5  5 5.96496967E-05-4.60441107E-04-3.27302597E-04 0.00000000E+00 7.68978690E-05
 5  6-2.51039951E-04 0.00000000E+00 2.08135506E-04-4.65181773E-04 2.84224513E-04
 5  7 1.80957260E-04 0.00000000E+00 3.26642844E-04 0.00000000E+00-2.18650512E-04
 5  8-5.96496967E-05 4.60441107E-04-3.27302597E-04 0.00000000E+00-7.68978690E-05
 5  9-2.51039951E-04 0.00000000E+00-2.08135506E-04 4.65181773E-04-2.84224513E-04
 5 10-1.80957260E-04 0.00000000E+00 3.26642844E-04 0.00000000E+00
 6  1 0.00000000E+00 0.00000000E+00 0.00000000E+00 0.00000000E+00 0.00000000E+00
 6  2 9.96970721E-01 0.00000000E+00 0.00000000E+00 8.69145569E-03 0.00000000E+00
 6  3 0.00000000E+00-1.13466254E-04 0.00000000E+00 0.00000000E+00 0.00000000E+00
 6  4 0.00000000E+00 0.00000000E+00 0.00000000E+00 7.19777839E-04 0.00000000E+00
 6  5 0.00000000E+00 0.00000000E+00 0.00000000E+00 2.21189268E-05 0.00000000E+00
 6  6 0.00000000E+00-4.03222675E-05 0.00000000E+00 0.00000000E+00 0.00000000E+00
 6  7 0.00000000E+00 5.28435646E-05 0.00000000E+00-2.75629634E-05 0.00000000E+00
 6  8 0.00000000E+00 0.00000000E+00 0.00000000E+00 2.21189268E-05 0.00000000E+00
 6  9 0.00000000E+00-4.03222675E-05 0.00000000E+00 0.00000000E+00 0.00000000E+00
 6 10 0.00000000E+00-5.28435646E-05 0.00000000E+00-2.75629634E-05
 7  1 3.26390993E-03-1.23365931E-02 1.94478102E-04-8.39310674E-04 0.00000000E+00
 7  2 0.00000000E+00 9.96959535E-01 0.00000000E+00 0.00000000E+00 8.46412297E-03
 7  3 0.00000000E+00 0.00000000E+00-1.59122285E-04-6.94482347E-04-2.69613981E-04
 7  4 9.64096328E-04 0.00000000E+00 0.00000000E+00 0.00000000E+00-7.57112891E-05
 7  5-1.22892957E-04 5.37726498E-04 1.50367179E-04 0.00000000E+00-1.98949967E-05
 7  6 3.23808803E-04 0.00000000E+00-1.44752866E-04 2.50559271E-04-1.20650406E-04
 7  7-1.29908865E-04 0.00000000E+00-8.69770519E-05 0.00000000E+00-7.57112891E-05
 7  8-1.22892957E-04 5.37726498E-04-1.50367179E-04 0.00000000E+00-1.98949967E-05
 7  9-3.23808803E-04 0.00000000E+00-1.44752866E-04 2.50559271E-04-1.20650406E-04
 7 10-1.29908865E-04 0.00000000E+00 8.69770519E-05 0.00000000E+00
 8  1 4.74951477E-02-1.38795719E-01 2.77894465E-01 1.70099161E-01 0.00000000E+00
 8  2 0.00000000E+00-3.13825041E-02 0.00000000E+00 0.00000000E+00 6.49117163E-02
 8  3 0.00000000E+00 0.00000000E+00 6.33184568E-03 5.69084387E-02-3.16618147E-02
 8  4-2.52466240E-02 0.00000000E+00 0.00000000E+00 0.00000000E+00-1.26807811E-01
 8  5 2.55024512E-01 2.95131206E-01 9.59541428E-02 0.00000000E+00-2.11485239E-02
 8  6 3.98916710E-02 0.00000000E+00-6.26352220E-03 1.07659309E-02-4.39605791E-03
 8  7-6.36987297E-03 0.00000000E+00-1.92727020E-03 0.00000000E+00-1.26807811E-01
 8  8 2.55024512E-01 2.95131206E-01-9.59541428E-02 0.00000000E+00-2.11485239E-02
 8  9-3.98916710E-02 0.00000000E+00-6.26352220E-03 1.07659309E-02-4.39605791E-03
 8 10-6.36987297E-03 0.00000000E+00 1.92727020E-03 0.00000000E+00
 9  1 0.00000000E+00 0.00000000E+00 0.00000000E+00 0.00000000E+00 1.11607081E-01
 9  2 0.00000000E+00 0.00000000E+00-2.17284740E-01 0.00000000E+00 0.00000000E+00
 9  3-1.41211538E-02 0.00000000E+00 0.00000000E+00 0.00000000E+00 0.00000000E+00
 9  4 0.00000000E+00 0.00000000E+00-3.55266275E-02 0.00000000E+00-1.47672947E-01
 9  5 2.95525609E-01 3.71616267E-01 8.95739981E-02 0.00000000E+00-2.11352584E-02
 9  6 4.27648405E-02 0.00000000E+00-1.25553925E-02 9.13430418E-03-3.87453352E-03
 9  7-5.25977067E-03 0.00000000E+00-3.58466700E-03 0.00000000E+00 1.47672947E-01
 9  8-2.95525609E-01-3.71616267E-01 8.95739981E-02 0.00000000E+00 2.11352584E-02
 9  9 4.27648405E-02 0.00000000E+00 1.25553925E-02-9.13430418E-03 3.87453352E-03
 9 10 5.25977067E-03 0.00000000E+00-3.58466700E-03 0.00000000E+00
10  1 6.84889087E-02-1.91866204E-01 4.34796502E-01 3.98457777E-01 0.00000000E+00
10  2 0.00000000E+00 7.92176921E-04 0.00000000E+00 0.00000000E+00 6.99759613E-03
10  3 0.00000000E+00 0.00000000E+00-1.40174539E-02-1.99215174E-02 1.35119734E-02
10  4 6.40954406E-03 0.00000000E+00 0.00000000E+00 0.00000000E+00 1.03724437E-01
10  5-2.14884465E-01-3.42040491E-01 1.47529867E-01 0.00000000E+00-3.65960107E-02
10  6 6.97644428E-02 0.00000000E+00-1.30040614E-02 9.30263479E-03-6.06481437E-03
10  7-3.23782042E-03 0.00000000E+00-5.19184387E-03 0.00000000E+00 1.03724437E-01
10  8-2.14884465E-01-3.42040491E-01-1.47529867E-01 0.00000000E+00-3.65960107E-02
10  9-6.97644428E-02 0.00000000E+00-1.30040614E-02 9.30263479E-03-6.06481437E-03
10 10-3.23782042E-03 0.00000000E+00 5.19184387E-03 0.00000000E+00
11  1 0.00000000E+00 0.00000000E+00 0.00000000E+00 0.00000000E+00-1.71209777E-01
11  2 0.00000000E+00 0.00000000E+00 4.04925539E-01 0.00000000E+00 0.00000000E+00
11  3 3.28677965E-02 0.00000000E+00 0.00000000E+00 0.00000000E+00 0.00000000E+00
11  4 0.00000000E+00 0.00000000E+00 3.09857520E-02 0.00000000E+00-6.25622557E-02
11  5 1.33451861E-01 2.07431065E-01-3.58359775E-01 0.00000000E+00 1.06330883E-01
11  6-2.13793488E-01 0.00000000E+00 7.02443308E-02-1.26379293E-02 8.08937632E-03
11  7 4.54855299E-03 0.00000000E+00 9.02273884E-03 0.00000000E+00 6.25622557E-02
11  8-1.33451861E-01-2.07431065E-01-3.58359775E-01 0.00000000E+00-1.06330883E-01
11  9-2.13793488E-01 0.00000000E+00-7.02443308E-02 1.26379293E-02-8.08937632E-03
11 10-4.54855299E-03 0.00000000E+00 9.02273884E-03 0.00000000E+00
12  1 0.00000000E+00 0.00000000E+00 0.00000000E+00 0.00000000E+00 0.00000000E+00
12  2-2.02409929E-01 0.00000000E+00 0.00000000E+00 4.73677254E-01 0.00000000E+00
12  3 0.00000000E+00 2.79865351E-01 0.00000000E+00 0.00000000E+00 0.00000000E+00
12  4 0.00000000E+00 0.00000000E+00 0.00000000E+00 3.16588162E-02 0.00000000E+00
12  5 0.00000000E+00 0.00000000E+00 0.00000000E+00 3.05880938E-01 0.00000000E+00
12  6 0.00000000E+00 1.86163252E-01 0.00000000E+00 0.00000000E+00 0.00000000E+00
12  7 0.00000000E+00 1.89212820E-02 0.00000000E+00-4.31452324E-03 0.00000000E+00
12  8 0.00000000E+00 0.00000000E+00 0.00000000E+00 3.05880938E-01 0.00000000E+00
12  9 0.00000000E+00 1.86163252E-01 0.00000000E+00 0.00000000E+00 0.00000000E+00
12 10 0.00000000E+00-1.89212820E-02 0.00000000E+00-4.31452324E-03
13  1-8.95063989E-03 3.27027930E-02-4.70235403E-02-1.22291503E-01 0.00000000E+00
13  2 0.00000000E+00-2.00378294E-01 0.00000000E+00 0.00000000E+00 4.67489912E-01
13  3 0.00000000E+00 0.00000000E+00 2.67851046E-01-2.35742135E-02-1.56633768E-02
13  4 3.92375902E-02 0.00000000E+00 0.00000000E+00 0.00000000E+00 9.37501698E-03
13  5-1.87419873E-02-3.90445569E-02 1.56463824E-01 0.00000000E+00 2.63638629E-01
13  6 1.01449153E-01 0.00000000E+00 1.61743552E-01 1.22276299E-02-2.98304850E-03
13  7-9.24458141E-03 0.00000000E+00 1.43914882E-02 0.00000000E+00 9.37501698E-03
13  8-1.87419873E-02-3.90445569E-02-1.56463824E-01 0.00000000E+00 2.63638629E-01
13  9-1.01449153E-01 0.00000000E+00 1.61743552E-01 1.22276299E-02-2.98304850E-03
13 10-9.24458141E-03 0.00000000E+00-1.43914882E-02 0.00000000E+00
14  1 0.00000000E+00 0.00000000E+00 0.00000000E+00 0.00000000E+00 0.00000000E+00
14  2 0.00000000E+00 0.00000000E+00 0.00000000E+00 0.00000000E+00 0.00000000E+00
14  3 0.00000000E+00 0.00000000E+00 0.00000000E+00 0.00000000E+00 0.00000000E+00
14  4 0.00000000E+00-1.11472749E-01 0.00000000E+00 0.00000000E+00 0.00000000E+00
14  5 0.00000000E+00 0.00000000E+00 0.00000000E+00 4.64802142E-01 0.00000000E+00
14  6 0.00000000E+00 3.30454043E-01 0.00000000E+00 0.00000000E+00 0.00000000E+00
14  7 0.00000000E+00 1.71029873E-02 0.00000000E+00-4.26231722E-03 0.00000000E+00
14  8 0.00000000E+00 0.00000000E+00 0.00000000E+00-4.64802142E-01 0.00000000E+00
14  9 0.00000000E+00-3.30454043E-01 0.00000000E+00 0.00000000E+00 0.00000000E+00
14 10 0.00000000E+00 1.71029873E-02 0.00000000E+00 4.26231722E-03
15  1 0.00000000E+00 0.00000000E+00 0.00000000E+00 0.00000000E+00-1.75898136E-02
15  2 0.00000000E+00 0.00000000E+00 3.86167149E-02 0.00000000E+00 0.00000000E+00
15  3 6.68230691E-02 0.00000000E+00 0.00000000E+00 0.00000000E+00 0.00000000E+00
15  4 0.00000000E+00 0.00000000E+00-1.06247120E-01 0.00000000E+00-1.55903056E-03
15  5 1.09484504E-03 2.68436330E-02 1.57382500E-01 0.00000000E+00 4.36702898E-01
15  6 1.12903335E-01 0.00000000E+00 3.08244449E-01 5.96988288E-03 6.99924961E-04
15  7-6.66980784E-03 0.00000000E+00 1.62147144E-02 0.00000000E+00 1.55903056E-03
15  8-1.09484504E-03-2.68436330E-02 1.57382500E-01 0.00000000E+00-4.36702898E-01
15  9 1.12903335E-01 0.00000000E+00-3.08244449E-01-5.96988288E-03-6.99924961E-04
15 10 6.66980784E-03 0.00000000E+00 1.62147144E-02 0.00000000E+00
16  1 2.58737396E-02-1.14106658E-01 1.15751247E-01 5.67438209E-01 0.00000000E+00
16  2 0.00000000E+00 8.73120723E-02 0.00000000E+00 0.00000000E+00-2.12516073E-01
16  3 0.00000000E+00 0.00000000E+00-9.36257715E-02-1.60965712E-01 8.03342050E-02
16  4 8.06315068E-02 0.00000000E+00 0.00000000E+00 0.00000000E+00 6.25236960E-03
16  5-1.80474359E-02-6.41191829E-02-2.89982313E-01 0.00000000E+00 3.36073589E-01
16  6-2.12170371E-01 0.00000000E+00 2.45903638E-01-3.15631978E-03 2.67371225E-03
16  7 4.82607528E-04 0.00000000E+00 6.32604780E-03 0.00000000E+00 6.25236960E-03
16  8-1.80474359E-02-6.41191829E-02 2.89982313E-01 0.00000000E+00 3.36073589E-01
16  9 2.12170371E-01 0.00000000E+00 2.45903638E-01-3.15631978E-03 2.67371225E-03
16 10 4.82607528E-04 0.00000000E+00-6.32604780E-03 0.00000000E+00
17  1 0.00000000E+00 0.00000000E+00 0.00000000E+00 0.00000000E+00 0.00000000E+00
17  2-2.10832922E-01 0.00000000E+00 0.00000000E+00 5.30664244E-01 0.00000000E+00
17  3 0.00000000E+00 4.27531016E-01 0.00000000E+00 0.00000000E+00 0.00000000E+00
17  4 0.00000000E+00 0.00000000E+00 0.00000000E+00-1.47434932E-02 0.00000000E+00
17  5 0.00000000E+00 0.00000000E+00 0.00000000E+00-3.94144766E-01 0.00000000E+00
17  6 0.00000000E+00-3.11954076E-01 0.00000000E+00 0.00000000E+00 0.00000000E+00
17  7 0.00000000E+00-4.27854676E-04 0.00000000E+00-3.86787670E-04 0.00000000E+00
17  8 0.00000000E+00 0.00000000E+00 0.00000000E+00-3.94144766E-01 0.00000000E+00
17  9 0.00000000E+00-3.11954076E-01 0.00000000E+00 0.00000000E+00 0.00000000E+00
17 10 0.00000000E+00 4.27854676E-04 0.00000000E+00-3.86787670E-04
18  1 1.89527989E-02-7.55573030E-02 9.93803805E-02 4.35209274E-01 0.00000000E+00
18  2 0.00000000E+00-1.91325401E-01 0.00000000E+00 0.00000000E+00 4.89453101E-01
18  3 0.00000000E+00 0.00000000E+00 4.68733366E-01-1.14411051E-01 7.60730401E-02
18  4 3.83380111E-02 0.00000000E+00 0.00000000E+00 0.00000000E+00 2.30539500E-02
18  5-4.98866055E-02-1.65777414E-01-3.30525584E-01 0.00000000E+00-2.34363277E-01
18  6-2.76768369E-01 0.00000000E+00-1.90184419E-01-5.21917003E-04 1.30527306E-03
18  7-7.83356052E-04 0.00000000E+00 2.93749085E-03 0.00000000E+00 2.30539500E-02
18  8-4.98866055E-02-1.65777414E-01 3.30525584E-01 0.00000000E+00-2.34363277E-01
18  9 2.76768369E-01 0.00000000E+00-1.90184419E-01-5.21917003E-04 1.30527306E-03
18 10-7.83356052E-04 0.00000000E+00-2.93749085E-03 0.00000000E+00
19  1 0.00000000E+00 0.00000000E+00 0.00000000E+00 0.00000000E+00-1.94048394E-01
19  2 0.00000000E+00 0.00000000E+00 5.10000402E-01 0.00000000E+00 0.00000000E+00
19  3 1.30910392E+00 0.00000000E+00 0.00000000E+00 0.00000000E+00 0.00000000E+00
19  4 0.00000000E+00 0.00000000E+00-1.54161282E-01 0.00000000E+00-6.96213754E-02
19  5 1.20105357E-01 7.04754354E-01 2.18298485E-01 0.00000000E+00-1.94555084E-01
19  6 3.66448469E-01 0.00000000E+00-1.97290164E-01 7.61375060E-03-9.29243783E-04
19  7-6.68450682E-03 0.00000000E+00 6.64829050E-03 0.00000000E+00 6.96213754E-02
19  8-1.20105357E-01-7.04754354E-01 2.18298485E-01 0.00000000E+00 1.94555084E-01
19  9 3.66448469E-01 0.00000000E+00 1.97290164E-01-7.61375060E-03 9.29243783E-04
19 10 6.68450682E-03 0.00000000E+00 6.64829050E-03 0.00000000E+00
20  1-3.85402678E-02-1.63436261E-01-6.23393534E-01 9.47182061E-01 0.00000000E+00
20  2 0.00000000E+00 2.65897605E-01 0.00000000E+00 0.00000000E+00-1.02890958E+00
20  3 0.00000000E+00 0.00000000E+00 1.24185043E+00 5.76404467E-02 1.03348955E-01
20  4-1.60989402E-01 0.00000000E+00 0.00000000E+00 0.00000000E+00 1.24416760E-02
20  5-6.90996962E-03-2.76318727E-01 8.27823048E-02 0.00000000E+00-1.10918122E-01
20  6-1.61465521E-01 0.00000000E+00-5.93708289E-02-3.93111912E-02 2.03777539E-02
20  7 1.89334374E-02 0.00000000E+00-2.26314403E-03 0.00000000E+00 1.24416760E-02
20  8-6.90996962E-03-2.76318727E-01-8.27823048E-02 0.00000000E+00-1.10918122E-01
20  9 1.61465521E-01 0.00000000E+00-5.93708289E-02-3.93111912E-02 2.03777539E-02
20 10 1.89334374E-02 0.00000000E+00 2.26314403E-03 0.00000000E+00
21  1 0.00000000E+00 0.00000000E+00 0.00000000E+00 0.00000000E+00 0.00000000E+00
21  2 2.89262361E-01 0.00000000E+00 0.00000000E+00-1.12377336E+00 0.00000000E+00
21  3 0.00000000E+00 1.25501563E+00 0.00000000E+00 0.00000000E+00 0.00000000E+00
21  4 0.00000000E+00 0.00000000E+00 0.00000000E+00-1.54247758E-01 0.00000000E+00
21  5 0.00000000E+00 0.00000000E+00 0.00000000E+00-8.05597835E-02 0.00000000E+00
21  6 0.00000000E+00-1.06701297E-01 0.00000000E+00 0.00000000E+00 0.00000000E+00
21  7 0.00000000E+00-2.17991867E-02 0.00000000E+00 2.17027483E-03 0.00000000E+00
21  8 0.00000000E+00 0.00000000E+00 0.00000000E+00-8.05597835E-02 0.00000000E+00
21  9 0.00000000E+00-1.06701297E-01 0.00000000E+00 0.00000000E+00 0.00000000E+00
21 10 0.00000000E+00 2.17991867E-02 0.00000000E+00 2.17027483E-03
22  1 0.00000000E+00 0.00000000E+00 0.00000000E+00 0.00000000E+00 2.97990946E-01
22  2 0.00000000E+00 0.00000000E+00-1.10266752E+00 0.00000000E+00 0.00000000E+00
22  3 1.57280728E+00 0.00000000E+00 0.00000000E+00 0.00000000E+00 0.00000000E+00
22  4 0.00000000E+00 0.00000000E+00 7.15528607E-02 0.00000000E+00-1.25210323E-02
22  5-3.88199544E-02 5.75079886E-01-2.97567837E-01 0.00000000E+00 5.11230448E-02
22  6 1.22785082E-01 0.00000000E+00-6.00586235E-02 4.51369557E-02-2.69934295E-02
22  7-1.81435262E-02 0.00000000E+00-2.78913045E-02 0.00000000E+00 1.25210323E-02
22  8 3.88199544E-02-5.75079886E-01-2.97567837E-01 0.00000000E+00-5.11230448E-02
22  9 1.22785082E-01 0.00000000E+00 6.00586235E-02-4.51369557E-02 2.69934295E-02
22 10 1.81435262E-02 0.00000000E+00-2.78913045E-02 0.00000000E+00
23  1-1.09419099E-01-3.71851515E-01-1.65777521E+00 1.98329368E+00 0.00000000E+00
23  2 0.00000000E+00-1.03132225E-01 0.00000000E+00 0.00000000E+00 4.03326317E-01
23  3 0.00000000E+00 0.00000000E+00-3.59186756E-01-1.36837104E-01 3.17747147E-02
23  4 1.05062389E-01 0.00000000E+00 0.00000000E+00 0.00000000E+00 9.86836074E-03
23  5-2.32610830E-02-2.23802301E-01 1.13921907E-01 0.00000000E+00-5.15290685E-02
23  6-1.23102237E-01 0.00000000E+00 7.37290786E-02-3.80266968E-02 2.37913337E-02
23  7 1.42353631E-02 0.00000000E+00 3.24668108E-02 0.00000000E+00 9.86836074E-03
23  8-2.32610830E-02-2.23802301E-01-1.13921907E-01 0.00000000E+00-5.15290685E-02
23  9 1.23102237E-01 0.00000000E+00 7.37290786E-02-3.80266968E-02 2.37913337E-02
23 10 1.42353631E-02 0.00000000E+00-3.24668108E-02 0.00000000E+00
24  1 0.00000000E+00 0.00000000E+00 0.00000000E+00 0.00000000E+00 0.00000000E+00
24  2 0.00000000E+00 0.00000000E+00 0.00000000E+00 0.00000000E+00 0.00000000E+00
24  3 0.00000000E+00 0.00000000E+00 0.00000000E+00 0.00000000E+00 0.00000000E+00
24  4 0.00000000E+00 8.39056382E-01 0.00000000E+00 0.00000000E+00 0.00000000E+00
24  5 0.00000000E+00 0.00000000E+00 0.00000000E+00 3.78272403E-01 0.00000000E+00
24  6 0.00000000E+00-1.60304852E-01 0.00000000E+00 0.00000000E+00 0.00000000E+00
24  7 0.00000000E+00-6.05298958E-02 0.00000000E+00 2.21288871E-02 0.00000000E+00
24  8 0.00000000E+00 0.00000000E+00 0.00000000E+00-3.78272403E-01 0.00000000E+00
24  9 0.00000000E+00 1.60304852E-01 0.00000000E+00 0.00000000E+00 0.00000000E+00
24 10 0.00000000E+00-6.05298958E-02 0.00000000E+00-2.21288871E-02
25  1 0.00000000E+00 0.00000000E+00 0.00000000E+00 0.00000000E+00 0.00000000E+00
25  2 4.86917183E-02 0.00000000E+00 0.00000000E+00-1.86323929E-01 0.00000000E+00
25  3 0.00000000E+00 1.57942381E-01 0.00000000E+00 0.00000000E+00 0.00000000E+00
25  4 0.00000000E+00 0.00000000E+00 0.00000000E+00 9.69038631E-01 0.00000000E+00
25  5 0.00000000E+00 0.00000000E+00 0.00000000E+00-1.35314990E-01 0.00000000E+00
25  6 0.00000000E+00 4.94590771E-02 0.00000000E+00 0.00000000E+00 0.00000000E+00
25  7 0.00000000E+00 2.15733246E-02 0.00000000E+00 2.15472598E-02 0.00000000E+00
25  8 0.00000000E+00 0.00000000E+00 0.00000000E+00-1.35314990E-01 0.00000000E+00
25  9 0.00000000E+00 4.94590771E-02 0.00000000E+00 0.00000000E+00 0.00000000E+00
25 10 0.00000000E+00-2.15733246E-02 0.00000000E+00 2.15472598E-02
26  1 9.34985668E-04-4.60119615E-03 4.42098964E-03 3.79621553E-02 0.00000000E+00
26  2 0.00000000E+00 5.05062186E-02 0.00000000E+00 0.00000000E+00-1.93000802E-01
26  3 0.00000000E+00 0.00000000E+00 1.76651762E-01-2.82038582E-02-8.22106262E-01
26  4 8.50310120E-01 0.00000000E+00 0.00000000E+00 0.00000000E+00 2.01619179E-03
26  5-4.33098757E-03-2.73988421E-02-3.05014240E-02 0.00000000E+00-1.39451424E-01
26  6-6.12801343E-03 0.00000000E+00 5.50286978E-02 5.51731090E-03-2.12054814E-02
26  7 1.56881705E-02 0.00000000E+00 2.15830957E-02 0.00000000E+00 2.01619179E-03
26  8-4.33098757E-03-2.73988421E-02 3.05014240E-02 0.00000000E+00-1.39451424E-01
26  9 6.12801343E-03 0.00000000E+00 5.50286978E-02 5.51731090E-03-2.12054814E-02
26 10 1.56881705E-02 0.00000000E+00-2.15830957E-02 0.00000000E+00
27  1 0.00000000E+00 0.00000000E+00 0.00000000E+00 0.00000000E+00-7.53068505E-02
27  2 0.00000000E+00 0.00000000E+00 3.12345616E-01 0.00000000E+00 0.00000000E+00
27  3 5.49531791E-01 0.00000000E+00 0.00000000E+00 0.00000000E+00 0.00000000E+00
27  4 0.00000000E+00 0.00000000E+00 8.33724248E-01 0.00000000E+00-4.79381895E-02
27  5 1.72523601E-01 3.07280107E-01 5.91835152E-02 0.00000000E+00 3.27159985E-01
27  6 4.04604119E-01 0.00000000E+00-3.19137409E-01-3.23911695E-02-3.59609574E-04
27  7 3.27507791E-02 0.00000000E+00-4.45867854E-02 0.00000000E+00 4.79381895E-02
27  8-1.72523601E-01-3.07280107E-01 5.91835152E-02 0.00000000E+00-3.27159985E-01
27  9 4.04604119E-01 0.00000000E+00 3.19137409E-01 3.23911695E-02 3.59609574E-04
27 10-3.27507791E-02 0.00000000E+00-4.45867854E-02 0.00000000E+00
28  1 5.69427191E-03-5.63950986E-02 6.54091109E-03 1.18873382E+00 0.00000000E+00
28  2 0.00000000E+00-4.62531168E-02 0.00000000E+00 0.00000000E+00 2.24010606E-01
28  3 0.00000000E+00 0.00000000E+00 1.27845630E-01 6.99581589E-01-4.01468574E-01
28  4-2.98113015E-01 0.00000000E+00 0.00000000E+00 0.00000000E+00 6.08323984E-02
28  5-2.31478180E-01-3.15209285E-01 3.48437039E-01 0.00000000E+00-2.50165609E-03
28  6-1.01116227E+00 0.00000000E+00 1.93486237E-01 9.68909443E-03-1.15581445E-02
28  7 1.86905002E-03 0.00000000E+00-1.92753749E-02 0.00000000E+00 6.08323984E-02
28  8-2.31478180E-01-3.15209285E-01-3.48437039E-01 0.00000000E+00-2.50165609E-03
28  9 1.01116227E+00 0.00000000E+00 1.93486237E-01 9.68909443E-03-1.15581445E-02
28 10 1.86905002E-03 0.00000000E+00 1.92753749E-02 0.00000000E+00
29  1 0.00000000E+00 0.00000000E+00 0.00000000E+00 0.00000000E+00-6.30596160E-02
29  2 0.00000000E+00 0.00000000E+00 4.25918755E-01 0.00000000E+00 0.00000000E+00
29  3-1.72794239E-01 0.00000000E+00 0.00000000E+00 0.00000000E+00 0.00000000E+00
29  4 0.00000000E+00 0.00000000E+00 2.47709478E-01 0.00000000E+00-1.36912644E-02
29  5 2.34220843E-02 3.44315017E-02-4.64148641E-01 0.00000000E+00-3.54429489E-01
29  6 7.59924385E-01 0.00000000E+00 4.11754733E-01-4.61342140E-02 2.01207193E-02
29  7 2.60134946E-02 0.00000000E+00-3.34403355E-04 0.00000000E+00 1.36912644E-02
29  8-2.34220843E-02-3.44315017E-02-4.64148641E-01 0.00000000E+00 3.54429489E-01
29  9 7.59924385E-01 0.00000000E+00-4.11754733E-01 4.61342140E-02-2.01207193E-02
29 10-2.60134946E-02 0.00000000E+00-3.34403355E-04 0.00000000E+00
30  1 0.00000000E+00 0.00000000E+00 0.00000000E+00 0.00000000E+00 0.00000000E+00
30  2 0.00000000E+00 0.00000000E+00 0.00000000E+00 0.00000000E+00 0.00000000E+00
30  3 0.00000000E+00 0.00000000E+00 0.00000000E+00 0.00000000E+00 0.00000000E+00
30  4 0.00000000E+00 5.61338805E-01 0.00000000E+00 0.00000000E+00 0.00000000E+00
30  5 0.00000000E+00 0.00000000E+00 0.00000000E+00-5.34032451E-01 0.00000000E+00
30  6 0.00000000E+00 7.63339738E-01 0.00000000E+00 0.00000000E+00 0.00000000E+00
30  7 0.00000000E+00-6.44788692E-02 0.00000000E+00 2.20200380E-02 0.00000000E+00
30  8 0.00000000E+00 0.00000000E+00 0.00000000E+00 5.34032451E-01 0.00000000E+00
30  9 0.00000000E+00-7.63339738E-01 0.00000000E+00 0.00000000E+00 0.00000000E+00
30 10 0.00000000E+00-6.44788692E-02 0.00000000E+00-2.20200380E-02
31  1 1.01218803E-02 5.44786283E-02 1.84488069E-01-1.15640140E-01 0.00000000E+00
31  2 0.00000000E+00-2.53927028E-02 0.00000000E+00 0.00000000E+00 1.36907559E-01
31  3 0.00000000E+00 0.00000000E+00-6.31345526E-01 5.43622779E-02 1.41620401E-01
31  4-1.95982679E-01 0.00000000E+00 0.00000000E+00 0.00000000E+00-6.20253612E-03
31  5 8.72051565E-02-1.15822965E-02-5.95027896E-02 0.00000000E+00-6.12765842E-01
31  6 9.60544284E-02 0.00000000E+00 8.82437149E-01 2.94917925E-03-2.50273289E-03
31  7-4.46446355E-04 0.00000000E+00-3.56154125E-02 0.00000000E+00-6.20253612E-03
31  8 8.72051565E-02-1.15822965E-02 5.95027896E-02 0.00000000E+00-6.12765842E-01
31  9-9.60544284E-02 0.00000000E+00 8.82437149E-01 2.94917925E-03-2.50273289E-03
31 10-4.46446355E-04 0.00000000E+00 3.56154125E-02 0.00000000E+00
32  1 0.00000000E+00 0.00000000E+00 0.00000000E+00 0.00000000E+00 3.01759225E-02
32  2 0.00000000E+00 0.00000000E+00-3.04905617E-01 0.00000000E+00 0.00000000E+00
32  3 1.22894639E-01 0.00000000E+00 0.00000000E+00 0.00000000E+00 0.00000000E+00
32  4 0.00000000E+00 0.00000000E+00 5.53485777E-01 0.00000000E+00 3.35117468E-03
32  5-6.47440024E-02 1.10048957E-01 3.83108315E-01 0.00000000E+00-4.09814457E-01
32  6-4.25014547E-01 0.00000000E+00 6.02235196E-01-3.59387943E-03-1.94673863E-02
32  7 2.30612657E-02 0.00000000E+00-7.20150386E-02 0.00000000E+00-3.35117468E-03
32  8 6.47440024E-02-1.10048957E-01 3.83108315E-01 0.00000000E+00 4.09814457E-01
32  9-4.25014547E-01 0.00000000E+00-6.02235196E-01 3.59387943E-03 1.94673863E-02
32 10-2.30612657E-02 0.00000000E+00-7.20150386E-02 0.00000000E+00
33  1 0.00000000E+00 0.00000000E+00 0.00000000E+00 0.00000000E+00 0.00000000E+00
33  2-2.45702192E-02 0.00000000E+00 0.00000000E+00 1.18975112E-01 0.00000000E+00
33  3 0.00000000E+00-6.46132528E-01 0.00000000E+00 0.00000000E+00 0.00000000E+00
33  4 0.00000000E+00 0.00000000E+00 0.00000000E+00-1.90820659E-01 0.00000000E+00
33  5 0.00000000E+00 0.00000000E+00 0.00000000E+00-6.21450352E-01 0.00000000E+00
33  6 0.00000000E+00 9.04926841E-01 0.00000000E+00 0.00000000E+00 0.00000000E+00
33  7 0.00000000E+00-3.24757209E-02 0.00000000E+00 6.80468053E-04 0.00000000E+00
33  8 0.00000000E+00 0.00000000E+00 0.00000000E+00-6.21450352E-01 0.00000000E+00
33  9 0.00000000E+00 9.04926841E-01 0.00000000E+00 0.00000000E+00 0.00000000E+00
33 10 0.00000000E+00 3.24757209E-02 0.00000000E+00 6.80468053E-04
34  1-3.16075421E-02-2.19751455E-01-6.36897340E-01 7.61656352E-01 0.00000000E+00
34  2 0.00000000E+00-2.30266419E-02 0.00000000E+00 0.00000000E+00 4.29397868E-02
34  3 0.00000000E+00 0.00000000E+00-5.77249198E-03 8.98530957E-01-4.77595758E-01
34  4-4.20935199E-01 0.00000000E+00 0.00000000E+00 0.00000000E+00 3.10784942E-02
34  5-9.42170828E-02-2.50921290E-01-5.31736218E-01 0.00000000E+00 9.24481189E-02
34  6 2.86029453E-01 0.00000000E+00 7.98203971E-02-2.83730506E-02-4.02472282E-03
34  7 3.23977734E-02 0.00000000E+00-5.51493898E-02 0.00000000E+00 3.10784942E-02
34  8-9.42170828E-02-2.50921290E-01 5.31736218E-01 0.00000000E+00 9.24481189E-02
34  9-2.86029453E-01 0.00000000E+00 7.98203971E-02-2.83730506E-02-4.02472282E-03
34 10 3.23977734E-02 0.00000000E+00 5.51493898E-02 0.00000000E+00
35  1-1.71644557E-02-1.95308849E-01-4.14860890E-01 1.72268762E+00 0.00000000E+00
35  2 0.00000000E+00-9.15024896E-03 0.00000000E+00 0.00000000E+00 7.02335723E-02
35  3 0.00000000E+00 0.00000000E+00 4.05064838E-01 3.72455734E-01-2.28498720E-01
35  4-1.43957014E-01 0.00000000E+00 0.00000000E+00 0.00000000E+00-8.51589878E-03
35  5 1.14950819E+00-1.67630972E+00 7.27764743E-02 0.00000000E+00 5.47799554E-02
35  6-6.41670222E-01 0.00000000E+00-4.18223079E-04 1.79653623E-01-1.02281282E-01
35  7-7.73723409E-02 0.00000000E+00-5.99631157E-02 0.00000000E+00-8.51589878E-03
35  8 1.14950819E+00-1.67630972E+00-7.27764743E-02 0.00000000E+00 5.47799554E-02
35  9 6.41670222E-01 0.00000000E+00-4.18223079E-04 1.79653623E-01-1.02281282E-01
35 10-7.73723409E-02 0.00000000E+00 5.99631157E-02 0.00000000E+00
36  1 0.00000000E+00 0.00000000E+00 0.00000000E+00 0.00000000E+00-2.54641004E-02
36  2 0.00000000E+00 0.00000000E+00 2.02078942E-01 0.00000000E+00 0.00000000E+00
36  3 1.54864213E+00 0.00000000E+00 0.00000000E+00 0.00000000E+00 0.00000000E+00
36  4 0.00000000E+00 0.00000000E+00 2.09020301E-01 0.00000000E+00-6.59067410E-04
36  5-1.24703258E+00 2.08450166E+00-3.24198606E-02 0.00000000E+00 8.04025747E-02
36  6 5.10573635E-01 0.00000000E+00-3.02339815E-01-1.94787666E-01 1.05075396E-01
36  7 8.97122699E-02 0.00000000E+00 1.03733803E-01 0.00000000E+00 6.59067410E-04
36  8 1.24703258E+00-2.08450166E+00-3.24198606E-02 0.00000000E+00-8.04025747E-02
36  9 5.10573635E-01 0.00000000E+00 3.02339815E-01 1.94787666E-01-1.05075396E-01
36 10-8.97122699E-02 0.00000000E+00 1.03733803E-01 0.00000000E+00
37  1 0.00000000E+00 0.00000000E+00 0.00000000E+00 0.00000000E+00 3.18137841E-04
37  2 0.00000000E+00 0.00000000E+00-2.50914026E-03 0.00000000E+00 0.00000000E+00
37  3 1.90660323E-02 0.00000000E+00 0.00000000E+00 0.00000000E+00 0.00000000E+00
37  4 0.00000000E+00 0.00000000E+00-2.11149191E-02 0.00000000E+00 3.78467478E-04
37  5-1.11441888E-02 1.66906706E-02-3.24968767E-04 0.00000000E+00 5.37199057E-03
37  6-1.28973378E-05 0.00000000E+00-9.28909613E-03-8.43352268E-02 6.12365187E-01
37  7-5.28029960E-01 0.00000000E+00-2.43946798E-01 0.00000000E+00-3.78467478E-04
37  8 1.11441888E-02-1.66906706E-02-3.24968767E-04 0.00000000E+00-5.37199057E-03
37  9-1.28973378E-05 0.00000000E+00 9.28909613E-03 8.43352268E-02-6.12365187E-01
37 10 5.28029960E-01 0.00000000E+00-2.43946798E-01 0.00000000E+00
38  1 0.00000000E+00 0.00000000E+00 0.00000000E+00 0.00000000E+00 0.00000000E+00
38  2 0.00000000E+00 0.00000000E+00 0.00000000E+00 0.00000000E+00 0.00000000E+00
38  3 0.00000000E+00 0.00000000E+00 0.00000000E+00 0.00000000E+00 0.00000000E+00
38  4 0.00000000E+00 2.10090772E-02 0.00000000E+00 0.00000000E+00 0.00000000E+00
38  5 0.00000000E+00 0.00000000E+00 0.00000000E+00-3.78103817E-03 0.00000000E+00
38  6 0.00000000E+00 6.51011168E-03 0.00000000E+00 0.00000000E+00 0.00000000E+00
38  7 0.00000000E+00 2.56173820E-01 0.00000000E+00 6.59162023E-01 0.00000000E+00
38  8 0.00000000E+00 0.00000000E+00 0.00000000E+00 3.78103817E-03 0.00000000E+00
38  9 0.00000000E+00-6.51011168E-03 0.00000000E+00 0.00000000E+00 0.00000000E+00
38 10 0.00000000E+00 2.56173820E-01 0.00000000E+00-6.59162023E-01
39  1 0.00000000E+00 0.00000000E+00 0.00000000E+00 0.00000000E+00 0.00000000E+00
39  2-1.61976310E-02 0.00000000E+00 0.00000000E+00 4.65135175E-02 0.00000000E+00
39  3 0.00000000E+00 3.95461629E-02 0.00000000E+00 0.00000000E+00 0.00000000E+00
39  4 0.00000000E+00 0.00000000E+00 0.00000000E+00-3.74249844E-02 0.00000000E+00
39  5 0.00000000E+00 0.00000000E+00 0.00000000E+00 1.80493705E-02 0.00000000E+00
39  6 0.00000000E+00-3.07845694E-02 0.00000000E+00 0.00000000E+00 0.00000000E+00
39  7 0.00000000E+00-8.79569598E-02 0.00000000E+00 7.02534210E-01 0.00000000E+00
39  8 0.00000000E+00 0.00000000E+00 0.00000000E+00 1.80493705E-02 0.00000000E+00
39  9 0.00000000E+00-3.07845694E-02 0.00000000E+00 0.00000000E+00 0.00000000E+00
39 10 0.00000000E+00 8.79569598E-02 0.00000000E+00 7.02534210E-01
40  1 1.53553899E-03 4.69892355E-03 2.36502372E-02-1.22340824E-02 0.00000000E+00
40  2 0.00000000E+00-6.11471648E-03 0.00000000E+00 0.00000000E+00 2.09117446E-02
40  3 0.00000000E+00 0.00000000E+00 2.69559040E-03-1.97917099E-02 7.25500590E-02
40  4-5.27583491E-02 0.00000000E+00 0.00000000E+00 0.00000000E+00-9.54569095E-04
40  5 1.04413723E-02-4.27448344E-03 1.08141637E-02 0.00000000E+00 5.27867217E-04
40  6-9.77577737E-03 0.00000000E+00-1.18290544E-03-1.62758754E-02-5.95523909E-01
40  7 6.11799784E-01 0.00000000E+00 1.18262960E-01 0.00000000E+00-9.54569095E-04
40  8 1.04413723E-02-4.27448344E-03-1.08141637E-02 0.00000000E+00 5.27867217E-04
40  9 9.77577737E-03 0.00000000E+00-1.18290544E-03-1.62758754E-02-5.95523909E-01
40 10 6.11799784E-01 0.00000000E+00-1.18262960E-01 0.00000000E+00
41  1 0.00000000E+00 0.00000000E+00 0.00000000E+00 0.00000000E+00 0.00000000E+00
41  2 3.86465302E-02 0.00000000E+00 0.00000000E+00-1.07475045E-01 0.00000000E+00
41  3 0.00000000E+00-1.26812170E-01 0.00000000E+00 0.00000000E+00 0.00000000E+00
41  4 0.00000000E+00 0.00000000E+00 0.00000000E+00-1.35904641E-01 0.00000000E+00
41  5 0.00000000E+00 0.00000000E+00 0.00000000E+00-5.41125654E-02 0.00000000E+00
41  6 0.00000000E+00 1.07297587E-01 0.00000000E+00 0.00000000E+00 0.00000000E+00
41  7 0.00000000E+00 7.10305505E-01 0.00000000E+00 8.39291215E-02 0.00000000E+00
41  8 0.00000000E+00 0.00000000E+00 0.00000000E+00-5.41125654E-02 0.00000000E+00
41  9 0.00000000E+00 1.07297587E-01 0.00000000E+00 0.00000000E+00 0.00000000E+00
41 10 0.00000000E+00-7.10305505E-01 0.00000000E+00 8.39291215E-02
42  1-6.08084352E-03 2.59392315E-03-7.00745915E-02-1.57219458E-01 0.00000000E+00
42  2 0.00000000E+00 4.68961451E-02 0.00000000E+00 0.00000000E+00-1.49260951E-01
42  3 0.00000000E+00 0.00000000E+00-1.67571852E-01 9.98263924E-02 5.79558021E-02
42  4-1.57782194E-01 0.00000000E+00 0.00000000E+00 0.00000000E+00 1.71137669E-03
42  5-1.53310844E-01 2.09811010E-01-7.22254815E-02 0.00000000E+00-4.46222068E-02
42  6 1.57324342E-01 0.00000000E+00 1.00631393E-01 4.18053730E-01-1.33102994E-01
42  7-2.84950736E-01 0.00000000E+00 5.72560172E-01 0.00000000E+00 1.71137669E-03
42  8-1.53310844E-01 2.09811010E-01 7.22254815E-02 0.00000000E+00-4.46222068E-02
42  9-1.57324342E-01 0.00000000E+00 1.00631393E-01 4.18053730E-01-1.33102994E-01
42 10-2.84950736E-01 0.00000000E+00-5.72560172E-01 0.00000000E+00
43  1 0.00000000E+00 0.00000000E+00 0.00000000E+00 0.00000000E+00 4.42099178E-02
43  2 0.00000000E+00 0.00000000E+00-2.03220037E-01 0.00000000E+00 0.00000000E+00
43  3-6.51374208E-02 0.00000000E+00 0.00000000E+00 0.00000000E+00 0.00000000E+00
43  4 0.00000000E+00 0.00000000E+00 3.28727367E-01 0.00000000E+00-1.03133770E-03
43  5 1.34627377E-01-1.77904150E-01 4.59755031E-02 0.00000000E+00-5.44702199E-02
43  6-8.19227853E-02 0.00000000E+00 1.34036403E-01 1.77411408E-01 1.36341027E-01
43  7-3.13752435E-01 0.00000000E+00 6.45172513E-01 0.00000000E+00 1.03133770E-03
43  8-1.34627377E-01 1.77904150E-01 4.59755031E-02 0.00000000E+00 5.44702199E-02
43  9-8.19227853E-02 0.00000000E+00-1.34036403E-01-1.77411408E-01-1.36341027E-01
43 10 3.13752435E-01 0.00000000E+00 6.45172513E-01 0.00000000E+00
44  1 0.00000000E+00 0.00000000E+00 0.00000000E+00 0.00000000E+00 0.00000000E+00
44  2 0.00000000E+00 0.00000000E+00 0.00000000E+00 0.00000000E+00 0.00000000E+00
44  3 0.00000000E+00 0.00000000E+00 0.00000000E+00 0.00000000E+00 0.00000000E+00
44  4 0.00000000E+00 4.25598876E-01 0.00000000E+00 0.00000000E+00 0.00000000E+00
44  5 0.00000000E+00 0.00000000E+00 0.00000000E+00-4.08721509E-02 0.00000000E+00
44  6 0.00000000E+00 1.26550995E-01 0.00000000E+00 0.00000000E+00 0.00000000E+00
44  7 0.00000000E+00 6.79020631E-01 0.00000000E+00-2.60924222E-01 0.00000000E+00
44  8 0.00000000E+00 0.00000000E+00 0.00000000E+00 4.08721509E-02 0.00000000E+00
44  9 0.00000000E+00-1.26550995E-01 0.00000000E+00 0.00000000E+00 0.00000000E+00
44 10 0.00000000E+00 6.79020631E-01 0.00000000E+00 2.60924222E-01
45  1 0.00000000E+00 0.00000000E+00 0.00000000E+00 0.00000000E+00-1.93325082E-01
45  2 0.00000000E+00 0.00000000E+00 9.12275939E-01 0.00000000E+00 0.00000000E+00
45  3 4.59321296E-01 0.00000000E+00 0.00000000E+00 0.00000000E+00 0.00000000E+00
45  4 0.00000000E+00 0.00000000E+00 4.06559919E-01 0.00000000E+00-1.94848722E-02
45  5-5.58971550E-01 1.03898278E+00-4.78561361E-02 0.00000000E+00 2.00814336E-02
45  6 5.68453203E-01 0.00000000E+00-1.40980001E-01 7.33921611E-01-3.50570563E-01
45  7-3.83351048E-01 0.00000000E+00-1.89064552E-01 0.00000000E+00 1.94848722E-02
45  8 5.58971550E-01-1.03898278E+00-4.78561361E-02 0.00000000E+00-2.00814336E-02
45  9 5.68453203E-01 0.00000000E+00 1.40980001E-01-7.33921611E-01 3.50570563E-01
45 10 3.83351048E-01 0.00000000E+00-1.89064552E-01 0.00000000E+00
46  1 2.88755716E-02-9.94905479E-02 2.23495761E-01 1.19762982E+00 0.00000000E+00
46  2 0.00000000E+00-5.25379767E-02 0.00000000E+00 0.00000000E+00 2.58738434E-01
46  3 0.00000000E+00 0.00000000E+00 1.23320938E-01 8.45105122E-01-4.51426708E-01
46  4-3.93678415E-01 0.00000000E+00 0.00000000E+00 0.00000000E+00 2.80651781E-02
46  5 5.49304240E-01-1.11713994E+00 2.15842342E-04 0.00000000E+00 5.87033267E-03
46  6-6.63089145E-01 0.00000000E+00 1.91085134E-01-6.47798858E-01 4.03918186E-01
46  7 2.43880671E-01 0.00000000E+00 4.67571890E-01 0.00000000E+00 2.80651781E-02
46  8 5.49304240E-01-1.11713994E+00-2.15842342E-04 0.00000000E+00 5.87033267E-03
46  9 6.63089145E-01 0.00000000E+00 1.91085134E-01-6.47798858E-01 4.03918186E-01
46 10 2.43880671E-01 0.00000000E+00-4.67571890E-01 0.00000000E+00
 $END   
 POPULATION ANALYSIS
S           15.21864   0.78136  15.26649   0.73351
O            8.39068  -0.39068   8.36675  -0.36675
O            8.39068  -0.39068   8.36675  -0.36675
 MOMENTS AT POINT    1 X,Y,Z=  0.000000  0.000000  0.000000
 DIPOLE       0.000000  0.000000 -0.643843
