 $DATA  
Title                                                                           
CNV      2

S          16.0      0.0000000000      0.0000000000     -0.4001110036
   PC1     0
        
O           8.0      1.3856406461      0.0000000000      0.3998889964
   PC1     0
        
 $END      
 $ZMAT   IZMAT(1)=
         1,   3,   1,
         1,   2,   1,
         2,   2,   1,   3,
 $END
--- CLOSED SHELL ORBITALS --- GENERATED AT Thu Feb 26 00:18:08 2015
Title                                                                           
E(R-PBE)=     -548.2466112157, E(NUC)=   96.8891849703,   21 ITERS
 $VEC   
 1  1 1.00297998E+00-1.02844230E-02 1.79478699E-03-8.24474596E-04 0.00000000E+00
 1  2 0.00000000E+00 5.93632434E-05 0.00000000E+00 0.00000000E+00 5.81779711E-05
 1  3 0.00000000E+00 0.00000000E+00-3.00822545E-05 6.03173045E-05-4.20074228E-05
 1  4-1.83098817E-05 0.00000000E+00 0.00000000E+00 0.00000000E+00 7.20990414E-06
 1  5 2.71243339E-05-8.95626123E-06-1.62588979E-05 0.00000000E+00 4.86160774E-06
 1  6-8.17840342E-05 0.00000000E+00 6.80506912E-05-6.93461292E-05 5.96233840E-05
 1  7 9.72274516E-06 0.00000000E+00 9.17570221E-05 0.00000000E+00 7.20990414E-06
 1  8 2.71243339E-05-8.95626123E-06 1.62588979E-05 0.00000000E+00 4.86160774E-06
 1  9 8.17840342E-05 0.00000000E+00 6.80506912E-05-6.93461292E-05 5.96233840E-05
 1 10 9.72274516E-06 0.00000000E+00-9.17570221E-05 0.00000000E+00
 2  1-6.35687238E-05-9.12641485E-04-1.66762887E-03 9.94266587E-03 0.00000000E+00
 2  2 0.00000000E+00-9.81180522E-05 0.00000000E+00 0.00000000E+00 1.04468956E-03
 2  3 0.00000000E+00 0.00000000E+00 4.00590302E-03 1.06633509E-03-1.10821674E-03
 2  4 4.18816526E-05 0.00000000E+00 0.00000000E+00 0.00000000E+00 7.03297964E-01
 2  5 2.58745707E-02-1.28642008E-02 9.13781372E-04 0.00000000E+00-3.41452822E-04
 2  6-3.70036107E-03 0.00000000E+00 1.13448567E-03-4.32434351E-04 2.81969518E-04
 2  7 1.50464832E-04 0.00000000E+00 3.32535186E-04 0.00000000E+00 7.03297964E-01
 2  8 2.58745707E-02-1.28642008E-02-9.13781372E-04 0.00000000E+00-3.41452822E-04
 2  9 3.70036107E-03 0.00000000E+00 1.13448567E-03-4.32434351E-04 2.81969518E-04
 2 10 1.50464832E-04 0.00000000E+00-3.32535186E-04 0.00000000E+00
 3  1 0.00000000E+00 0.00000000E+00 0.00000000E+00 0.00000000E+00 6.39320624E-05
 3  2 0.00000000E+00 0.00000000E+00-1.31865509E-03 0.00000000E+00 0.00000000E+00
 3  3-5.10971960E-03 0.00000000E+00 0.00000000E+00 0.00000000E+00 0.00000000E+00
 3  4 0.00000000E+00 0.00000000E+00-9.37688617E-04 0.00000000E+00 7.03256832E-01
 3  5 2.54423595E-02-1.16612106E-02 7.76383785E-04 0.00000000E+00-5.68364436E-04
 3  6-2.09497542E-03 0.00000000E+00 1.97459469E-03-1.73365478E-04 2.11334114E-04
 3  7-3.79686350E-05 0.00000000E+00 3.26892017E-04 0.00000000E+00-7.03256832E-01
 3  8-2.54423595E-02 1.16612106E-02 7.76383785E-04 0.00000000E+00 5.68364436E-04
 3  9-2.09497542E-03 0.00000000E+00-1.97459469E-03 1.73365478E-04-2.11334114E-04
 3 10 3.79686350E-05 0.00000000E+00 3.26892017E-04 0.00000000E+00
 4  1-2.74086483E-01 1.03945425E+00 4.07110645E-02-1.15414166E-02 0.00000000E+00
 4  2 0.00000000E+00 1.03598103E-02 0.00000000E+00 0.00000000E+00 1.19369360E-03
 4  3 0.00000000E+00 0.00000000E+00-5.38040438E-04 8.11729383E-04-4.72160673E-04
 4  4-3.39568710E-04 0.00000000E+00 0.00000000E+00 0.00000000E+00 2.87952949E-05
 4  5 7.51840610E-06 1.88610310E-04-2.99204545E-04 0.00000000E+00 1.29150605E-04
 4  6-7.71646594E-04 0.00000000E+00 6.93621668E-04-4.84429244E-04 4.27174334E-04
 4  7 5.72549102E-05 0.00000000E+00 6.63567541E-04 0.00000000E+00 2.87952949E-05
 4  8 7.51840610E-06 1.88610310E-04 2.99204545E-04 0.00000000E+00 1.29150605E-04
 4  9 7.71646594E-04 0.00000000E+00 6.93621668E-04-4.84429244E-04 4.27174334E-04
 4 10 5.72549102E-05 0.00000000E+00-6.63567541E-04 0.00000000E+00
 5  1 0.00000000E+00 0.00000000E+00 0.00000000E+00 0.00000000E+00 9.96766631E-01
 5  2 0.00000000E+00 0.00000000E+00 9.15604841E-03 0.00000000E+00 0.00000000E+00
 5  3-2.26074317E-04 0.00000000E+00 0.00000000E+00 0.00000000E+00 0.00000000E+00
 5  4 0.00000000E+00 0.00000000E+00 7.35845969E-04 0.00000000E+00 1.85732962E-04
 5  5-1.90830487E-05-1.54104403E-04-2.31180821E-04 0.00000000E+00 1.40765198E-04
 5  6-8.79857150E-05 0.00000000E+00 1.09266667E-04-2.21907886E-04 2.25478756E-04
 5  7-3.57087027E-06 0.00000000E+00 3.65740384E-04 0.00000000E+00-1.85732962E-04
 5  8 1.90830487E-05 1.54104403E-04-2.31180821E-04 0.00000000E+00-1.40765198E-04
 5  9-8.79857150E-05 0.00000000E+00-1.09266667E-04 2.21907886E-04-2.25478756E-04
 5 10 3.57087027E-06 0.00000000E+00 3.65740384E-04 0.00000000E+00
 6  1 0.00000000E+00 0.00000000E+00 0.00000000E+00 0.00000000E+00 0.00000000E+00
 6  2 9.96889778E-01 0.00000000E+00 0.00000000E+00 8.94098900E-03 0.00000000E+00
 6  3 0.00000000E+00-1.80433805E-04 0.00000000E+00 0.00000000E+00 0.00000000E+00
 6  4 0.00000000E+00 0.00000000E+00 0.00000000E+00 5.62069922E-04 0.00000000E+00
 6  5 0.00000000E+00 0.00000000E+00 0.00000000E+00 2.41551237E-05 0.00000000E+00
 6  6 0.00000000E+00-6.09686473E-05 0.00000000E+00 0.00000000E+00 0.00000000E+00
 6  7 0.00000000E+00 2.84056867E-05 0.00000000E+00-2.75739794E-05 0.00000000E+00
 6  8 0.00000000E+00 0.00000000E+00 0.00000000E+00 2.41551237E-05 0.00000000E+00
 6  9 0.00000000E+00-6.09686473E-05 0.00000000E+00 0.00000000E+00 0.00000000E+00
 6 10 0.00000000E+00-2.84056867E-05 0.00000000E+00-2.75739794E-05
 7  1 2.87615019E-03-1.10392224E-02-1.75153606E-04-5.69078164E-04 0.00000000E+00
 7  2 0.00000000E+00 9.96893190E-01 0.00000000E+00 0.00000000E+00 8.65584338E-03
 7  3 0.00000000E+00 0.00000000E+00-2.78161152E-04-4.63017532E-04-2.38421038E-04
 7  4 7.01438570E-04 0.00000000E+00 0.00000000E+00 0.00000000E+00-1.24463656E-04
 7  5-1.05057853E-04 5.06570446E-04 1.92325026E-04 0.00000000E+00-8.61423353E-05
 7  6 2.55746494E-04 0.00000000E+00-2.38098271E-04 2.32468731E-04-1.76519844E-04
 7  7-5.59488868E-05 0.00000000E+00-2.77846609E-04 0.00000000E+00-1.24463656E-04
 7  8-1.05057853E-04 5.06570446E-04-1.92325026E-04 0.00000000E+00-8.61423353E-05
 7  9-2.55746494E-04 0.00000000E+00-2.38098271E-04 2.32468731E-04-1.76519844E-04
 7 10-5.59488868E-05 0.00000000E+00 2.77846609E-04 0.00000000E+00
 8  1 4.79608936E-02-1.36858021E-01 2.85053976E-01 1.53572768E-01 0.00000000E+00
 8  2 0.00000000E+00-5.14420393E-02 0.00000000E+00 0.00000000E+00 1.01479797E-01
 8  3 0.00000000E+00 0.00000000E+00 1.92098561E-03 3.66990411E-02-2.87401238E-02
 8  4-7.95891728E-03 0.00000000E+00 0.00000000E+00 0.00000000E+00-1.24783076E-01
 8  5 2.47224344E-01 2.96953844E-01 9.19847157E-02 0.00000000E+00-4.90332038E-02
 8  6 4.28189333E-02 0.00000000E+00-2.06854295E-02 9.76842192E-03-5.57755088E-03
 8  7-4.19087104E-03 0.00000000E+00-1.00184853E-02 0.00000000E+00-1.24783076E-01
 8  8 2.47224344E-01 2.96953844E-01-9.19847157E-02 0.00000000E+00-4.90332038E-02
 8  9-4.28189333E-02 0.00000000E+00-2.06854295E-02 9.76842192E-03-5.57755088E-03
 8 10-4.19087104E-03 0.00000000E+00 1.00184853E-02 0.00000000E+00
 9  1 0.00000000E+00 0.00000000E+00 0.00000000E+00 0.00000000E+00 1.06043410E-01
 9  2 0.00000000E+00 0.00000000E+00-2.10492070E-01 0.00000000E+00 0.00000000E+00
 9  3-2.72378279E-02 0.00000000E+00 0.00000000E+00 0.00000000E+00 0.00000000E+00
 9  4 0.00000000E+00 0.00000000E+00-5.98583229E-02 0.00000000E+00-1.48126071E-01
 9  5 3.00383405E-01 3.62981301E-01 7.95318881E-02 0.00000000E+00-5.00661219E-02
 9  6 3.26392139E-02 0.00000000E+00-2.30435596E-02 4.16041110E-03-2.52278527E-03
 9  7-1.63762583E-03 0.00000000E+00-7.78045147E-03 0.00000000E+00 1.48126071E-01
 9  8-3.00383405E-01-3.62981301E-01 7.95318881E-02 0.00000000E+00 5.00661219E-02
 9  9 3.26392139E-02 0.00000000E+00 2.30435596E-02-4.16041110E-03 2.52278527E-03
 9 10 1.63762583E-03 0.00000000E+00-7.78045147E-03 0.00000000E+00
10  1 6.96329615E-02-1.94146006E-01 4.43420901E-01 4.08140889E-01 0.00000000E+00
10  2 0.00000000E+00 3.30513516E-02 0.00000000E+00 0.00000000E+00-6.42804376E-02
10  3 0.00000000E+00 0.00000000E+00-5.54274822E-02-1.37309494E-02 1.67258728E-02
10  4-2.99492342E-03 0.00000000E+00 0.00000000E+00 0.00000000E+00 1.01661467E-01
10  5-2.10770665E-01-3.27641145E-01 1.10191318E-01 0.00000000E+00-7.43516579E-02
10  6 5.21512373E-02 0.00000000E+00-3.03022424E-02 4.82100206E-03-5.57304259E-03
10  7 7.52040528E-04 0.00000000E+00-7.02086502E-03 0.00000000E+00 1.01661467E-01
10  8-2.10770665E-01-3.27641145E-01-1.10191318E-01 0.00000000E+00-7.43516579E-02
10  9-5.21512373E-02 0.00000000E+00-3.03022424E-02 4.82100206E-03-5.57304259E-03
10 10 7.52040528E-04 0.00000000E+00 7.02086502E-03 0.00000000E+00
11  1 0.00000000E+00 0.00000000E+00 0.00000000E+00 0.00000000E+00-1.75862835E-01
11  2 0.00000000E+00 0.00000000E+00 4.18264821E-01 0.00000000E+00 0.00000000E+00
11  3 9.07397233E-02 0.00000000E+00 0.00000000E+00 0.00000000E+00 0.00000000E+00
11  4 0.00000000E+00 0.00000000E+00 4.13450002E-02 0.00000000E+00-6.29642671E-02
11  5 1.26678904E-01 2.34155502E-01-2.80642519E-01 0.00000000E+00 2.33172188E-01
11  6-1.59195807E-01 0.00000000E+00 1.40736107E-01-3.93611783E-03 7.60592575E-03
11  7-3.66980792E-03 0.00000000E+00 1.30642254E-02 0.00000000E+00 6.29642671E-02
11  8-1.26678904E-01-2.34155502E-01-2.80642519E-01 0.00000000E+00-2.33172188E-01
11  9-1.59195807E-01 0.00000000E+00-1.40736107E-01 3.93611783E-03-7.60592575E-03
11 10 3.66980792E-03 0.00000000E+00 1.30642254E-02 0.00000000E+00
12  1 0.00000000E+00 0.00000000E+00 0.00000000E+00 0.00000000E+00 0.00000000E+00
12  2-2.07450994E-01 0.00000000E+00 0.00000000E+00 4.87082524E-01 0.00000000E+00
12  3 0.00000000E+00 2.86113277E-01 0.00000000E+00 0.00000000E+00 0.00000000E+00
12  4 0.00000000E+00 0.00000000E+00 0.00000000E+00 4.20920795E-02 0.00000000E+00
12  5 0.00000000E+00 0.00000000E+00 0.00000000E+00 2.95627987E-01 0.00000000E+00
12  6 0.00000000E+00 1.78584525E-01 0.00000000E+00 0.00000000E+00 0.00000000E+00
12  7 0.00000000E+00 1.74075387E-02 0.00000000E+00-9.57917505E-03 0.00000000E+00
12  8 0.00000000E+00 0.00000000E+00 0.00000000E+00 2.95627987E-01 0.00000000E+00
12  9 0.00000000E+00 1.78584525E-01 0.00000000E+00 0.00000000E+00 0.00000000E+00
12 10 0.00000000E+00-1.74075387E-02 0.00000000E+00-9.57917505E-03
13  1-9.10814301E-03 4.72073673E-02-2.92009960E-02-2.24879845E-01 0.00000000E+00
13  2 0.00000000E+00-2.03426184E-01 0.00000000E+00 0.00000000E+00 4.76454781E-01
13  3 0.00000000E+00 0.00000000E+00 2.27472752E-01-2.74198537E-02-1.94422179E-02
13  4 4.68620715E-02 0.00000000E+00 0.00000000E+00 0.00000000E+00 2.71643601E-02
13  5-5.52162468E-02-1.00474113E-01 2.86947768E-01 0.00000000E+00 1.11545095E-01
13  6 1.84466718E-01 0.00000000E+00 6.88479807E-02 1.84738455E-02-5.41571451E-03
13  7-1.30581310E-02 0.00000000E+00 1.60650974E-03 0.00000000E+00 2.71643601E-02
13  8-5.52162468E-02-1.00474113E-01-2.86947768E-01 0.00000000E+00 1.11545095E-01
13  9-1.84466718E-01 0.00000000E+00 6.88479807E-02 1.84738455E-02-5.41571451E-03
13 10-1.30581310E-02 0.00000000E+00-1.60650974E-03 0.00000000E+00
14  1 0.00000000E+00 0.00000000E+00 0.00000000E+00 0.00000000E+00 0.00000000E+00
14  2 0.00000000E+00 0.00000000E+00 0.00000000E+00 0.00000000E+00 0.00000000E+00
14  3 0.00000000E+00 0.00000000E+00 0.00000000E+00 0.00000000E+00 0.00000000E+00
14  4 0.00000000E+00-1.05889016E-01 0.00000000E+00 0.00000000E+00 0.00000000E+00
14  5 0.00000000E+00 0.00000000E+00 0.00000000E+00 4.67878769E-01 0.00000000E+00
14  6 0.00000000E+00 3.33229313E-01 0.00000000E+00 0.00000000E+00 0.00000000E+00
14  7 0.00000000E+00 1.57219614E-02 0.00000000E+00-1.00417212E-02 0.00000000E+00
14  8 0.00000000E+00 0.00000000E+00 0.00000000E+00-4.67878769E-01 0.00000000E+00
14  9 0.00000000E+00-3.33229313E-01 0.00000000E+00 0.00000000E+00 0.00000000E+00
14 10 0.00000000E+00 1.57219614E-02 0.00000000E+00 1.00417212E-02
15  1 0.00000000E+00 0.00000000E+00 0.00000000E+00 0.00000000E+00-1.55920709E-02
15  2 0.00000000E+00 0.00000000E+00 3.03397693E-02 0.00000000E+00 0.00000000E+00
15  3 1.26646418E-01 0.00000000E+00 0.00000000E+00 0.00000000E+00 0.00000000E+00
15  4 0.00000000E+00 0.00000000E+00-9.53652421E-02 0.00000000E+00-1.30523463E-03
15  5 9.39311390E-04 3.87700944E-02 3.32534865E-01 0.00000000E+00 3.35527138E-01
15  6 2.30191286E-01 0.00000000E+00 2.30107797E-01 1.37856992E-02 2.37911250E-04
15  7-1.40236104E-02 0.00000000E+00 7.30564840E-03 0.00000000E+00 1.30523463E-03
15  8-9.39311390E-04-3.87700944E-02 3.32534865E-01 0.00000000E+00-3.35527138E-01
15  9 2.30191286E-01 0.00000000E+00-2.30107797E-01-1.37856992E-02-2.37911250E-04
15 10 1.40236104E-02 0.00000000E+00 7.30564840E-03 0.00000000E+00
16  1 1.75793722E-02-8.35392984E-02 7.04249354E-02 4.21908800E-01 0.00000000E+00
16  2 0.00000000E+00 8.53221893E-02 0.00000000E+00 0.00000000E+00-2.06962173E-01
16  3 0.00000000E+00 0.00000000E+00-6.16287463E-02-1.30388063E-01 5.09843507E-02
16  4 7.94037127E-02 0.00000000E+00 0.00000000E+00 0.00000000E+00-1.43683748E-03
16  5 3.18049449E-03-2.97959971E-02-5.89610350E-02 0.00000000E+00 4.43712749E-01
16  6-4.49520119E-02 0.00000000E+00 3.25322933E-01 3.56302387E-03 3.85803482E-03
16  7-7.42105869E-03 0.00000000E+00 1.13579731E-02 0.00000000E+00-1.43683748E-03
16  8 3.18049449E-03-2.97959971E-02 5.89610350E-02 0.00000000E+00 4.43712749E-01
16  9 4.49520119E-02 0.00000000E+00 3.25322933E-01 3.56302387E-03 3.85803482E-03
16 10-7.42105869E-03 0.00000000E+00-1.13579731E-02 0.00000000E+00
17  1 0.00000000E+00 0.00000000E+00 0.00000000E+00 0.00000000E+00 0.00000000E+00
17  2-2.06342125E-01 0.00000000E+00 0.00000000E+00 5.19254971E-01 0.00000000E+00
17  3 0.00000000E+00 4.23874467E-01 0.00000000E+00 0.00000000E+00 0.00000000E+00
17  4 0.00000000E+00 0.00000000E+00 0.00000000E+00-5.32512734E-02 0.00000000E+00
17  5 0.00000000E+00 0.00000000E+00 0.00000000E+00-3.91755075E-01 0.00000000E+00
17  6 0.00000000E+00-3.16013332E-01 0.00000000E+00 0.00000000E+00 0.00000000E+00
17  7 0.00000000E+00-2.37693202E-03 0.00000000E+00 4.15749670E-04 0.00000000E+00
17  8 0.00000000E+00 0.00000000E+00 0.00000000E+00-3.91755075E-01 0.00000000E+00
17  9 0.00000000E+00-3.16013332E-01 0.00000000E+00 0.00000000E+00 0.00000000E+00
17 10 0.00000000E+00 2.37693202E-03 0.00000000E+00 4.15749670E-04
18  1 2.84311540E-02-1.04834833E-01 1.63092651E-01 6.43108808E-01 0.00000000E+00
18  2 0.00000000E+00-1.78783097E-01 0.00000000E+00 0.00000000E+00 4.66950603E-01
18  3 0.00000000E+00 0.00000000E+00 6.55560313E-01-1.24542427E-01 1.50298844E-01
18  4-2.57564168E-02 0.00000000E+00 0.00000000E+00 0.00000000E+00 4.27840427E-02
18  5-8.22446648E-02-3.43619182E-01-3.85313835E-01 0.00000000E+00-1.95476294E-02
18  6-3.83378859E-01 0.00000000E+00-1.21760594E-02 2.23029799E-03 3.25677345E-03
18  7-5.48707144E-03 0.00000000E+00 3.91301465E-03 0.00000000E+00 4.27840427E-02
18  8-8.22446648E-02-3.43619182E-01 3.85313835E-01 0.00000000E+00-1.95476294E-02
18  9 3.83378859E-01 0.00000000E+00-1.21760594E-02 2.23029799E-03 3.25677345E-03
18 10-5.48707144E-03 0.00000000E+00-3.91301465E-03 0.00000000E+00
19  1 0.00000000E+00 0.00000000E+00 0.00000000E+00 0.00000000E+00-1.93713963E-01
19  2 0.00000000E+00 0.00000000E+00 4.97028627E-01 0.00000000E+00 0.00000000E+00
19  3 9.81204794E-01 0.00000000E+00 0.00000000E+00 0.00000000E+00 0.00000000E+00
19  4 0.00000000E+00 0.00000000E+00-1.97467471E-01 0.00000000E+00-4.90089034E-02
19  5 8.18399050E-02 4.78460782E-01 1.28709276E-01 0.00000000E+00-2.88241148E-01
19  6 1.76052144E-01 0.00000000E+00-2.88560553E-01 4.79519736E-03 1.68901836E-03
19  7-6.48421572E-03 0.00000000E+00 2.48462238E-03 0.00000000E+00 4.90089034E-02
19  8-8.18399050E-02-4.78460782E-01 1.28709276E-01 0.00000000E+00 2.88241148E-01
19  9 1.76052144E-01 0.00000000E+00 2.88560553E-01-4.79519736E-03-1.68901836E-03
19 10 6.48421572E-03 0.00000000E+00 2.48462238E-03 0.00000000E+00
20  1-2.62110533E-03-5.42654097E-02-9.38183660E-02 4.19999652E-01 0.00000000E+00
20  2 0.00000000E+00 2.77135243E-01 0.00000000E+00 0.00000000E+00-1.05915750E+00
20  3 0.00000000E+00 0.00000000E+00 1.36242828E+00 1.77881980E-01 7.95200103E-02
20  4-2.57401990E-01 0.00000000E+00 0.00000000E+00 0.00000000E+00 1.26929392E-02
20  5 1.53047531E-02-3.53343146E-01 1.23515480E-01 0.00000000E+00-6.91089941E-02
20  6-1.85822052E-01 0.00000000E+00-3.80472269E-02-3.89885096E-02 1.81219802E-02
20  7 2.08665293E-02 0.00000000E+00 5.51577490E-03 0.00000000E+00 1.26929392E-02
20  8 1.53047531E-02-3.53343146E-01-1.23515480E-01 0.00000000E+00-6.91089941E-02
20  9 1.85822052E-01 0.00000000E+00-3.80472269E-02-3.89885096E-02 1.81219802E-02
20 10 2.08665293E-02 0.00000000E+00-5.51577490E-03 0.00000000E+00
21  1 0.00000000E+00 0.00000000E+00 0.00000000E+00 0.00000000E+00 0.00000000E+00
21  2 2.85908925E-01 0.00000000E+00 0.00000000E+00-1.10891976E+00 0.00000000E+00
21  3 0.00000000E+00 1.24025686E+00 0.00000000E+00 0.00000000E+00 0.00000000E+00
21  4 0.00000000E+00 0.00000000E+00 0.00000000E+00-2.20096055E-01 0.00000000E+00
21  5 0.00000000E+00 0.00000000E+00 0.00000000E+00-4.43610393E-02 0.00000000E+00
21  6 0.00000000E+00-1.16538413E-01 0.00000000E+00 0.00000000E+00 0.00000000E+00
21  7 0.00000000E+00-2.44206554E-02 0.00000000E+00 8.69478537E-03 0.00000000E+00
21  8 0.00000000E+00 0.00000000E+00 0.00000000E+00-4.43610393E-02 0.00000000E+00
21  9 0.00000000E+00-1.16538413E-01 0.00000000E+00 0.00000000E+00 0.00000000E+00
21 10 0.00000000E+00 2.44206554E-02 0.00000000E+00 8.69478537E-03
22  1 0.00000000E+00 0.00000000E+00 0.00000000E+00 0.00000000E+00 2.92709046E-01
22  2 0.00000000E+00 0.00000000E+00-1.09477947E+00 0.00000000E+00 0.00000000E+00
22  3 1.52314479E+00 0.00000000E+00 0.00000000E+00 0.00000000E+00 0.00000000E+00
22  4 0.00000000E+00 0.00000000E+00 1.11567230E-01 0.00000000E+00-1.20803536E-02
22  5-3.86741835E-02 5.17996564E-01-2.48135643E-01 0.00000000E+00 8.35583093E-02
22  6 7.87034005E-02 0.00000000E+00-1.22212208E-01 2.22481086E-02-2.48033181E-02
22  7 2.55520950E-03 0.00000000E+00-4.13533580E-02 0.00000000E+00 1.20803536E-02
22  8 3.86741835E-02-5.17996564E-01-2.48135643E-01 0.00000000E+00-8.35583093E-02
22  9 7.87034005E-02 0.00000000E+00 1.22212208E-01-2.22481086E-02 2.48033181E-02
22 10-2.55520950E-03 0.00000000E+00-4.13533580E-02 0.00000000E+00
23  1-1.13681284E-01-4.06574897E-01-1.74807521E+00 2.19348009E+00 0.00000000E+00
23  2 0.00000000E+00-2.54386400E-02 0.00000000E+00 0.00000000E+00 1.00732299E-01
23  3 0.00000000E+00 0.00000000E+00 1.48525838E-01-1.65160199E-01 1.93056858E-01
23  4-2.78966586E-02 0.00000000E+00 0.00000000E+00 0.00000000E+00 1.66037601E-02
23  5-3.82466334E-02-3.22514840E-01 9.17793203E-02 0.00000000E+00-1.22135489E-01
23  6-1.63077603E-01 0.00000000E+00 8.80310687E-02-2.80720836E-02 3.10411507E-02
23  7-2.96906707E-03 0.00000000E+00 4.24885852E-02 0.00000000E+00 1.66037601E-02
23  8-3.82466334E-02-3.22514840E-01-9.17793203E-02 0.00000000E+00-1.22135489E-01
23  9 1.63077603E-01 0.00000000E+00 8.80310687E-02-2.80720836E-02 3.10411507E-02
23 10-2.96906707E-03 0.00000000E+00-4.24885852E-02 0.00000000E+00
24  1 0.00000000E+00 0.00000000E+00 0.00000000E+00 0.00000000E+00 0.00000000E+00
24  2 0.00000000E+00 0.00000000E+00 0.00000000E+00 0.00000000E+00 0.00000000E+00
24  3 0.00000000E+00 0.00000000E+00 0.00000000E+00 0.00000000E+00 0.00000000E+00
24  4 0.00000000E+00 8.78643109E-01 0.00000000E+00 0.00000000E+00 0.00000000E+00
24  5 0.00000000E+00 0.00000000E+00 0.00000000E+00 3.35943902E-01 0.00000000E+00
24  6 0.00000000E+00-1.26638239E-01 0.00000000E+00 0.00000000E+00 0.00000000E+00
24  7 0.00000000E+00-4.44350278E-02 0.00000000E+00 3.99782762E-02 0.00000000E+00
24  8 0.00000000E+00 0.00000000E+00 0.00000000E+00-3.35943902E-01 0.00000000E+00
24  9 0.00000000E+00 1.26638239E-01 0.00000000E+00 0.00000000E+00 0.00000000E+00
24 10 0.00000000E+00-4.44350278E-02 0.00000000E+00-3.99782762E-02
25  1 0.00000000E+00 0.00000000E+00 0.00000000E+00 0.00000000E+00 0.00000000E+00
25  2 6.52489305E-02 0.00000000E+00 0.00000000E+00-2.57578574E-01 0.00000000E+00
25  3 0.00000000E+00 2.35086815E-01 0.00000000E+00 0.00000000E+00 0.00000000E+00
25  4 0.00000000E+00 0.00000000E+00 0.00000000E+00 9.14112573E-01 0.00000000E+00
25  5 0.00000000E+00 0.00000000E+00 0.00000000E+00-2.47311930E-01 0.00000000E+00
25  6 0.00000000E+00 9.11545776E-02 0.00000000E+00 0.00000000E+00 0.00000000E+00
25  7 0.00000000E+00 3.71084494E-02 0.00000000E+00 4.34475176E-03 0.00000000E+00
25  8 0.00000000E+00 0.00000000E+00 0.00000000E+00-2.47311930E-01 0.00000000E+00
25  9 0.00000000E+00 9.11545776E-02 0.00000000E+00 0.00000000E+00 0.00000000E+00
25 10 0.00000000E+00-3.71084494E-02 0.00000000E+00 4.34475176E-03
26  1-3.68775350E-03-2.64211866E-02-7.34348125E-02 1.56144160E-01 0.00000000E+00
26  2 0.00000000E+00 7.17247484E-02 0.00000000E+00 0.00000000E+00-2.83801907E-01
26  3 0.00000000E+00 0.00000000E+00 3.07411110E-01-2.53923508E-01-5.87696128E-01
26  4 8.41619636E-01 0.00000000E+00 0.00000000E+00 0.00000000E+00 4.33255008E-03
26  5-1.76667284E-02-6.82790759E-02-1.32551411E-01 0.00000000E+00-2.86973848E-01
26  6 3.31621733E-02 0.00000000E+00 1.19727761E-01 2.63606473E-02-1.07950766E-02
26  7-1.55655707E-02 0.00000000E+00 3.65162291E-02 0.00000000E+00 4.33255008E-03
26  8-1.76667284E-02-6.82790759E-02 1.32551411E-01 0.00000000E+00-2.86973848E-01
26  9-3.31621733E-02 0.00000000E+00 1.19727761E-01 2.63606473E-02-1.07950766E-02
26 10-1.55655707E-02 0.00000000E+00-3.65162291E-02 0.00000000E+00
27  1-8.90371517E-03-1.29572988E-01-2.49739258E-01 1.40578504E+00 0.00000000E+00
27  2 0.00000000E+00-7.73404224E-02 0.00000000E+00 0.00000000E+00 3.56249062E-01
27  3 0.00000000E+00 0.00000000E+00 3.38515538E-01 7.07790339E-01-6.74078513E-01
27  4-3.37118260E-02 0.00000000E+00 0.00000000E+00 0.00000000E+00 6.33774038E-02
27  5-2.37967821E-01-3.84800792E-01 2.71913129E-01 0.00000000E+00 2.80017218E-02
27  6-8.47545948E-01 0.00000000E+00 3.06605587E-01-8.74397657E-03-1.39716030E-02
27  7 2.27155796E-02 0.00000000E+00-1.09648204E-02 0.00000000E+00 6.33774038E-02
27  8-2.37967821E-01-3.84800792E-01-2.71913129E-01 0.00000000E+00 2.80017218E-02
27  9 8.47545948E-01 0.00000000E+00 3.06605587E-01-8.74397657E-03-1.39716030E-02
27 10 2.27155796E-02 0.00000000E+00 1.09648204E-02 0.00000000E+00
28  1 0.00000000E+00 0.00000000E+00 0.00000000E+00 0.00000000E+00-1.06730032E-01
28  2 0.00000000E+00 0.00000000E+00 5.18584159E-01 0.00000000E+00 0.00000000E+00
28  3 4.97381107E-01 0.00000000E+00 0.00000000E+00 0.00000000E+00 0.00000000E+00
28  4 0.00000000E+00 0.00000000E+00 7.94995265E-01 0.00000000E+00-6.15913184E-02
28  5 2.24013153E-01 3.29036679E-01-1.19190307E-01 0.00000000E+00 2.17217035E-01
28  6 6.93461432E-01 0.00000000E+00-5.25763071E-01-3.51127598E-02 7.81375602E-03
28  7 2.72990038E-02 0.00000000E+00 1.07950869E-02 0.00000000E+00 6.15913184E-02
28  8-2.24013153E-01-3.29036679E-01-1.19190307E-01 0.00000000E+00-2.17217035E-01
28  9 6.93461432E-01 0.00000000E+00 5.25763071E-01 3.51127598E-02-7.81375602E-03
28 10-2.72990038E-02 0.00000000E+00 1.07950869E-02 0.00000000E+00
29  1 0.00000000E+00 0.00000000E+00 0.00000000E+00 0.00000000E+00 0.00000000E+00
29  2 0.00000000E+00 0.00000000E+00 0.00000000E+00 0.00000000E+00 0.00000000E+00
29  3 0.00000000E+00 0.00000000E+00 0.00000000E+00 0.00000000E+00 0.00000000E+00
29  4 0.00000000E+00 4.95093618E-01 0.00000000E+00 0.00000000E+00 0.00000000E+00
29  5 0.00000000E+00 0.00000000E+00 0.00000000E+00-5.61076832E-01 0.00000000E+00
29  6 0.00000000E+00 7.72151043E-01 0.00000000E+00 0.00000000E+00 0.00000000E+00
29  7 0.00000000E+00-4.65203042E-02 0.00000000E+00 3.39676987E-02 0.00000000E+00
29  8 0.00000000E+00 0.00000000E+00 0.00000000E+00 5.61076832E-01 0.00000000E+00
29  9 0.00000000E+00-7.72151043E-01 0.00000000E+00 0.00000000E+00 0.00000000E+00
29 10 0.00000000E+00-4.65203042E-02 0.00000000E+00-3.39676987E-02
30  1 8.13605796E-03 3.97966658E-02 1.43476104E-01-2.40830363E-02 0.00000000E+00
30  2 0.00000000E+00-3.70175994E-02 0.00000000E+00 0.00000000E+00 1.89775546E-01
30  3 0.00000000E+00 0.00000000E+00-5.73373890E-01 3.92624043E-01 8.41357442E-02
30  4-4.76759787E-01 0.00000000E+00 0.00000000E+00 0.00000000E+00 9.63847014E-04
30  5 3.96832347E-02 1.55102714E-02-2.17084124E-01 0.00000000E+00-4.95653550E-01
30  6 2.64105456E-01 0.00000000E+00 8.07950767E-01-2.99779981E-02-1.05341128E-02
30  7 4.05121109E-02 0.00000000E+00-5.13753058E-02 0.00000000E+00 9.63847014E-04
30  8 3.96832347E-02 1.55102714E-02 2.17084124E-01 0.00000000E+00-4.95653550E-01
30  9-2.64105456E-01 0.00000000E+00 8.07950767E-01-2.99779981E-02-1.05341128E-02
30 10 4.05121109E-02 0.00000000E+00 5.13753058E-02 0.00000000E+00
31  1 0.00000000E+00 0.00000000E+00 0.00000000E+00 0.00000000E+00-2.34091106E-02
31  2 0.00000000E+00 0.00000000E+00 1.17181943E-01 0.00000000E+00 0.00000000E+00
31  3-3.41807727E-01 0.00000000E+00 0.00000000E+00 0.00000000E+00 0.00000000E+00
31  4 0.00000000E+00 0.00000000E+00 2.76527922E-01 0.00000000E+00-4.31929036E-04
31  5-3.85248236E-02-1.79829957E-02-2.81769068E-01 0.00000000E+00-5.49487497E-01
31  6 4.66776290E-01 0.00000000E+00 6.85540244E-01-3.91192837E-02 1.13924437E-02
31  7 2.77268399E-02 0.00000000E+00-5.08356694E-03 0.00000000E+00 4.31929036E-04
31  8 3.85248236E-02 1.79829957E-02-2.81769068E-01 0.00000000E+00 5.49487497E-01
31  9 4.66776290E-01 0.00000000E+00-6.85540244E-01 3.91192837E-02-1.13924437E-02
31 10-2.77268399E-02 0.00000000E+00-5.08356694E-03 0.00000000E+00
32  1 0.00000000E+00 0.00000000E+00 0.00000000E+00 0.00000000E+00 0.00000000E+00
32  2-2.66522409E-02 0.00000000E+00 0.00000000E+00 1.26609002E-01 0.00000000E+00
32  3 0.00000000E+00-6.46869115E-01 0.00000000E+00 0.00000000E+00 0.00000000E+00
32  4 0.00000000E+00 0.00000000E+00 0.00000000E+00-3.54949170E-01 0.00000000E+00
32  5 0.00000000E+00 0.00000000E+00 0.00000000E+00-5.93565645E-01 0.00000000E+00
32  6 0.00000000E+00 8.95642087E-01 0.00000000E+00 0.00000000E+00 0.00000000E+00
32  7 0.00000000E+00-4.44523143E-02 0.00000000E+00 1.46700217E-02 0.00000000E+00
32  8 0.00000000E+00 0.00000000E+00 0.00000000E+00-5.93565645E-01 0.00000000E+00
32  9 0.00000000E+00 8.95642087E-01 0.00000000E+00 0.00000000E+00 0.00000000E+00
32 10 0.00000000E+00 4.44523143E-02 0.00000000E+00 1.46700217E-02
33  1 3.48515434E-02 2.04137839E-01 6.56426500E-01-4.30709464E-01 0.00000000E+00
33  2 0.00000000E+00 2.99162372E-03 0.00000000E+00 0.00000000E+00 1.07555165E-01
33  3 0.00000000E+00 0.00000000E+00-1.31402186E-01-6.10812222E-01 4.83279178E-01
33  4 1.27533044E-01 0.00000000E+00 0.00000000E+00 0.00000000E+00-1.36874327E-02
33  5 6.79347002E-02 1.10803636E-01 4.89492255E-01 0.00000000E+00-2.98749442E-01
33  6-4.87085618E-01 0.00000000E+00 2.31884541E-01 5.44349752E-02-5.57838797E-03
33  7-4.88565872E-02 0.00000000E+00-1.57660134E-02 0.00000000E+00-1.36874327E-02
33  8 6.79347002E-02 1.10803636E-01-4.89492255E-01 0.00000000E+00-2.98749442E-01
33  9 4.87085618E-01 0.00000000E+00 2.31884541E-01 5.44349752E-02-5.57838797E-03
33 10-4.88565872E-02 0.00000000E+00 1.57660134E-02 0.00000000E+00
34  1 0.00000000E+00 0.00000000E+00 0.00000000E+00 0.00000000E+00 1.37614967E-02
34  2 0.00000000E+00 0.00000000E+00-2.67458429E-01 0.00000000E+00 0.00000000E+00
34  3 4.78269784E-01 0.00000000E+00 0.00000000E+00 0.00000000E+00 0.00000000E+00
34  4 0.00000000E+00 0.00000000E+00 6.92644467E-01 0.00000000E+00-1.90219515E-02
34  5 4.69281512E-02 2.38419870E-01 5.60644137E-01 0.00000000E+00-2.15140362E-01
34  6-4.92728980E-01 0.00000000E+00 1.80039106E-01-1.55549006E-02-2.51183883E-02
34  7 4.06732888E-02 0.00000000E+00-2.71979969E-02 0.00000000E+00 1.90219515E-02
34  8-4.69281512E-02-2.38419870E-01 5.60644137E-01 0.00000000E+00 2.15140362E-01
34  9-4.92728980E-01 0.00000000E+00-1.80039106E-01 1.55549006E-02 2.51183883E-02
34 10-4.06732888E-02 0.00000000E+00-2.71979969E-02 0.00000000E+00
35  1 0.00000000E+00 0.00000000E+00 0.00000000E+00 0.00000000E+00-2.74093460E-02
35  2 0.00000000E+00 0.00000000E+00 2.12381389E-01 0.00000000E+00 0.00000000E+00
35  3 1.14526647E+00 0.00000000E+00 0.00000000E+00 0.00000000E+00 0.00000000E+00
35  4 0.00000000E+00 0.00000000E+00 3.35092221E-01 0.00000000E+00 7.45355050E-03
35  5-1.18925704E+00 1.81356359E+00-3.23586879E-03 0.00000000E+00 8.03658052E-02
35  6 3.62313388E-01 0.00000000E+00-4.29581307E-01-9.26715527E-02 9.24088052E-02
35  7 2.62747512E-04 0.00000000E+00 1.56837655E-01 0.00000000E+00-7.45355050E-03
35  8 1.18925704E+00-1.81356359E+00-3.23586879E-03 0.00000000E+00-8.03658052E-02
35  9 3.62313388E-01 0.00000000E+00 4.29581307E-01 9.26715527E-02-9.24088052E-02
35 10-2.62747512E-04 0.00000000E+00 1.56837655E-01 0.00000000E+00
36  1-2.66763760E-02-2.63371546E-01-6.06632818E-01 2.07839584E+00 0.00000000E+00
36  2 0.00000000E+00-1.58448606E-02 0.00000000E+00 0.00000000E+00 1.21799332E-01
36  3 0.00000000E+00 0.00000000E+00 8.31458056E-01 3.11962767E-01-3.06658984E-01
36  4-5.30378345E-03 0.00000000E+00 0.00000000E+00 0.00000000E+00 3.86853393E-04
36  5 1.16768157E+00-1.88894857E+00 5.75808673E-02 0.00000000E+00 3.57472407E-02
36  6-6.61389374E-01 0.00000000E+00 1.43285494E-01 1.94278774E-01-1.24111381E-01
36  7-7.01673936E-02 0.00000000E+00-1.33484971E-01 0.00000000E+00 3.86853393E-04
36  8 1.16768157E+00-1.88894857E+00-5.75808673E-02 0.00000000E+00 3.57472407E-02
36  9 6.61389374E-01 0.00000000E+00 1.43285494E-01 1.94278774E-01-1.24111381E-01
36 10-7.01673936E-02 0.00000000E+00 1.33484971E-01 0.00000000E+00
37  1 0.00000000E+00 0.00000000E+00 0.00000000E+00 0.00000000E+00 0.00000000E+00
37  2 0.00000000E+00 0.00000000E+00 0.00000000E+00 0.00000000E+00 0.00000000E+00
37  3 0.00000000E+00 0.00000000E+00 0.00000000E+00 0.00000000E+00 0.00000000E+00
37  4 0.00000000E+00 2.80133830E-02 0.00000000E+00 0.00000000E+00 0.00000000E+00
37  5 0.00000000E+00 0.00000000E+00 0.00000000E+00-8.81288491E-03 0.00000000E+00
37  6 0.00000000E+00 1.35696101E-02 0.00000000E+00 0.00000000E+00 0.00000000E+00
37  7 0.00000000E+00 4.68312992E-01 0.00000000E+00 5.30044110E-01 0.00000000E+00
37  8 0.00000000E+00 0.00000000E+00 0.00000000E+00 8.81288491E-03 0.00000000E+00
37  9 0.00000000E+00-1.35696101E-02 0.00000000E+00 0.00000000E+00 0.00000000E+00
37 10 0.00000000E+00 4.68312992E-01 0.00000000E+00-5.30044110E-01
38  1 0.00000000E+00 0.00000000E+00 0.00000000E+00 0.00000000E+00-3.19894934E-03
38  2 0.00000000E+00 0.00000000E+00 1.74180167E-03 0.00000000E+00 0.00000000E+00
38  3 5.80587918E-02 0.00000000E+00 0.00000000E+00 0.00000000E+00 0.00000000E+00
38  4 0.00000000E+00 0.00000000E+00-3.12877616E-02 0.00000000E+00 3.66456622E-04
38  5-2.01079927E-02 3.73312132E-02 1.53684236E-02 0.00000000E+00 1.88972804E-02
38  6-2.35436370E-02 0.00000000E+00-3.20654352E-02-3.30598962E-01 5.87274615E-01
38  7-2.56675653E-01 0.00000000E+00-3.92349386E-01 0.00000000E+00-3.66456622E-04
38  8 2.01079927E-02-3.73312132E-02 1.53684236E-02 0.00000000E+00-1.88972804E-02
38  9-2.35436370E-02 0.00000000E+00 3.20654352E-02 3.30598962E-01-5.87274615E-01
38 10 2.56675653E-01 0.00000000E+00-3.92349386E-01 0.00000000E+00
39  1 0.00000000E+00 0.00000000E+00 0.00000000E+00 0.00000000E+00 0.00000000E+00
39  2-1.27379583E-02 0.00000000E+00 0.00000000E+00 3.61098154E-02 0.00000000E+00
39  3 0.00000000E+00 3.57309726E-02 0.00000000E+00 0.00000000E+00 0.00000000E+00
39  4 0.00000000E+00 0.00000000E+00 0.00000000E+00-7.31382510E-03 0.00000000E+00
39  5 0.00000000E+00 0.00000000E+00 0.00000000E+00 1.71846982E-02 0.00000000E+00
39  6 0.00000000E+00-2.93350668E-02 0.00000000E+00 0.00000000E+00 0.00000000E+00
39  7 0.00000000E+00 1.52300017E-01 0.00000000E+00 6.91145034E-01 0.00000000E+00
39  8 0.00000000E+00 0.00000000E+00 0.00000000E+00 1.71846982E-02 0.00000000E+00
39  9 0.00000000E+00-2.93350668E-02 0.00000000E+00 0.00000000E+00 0.00000000E+00
39 10 0.00000000E+00-1.52300017E-01 0.00000000E+00 6.91145034E-01
40  1-1.82334264E-03-6.78174545E-03-2.96932579E-02 1.53129198E-02 0.00000000E+00
40  2 0.00000000E+00 4.12109464E-03 0.00000000E+00 0.00000000E+00-1.87486340E-02
40  3 0.00000000E+00 0.00000000E+00 3.83316784E-03 3.43216654E-02-7.49833670E-02
40  4 4.06617017E-02 0.00000000E+00 0.00000000E+00 0.00000000E+00 1.56675631E-03
40  5-1.54906700E-02 4.32943074E-03-1.79963847E-02 0.00000000E+00 4.17930871E-03
40  6 1.68166951E-02 0.00000000E+00-1.70524565E-03-1.12683691E-01 5.98306547E-01
40  7-4.85622857E-01 0.00000000E+00-3.09094180E-01 0.00000000E+00 1.56675631E-03
40  8-1.54906700E-02 4.32943074E-03 1.79963847E-02 0.00000000E+00 4.17930871E-03
40  9-1.68166951E-02 0.00000000E+00-1.70524565E-03-1.12683691E-01 5.98306547E-01
40 10-4.85622857E-01 0.00000000E+00 3.09094180E-01 0.00000000E+00
41  1 0.00000000E+00 0.00000000E+00 0.00000000E+00 0.00000000E+00-3.40318946E-02
41  2 0.00000000E+00 0.00000000E+00 1.35680232E-01 0.00000000E+00 0.00000000E+00
41  3 1.21404048E-01 0.00000000E+00 0.00000000E+00 0.00000000E+00 0.00000000E+00
41  4 0.00000000E+00 0.00000000E+00-1.65865792E-01 0.00000000E+00 1.25261211E-03
41  5-1.24931747E-01 1.76062029E-01-1.34480015E-02 0.00000000E+00 6.14446598E-02
41  6 2.63590301E-02 0.00000000E+00-1.12343146E-01-4.19983317E-01-2.25199600E-01
41  7 6.45182917E-01 0.00000000E+00-2.75559556E-01 0.00000000E+00-1.25261211E-03
41  8 1.24931747E-01-1.76062029E-01-1.34480015E-02 0.00000000E+00-6.14446598E-02
41  9 2.63590301E-02 0.00000000E+00 1.12343146E-01 4.19983317E-01 2.25199600E-01
41 10-6.45182917E-01 0.00000000E+00-2.75559556E-01 0.00000000E+00
42  1 0.00000000E+00 0.00000000E+00 0.00000000E+00 0.00000000E+00 0.00000000E+00
42  2 3.86106652E-02 0.00000000E+00 0.00000000E+00-1.04383713E-01 0.00000000E+00
42  3 0.00000000E+00-1.55829594E-01 0.00000000E+00 0.00000000E+00 0.00000000E+00
42  4 0.00000000E+00 0.00000000E+00 0.00000000E+00-2.37399294E-01 0.00000000E+00
42  5 0.00000000E+00 0.00000000E+00 0.00000000E+00-5.92888085E-02 0.00000000E+00
42  6 0.00000000E+00 1.37203064E-01 0.00000000E+00 0.00000000E+00 0.00000000E+00
42  7 0.00000000E+00 7.01793299E-01 0.00000000E+00-1.60129983E-01 0.00000000E+00
42  8 0.00000000E+00 0.00000000E+00 0.00000000E+00-5.92888085E-02 0.00000000E+00
42  9 0.00000000E+00 1.37203064E-01 0.00000000E+00 0.00000000E+00 0.00000000E+00
42 10 0.00000000E+00-7.01793299E-01 0.00000000E+00-1.60129983E-01
43  1 0.00000000E+00 0.00000000E+00 0.00000000E+00 0.00000000E+00 0.00000000E+00
43  2 0.00000000E+00 0.00000000E+00 0.00000000E+00 0.00000000E+00 0.00000000E+00
43  3 0.00000000E+00 0.00000000E+00 0.00000000E+00 0.00000000E+00 0.00000000E+00
43  4 0.00000000E+00 3.73203428E-01 0.00000000E+00 0.00000000E+00 0.00000000E+00
43  5 0.00000000E+00 0.00000000E+00 0.00000000E+00-4.09219782E-02 0.00000000E+00
43  6 0.00000000E+00 1.07044149E-01 0.00000000E+00 0.00000000E+00 0.00000000E+00
43  7 0.00000000E+00 5.44275649E-01 0.00000000E+00-4.75933351E-01 0.00000000E+00
43  8 0.00000000E+00 0.00000000E+00 0.00000000E+00 4.09219782E-02 0.00000000E+00
43  9 0.00000000E+00-1.07044149E-01 0.00000000E+00 0.00000000E+00 0.00000000E+00
43 10 0.00000000E+00 5.44275649E-01 0.00000000E+00 4.75933351E-01
44  1 6.33323664E-04 4.27424646E-02 5.49837652E-02-3.88785374E-01 0.00000000E+00
44  2 0.00000000E+00 4.51852148E-02 0.00000000E+00 0.00000000E+00-1.50159123E-01
44  3 0.00000000E+00 0.00000000E+00-3.09231187E-01 2.58233495E-01 8.06378362E-02
44  4-3.38871332E-01 0.00000000E+00 0.00000000E+00 0.00000000E+00-1.19344397E-03
44  5-2.20314775E-01 3.74842501E-01-6.60034303E-02 0.00000000E+00-3.10123661E-02
44  6 2.30445718E-01 0.00000000E+00 9.27594185E-02 5.80981251E-01-5.58301074E-02
44  7-5.25151143E-01 0.00000000E+00 3.37638290E-01 0.00000000E+00-1.19344397E-03
44  8-2.20314775E-01 3.74842501E-01 6.60034303E-02 0.00000000E+00-3.10123661E-02
44  9-2.30445718E-01 0.00000000E+00 9.27594185E-02 5.80981251E-01-5.58301074E-02
44 10-5.25151143E-01 0.00000000E+00-3.37638290E-01 0.00000000E+00
45  1 2.71789093E-02-1.00446242E-01 2.04083515E-01 1.22098820E+00 0.00000000E+00
45  2 0.00000000E+00-1.05091948E-01 0.00000000E+00 0.00000000E+00 5.03400110E-01
45  3 0.00000000E+00 0.00000000E+00 3.13105999E-01 5.61012462E-01-4.33472416E-01
45  4-1.27540047E-01 0.00000000E+00 0.00000000E+00 0.00000000E+00 2.22940680E-02
45  5 6.27031187E-01-1.19056301E+00 5.07050219E-02 0.00000000E+00-2.04202871E-02
45  6-6.09942652E-01 0.00000000E+00 3.23214002E-01-4.10152296E-01 3.97988340E-01
45  7 1.21639558E-02 0.00000000E+00 5.99356281E-01 0.00000000E+00 2.22940680E-02
45  8 6.27031187E-01-1.19056301E+00-5.07050219E-02 0.00000000E+00-2.04202871E-02
45  9 6.09942652E-01 0.00000000E+00 3.23214002E-01-4.10152296E-01 3.97988340E-01
45 10 1.21639558E-02 0.00000000E+00-5.99356281E-01 0.00000000E+00
46  1 0.00000000E+00 0.00000000E+00 0.00000000E+00 0.00000000E+00-1.84967830E-01
46  2 0.00000000E+00 0.00000000E+00 8.61674015E-01 0.00000000E+00 0.00000000E+00
46  3 4.05923170E-01 0.00000000E+00 0.00000000E+00 0.00000000E+00 0.00000000E+00
46  4 0.00000000E+00 0.00000000E+00 6.25768178E-01 0.00000000E+00-2.36727275E-02
46  5-5.16701191E-01 1.00757818E+00-9.53828839E-03 0.00000000E+00 1.22038752E-02
46  6 5.12767413E-01 0.00000000E+00-3.13715852E-01 5.34086143E-01-3.62732628E-01
46  7-1.71353515E-01 0.00000000E+00-5.72954941E-01 0.00000000E+00 2.36727275E-02
46  8 5.16701191E-01-1.00757818E+00-9.53828839E-03 0.00000000E+00-1.22038752E-02
46  9 5.12767413E-01 0.00000000E+00 3.13715852E-01-5.34086143E-01 3.62732628E-01
46 10 1.71353515E-01 0.00000000E+00-5.72954941E-01 0.00000000E+00
 $END   
 POPULATION ANALYSIS
S           15.16218   0.83782  15.20569   0.79431
O            8.41891  -0.41891   8.39716  -0.39716
O            8.41891  -0.41891   8.39716  -0.39716
 MOMENTS AT POINT    1 X,Y,Z=  0.000000  0.000000  0.000000
 DIPOLE       0.000000  0.000000 -2.010273
