 $DATA  
Title                                                                           
CNV      2

S          16.0      0.0000000000      0.0000000000     -0.4016149263
   PC1     0
        
O           8.0      1.1468128620      0.0000000000      0.4013920846
   PC1     0
        
 $END      
 $ZMAT   IZMAT(1)=
         1,   3,   1,
         1,   2,   1,
         2,   2,   1,   3,
 $END
--- CLOSED SHELL ORBITALS --- GENERATED AT Thu Feb 26 00:15:28 2015
Title                                                                           
E(R-PBE)=     -548.2398930437, E(NUC)=  111.5296944627,   21 ITERS
 $VEC   
 1  1 1.00298411E+00-1.02501442E-02 1.91189579E-03-6.45559753E-04 0.00000000E+00
 1  2 0.00000000E+00 4.59414119E-05 0.00000000E+00 0.00000000E+00 1.85856364E-04
 1  3 0.00000000E+00 0.00000000E+00-2.83638211E-07 1.17950098E-04-1.01267957E-04
 1  4-1.66821411E-05 0.00000000E+00 0.00000000E+00 0.00000000E+00 1.45484223E-05
 1  5 2.79665985E-05-1.67771516E-04-6.68291083E-05 0.00000000E+00 4.34005040E-05
 1  6-1.66690412E-04 0.00000000E+00 1.44650551E-04-6.87509909E-05 7.76925961E-05
 1  7-8.94160519E-06 0.00000000E+00 1.26016550E-04 0.00000000E+00 1.45484223E-05
 1  8 2.79665985E-05-1.67771516E-04 6.68291083E-05 0.00000000E+00 4.34005040E-05
 1  9 1.66690412E-04 0.00000000E+00 1.44650551E-04-6.87509909E-05 7.76925961E-05
 1 10-8.94160519E-06 0.00000000E+00-1.26016550E-04 0.00000000E+00
 2  1 0.00000000E+00 0.00000000E+00 0.00000000E+00 0.00000000E+00-1.62632302E-04
 2  2 0.00000000E+00 0.00000000E+00-1.00994222E-03 0.00000000E+00 0.00000000E+00
 2  3-4.51570990E-03 0.00000000E+00 0.00000000E+00 0.00000000E+00 0.00000000E+00
 2  4 0.00000000E+00 0.00000000E+00 3.21496757E-04 0.00000000E+00 7.03224602E-01
 2  5 2.59217233E-02-1.20140119E-02 1.09256558E-03 0.00000000E+00-8.04865514E-04
 2  6-2.10756523E-03 0.00000000E+00 2.06511149E-03-1.08293570E-04 1.99384563E-04
 2  7-9.10909925E-05 0.00000000E+00 1.35931473E-04 0.00000000E+00-7.03224602E-01
 2  8-2.59217233E-02 1.20140119E-02 1.09256558E-03 0.00000000E+00 8.04865514E-04
 2  9-2.10756523E-03 0.00000000E+00-2.06511149E-03 1.08293570E-04-1.99384563E-04
 2 10 9.10909925E-05 0.00000000E+00 1.35931473E-04 0.00000000E+00
 3  1-7.22563887E-05-3.01837296E-04-1.04587820E-03 1.23697898E-02 0.00000000E+00
 3  2 0.00000000E+00-3.44296413E-05 0.00000000E+00 0.00000000E+00 1.49879630E-03
 3  3 0.00000000E+00 0.00000000E+00 5.19851826E-03 3.35110295E-04-7.22973943E-04
 3  4 3.87863648E-04 0.00000000E+00 0.00000000E+00 0.00000000E+00 7.03297200E-01
 3  5 2.63709207E-02-1.49981891E-02 8.28237332E-04 0.00000000E+00-5.45301455E-04
 3  6-3.71178872E-03 0.00000000E+00 1.65966845E-03-2.63884772E-04 1.41286978E-04
 3  7 1.22597795E-04 0.00000000E+00 3.37997257E-04 0.00000000E+00 7.03297200E-01
 3  8 2.63709207E-02-1.49981891E-02-8.28237332E-04 0.00000000E+00-5.45301455E-04
 3  9 3.71178872E-03 0.00000000E+00 1.65966845E-03-2.63884772E-04 1.41286978E-04
 3 10 1.22597795E-04 0.00000000E+00-3.37997257E-04 0.00000000E+00
 4  1-2.73991391E-01 1.03953691E+00 4.18825734E-02-1.08377445E-02 0.00000000E+00
 4  2 0.00000000E+00 1.12389480E-02 0.00000000E+00 0.00000000E+00 2.11485773E-03
 4  3 0.00000000E+00 0.00000000E+00-5.22705519E-04 1.12072000E-03-7.85718404E-04
 4  4-3.35001594E-04 0.00000000E+00 0.00000000E+00 0.00000000E+00-1.91778582E-04
 4  5-1.64412692E-04-3.72733418E-04-3.07726738E-04 0.00000000E+00 1.87661342E-04
 4  6-1.22148646E-03 0.00000000E+00 1.17985318E-03-5.69121862E-05 1.33523697E-04
 4  7-7.66115110E-05 0.00000000E+00 2.09279139E-04 0.00000000E+00-1.91778582E-04
 4  8-1.64412692E-04-3.72733418E-04 3.07726738E-04 0.00000000E+00 1.87661342E-04
 4  9 1.22148646E-03 0.00000000E+00 1.17985318E-03-5.69121862E-05 1.33523697E-04
 4 10-7.66115110E-05 0.00000000E+00-2.09279139E-04 0.00000000E+00
 5  1 0.00000000E+00 0.00000000E+00 0.00000000E+00 0.00000000E+00 9.96284531E-01
 5  2 0.00000000E+00 0.00000000E+00 1.03229929E-02 0.00000000E+00 0.00000000E+00
 5  3-2.16953409E-04 0.00000000E+00 0.00000000E+00 0.00000000E+00 0.00000000E+00
 5  4 0.00000000E+00 0.00000000E+00 1.40844126E-03 0.00000000E+00 5.87853495E-04
 5  5-5.72817807E-04 1.49701758E-04-8.02003518E-04 0.00000000E+00 6.81460894E-04
 5  6 1.16512213E-04 0.00000000E+00-2.75565534E-05-2.26724253E-04 3.98531444E-04
 5  7-1.71807192E-04 0.00000000E+00 6.71010992E-04 0.00000000E+00-5.87853495E-04
 5  8 5.72817807E-04-1.49701758E-04-8.02003518E-04 0.00000000E+00-6.81460894E-04
 5  9 1.16512213E-04 0.00000000E+00 2.75565534E-05 2.26724253E-04-3.98531444E-04
 5 10 1.71807192E-04 0.00000000E+00 6.71010992E-04 0.00000000E+00
 6  1 0.00000000E+00 0.00000000E+00 0.00000000E+00 0.00000000E+00 0.00000000E+00
 6  2 9.96700909E-01 0.00000000E+00 0.00000000E+00 9.50705123E-03 0.00000000E+00
 6  3 0.00000000E+00-3.31648958E-04 0.00000000E+00 0.00000000E+00 0.00000000E+00
 6  4 0.00000000E+00 0.00000000E+00 0.00000000E+00 7.30627105E-04 0.00000000E+00
 6  5 0.00000000E+00 0.00000000E+00 0.00000000E+00 1.37661744E-04 0.00000000E+00
 6  6 0.00000000E+00-9.14418894E-05 0.00000000E+00 0.00000000E+00 0.00000000E+00
 6  7 0.00000000E+00 1.33852282E-04 0.00000000E+00-1.26036536E-04 0.00000000E+00
 6  8 0.00000000E+00 0.00000000E+00 0.00000000E+00 1.37661744E-04 0.00000000E+00
 6  9 0.00000000E+00-9.14418894E-05 0.00000000E+00 0.00000000E+00 0.00000000E+00
 6 10 0.00000000E+00-1.33852282E-04 0.00000000E+00-1.26036536E-04
 7  1 3.23572382E-03-1.23576416E-02 8.81617395E-05-5.69187600E-04 0.00000000E+00
 7  2 0.00000000E+00 9.96584149E-01 0.00000000E+00 0.00000000E+00 9.29846202E-03
 7  3 0.00000000E+00 0.00000000E+00-3.61894500E-04-4.84858976E-04-4.57019895E-04
 7  4 9.41878871E-04 0.00000000E+00 0.00000000E+00 0.00000000E+00-4.23826191E-04
 7  5 3.70492582E-04 5.12822406E-04 8.01435044E-04 0.00000000E+00-4.38335594E-04
 7  6 1.06139186E-04 0.00000000E+00-2.66961455E-04 3.86495983E-04-3.05518653E-04
 7  7-8.09773302E-05 0.00000000E+00-5.26373929E-04 0.00000000E+00-4.23826191E-04
 7  8 3.70492582E-04 5.12822406E-04-8.01435044E-04 0.00000000E+00-4.38335594E-04
 7  9-1.06139186E-04 0.00000000E+00-2.66961455E-04 3.86495983E-04-3.05518653E-04
 7 10-8.09773302E-05 0.00000000E+00 5.26373929E-04 0.00000000E+00
 8  1 5.32314556E-02-1.52370877E-01 3.09444392E-01 1.11562140E-01 0.00000000E+00
 8  2 0.00000000E+00-7.80201041E-02 0.00000000E+00 0.00000000E+00 1.42091837E-01
 8  3 0.00000000E+00 0.00000000E+00-6.83883325E-03 3.65121372E-02-3.64950373E-02
 8  4-1.70999422E-05 0.00000000E+00 0.00000000E+00 0.00000000E+00-1.20589247E-01
 8  5 2.36340011E-01 2.55433180E-01 1.13123062E-01 0.00000000E+00-6.98804690E-02
 8  6 3.81560026E-02 0.00000000E+00-2.17999187E-02 8.90357763E-03-6.57012261E-03
 8  7-2.33345502E-03 0.00000000E+00-1.33106371E-02 0.00000000E+00-1.20589247E-01
 8  8 2.36340011E-01 2.55433180E-01-1.13123062E-01 0.00000000E+00-6.98804690E-02
 8  9-3.81560026E-02 0.00000000E+00-2.17999187E-02 8.90357763E-03-6.57012261E-03
 8 10-2.33345502E-03 0.00000000E+00 1.33106371E-02 0.00000000E+00
 9  1 0.00000000E+00 0.00000000E+00 0.00000000E+00 0.00000000E+00 1.43807728E-01
 9  2 0.00000000E+00 0.00000000E+00-2.77179258E-01 0.00000000E+00 0.00000000E+00
 9  3-2.57307641E-02 0.00000000E+00 0.00000000E+00 0.00000000E+00 0.00000000E+00
 9  4 0.00000000E+00 0.00000000E+00-9.33186592E-02 0.00000000E+00-1.44969024E-01
 9  5 2.89833850E-01 3.14525966E-01 9.10207925E-02 0.00000000E+00-7.91056661E-02
 9  6 2.31153140E-02 0.00000000E+00-2.29741477E-02 1.84621779E-03-3.19166751E-03
 9  7 1.34544971E-03 0.00000000E+00-9.11671647E-03 0.00000000E+00 1.44969024E-01
 9  8-2.89833850E-01-3.14525966E-01 9.10207925E-02 0.00000000E+00 7.91056661E-02
 9  9 2.31153140E-02 0.00000000E+00 2.29741477E-02-1.84621779E-03 3.19166751E-03
 9 10-1.34544971E-03 0.00000000E+00-9.11671647E-03 0.00000000E+00
10  1 6.39349463E-02-1.75009992E-01 4.12551288E-01 3.77585111E-01 0.00000000E+00
10  2 0.00000000E+00 7.43611308E-02 0.00000000E+00 0.00000000E+00-1.55145086E-01
10  3 0.00000000E+00 0.00000000E+00-1.01884621E-01-4.18622635E-03 2.44808119E-02
10  4-2.02945855E-02 0.00000000E+00 0.00000000E+00 0.00000000E+00 9.69115615E-02
10  5-1.97903406E-01-3.26701738E-01 1.01788398E-01 0.00000000E+00-1.36208037E-01
10  6 4.74776209E-02 0.00000000E+00-6.13858359E-02 1.19181787E-03-5.63141357E-03
10  7 4.43959570E-03 0.00000000E+00-9.81250470E-03 0.00000000E+00 9.69115615E-02
10  8-1.97903406E-01-3.26701738E-01-1.01788398E-01 0.00000000E+00-1.36208037E-01
10  9-4.74776209E-02 0.00000000E+00-6.13858359E-02 1.19181787E-03-5.63141357E-03
10 10 4.43959570E-03 0.00000000E+00 9.81250470E-03 0.00000000E+00
11  1 0.00000000E+00 0.00000000E+00 0.00000000E+00 0.00000000E+00 0.00000000E+00
11  2-2.05388142E-01 0.00000000E+00 0.00000000E+00 4.75981459E-01 0.00000000E+00
11  3 0.00000000E+00 2.26080957E-01 0.00000000E+00 0.00000000E+00 0.00000000E+00
11  4 0.00000000E+00 0.00000000E+00 0.00000000E+00 6.34814385E-02 0.00000000E+00
11  5 0.00000000E+00 0.00000000E+00 0.00000000E+00 3.08847460E-01 0.00000000E+00
11  6 0.00000000E+00 1.74851816E-01 0.00000000E+00 0.00000000E+00 0.00000000E+00
11  7 0.00000000E+00 2.07120675E-02 0.00000000E+00-1.38258676E-02 0.00000000E+00
11  8 0.00000000E+00 0.00000000E+00 0.00000000E+00 3.08847460E-01 0.00000000E+00
11  9 0.00000000E+00 1.74851816E-01 0.00000000E+00 0.00000000E+00 0.00000000E+00
11 10 0.00000000E+00-2.07120675E-02 0.00000000E+00-1.38258676E-02
12  1-1.32105270E-03 3.01079313E-02 2.64967136E-02-2.16218653E-01 0.00000000E+00
12  2 0.00000000E+00-1.80663102E-01 0.00000000E+00 0.00000000E+00 4.17064472E-01
12  3 0.00000000E+00 0.00000000E+00 1.33936170E-01-6.70882210E-02-1.17652296E-02
12  4 7.88534506E-02 0.00000000E+00 0.00000000E+00 0.00000000E+00 4.37248504E-02
12  5-8.85206573E-02-1.54269969E-01 3.22831034E-01 0.00000000E+00 1.04794168E-01
12  6 1.94897965E-01 0.00000000E+00 6.14001232E-02 2.06133306E-02-6.07509243E-03
12  7-1.45382382E-02 0.00000000E+00-1.99712499E-03 0.00000000E+00 4.37248504E-02
12  8-8.85206573E-02-1.54269969E-01-3.22831034E-01 0.00000000E+00 1.04794168E-01
12  9-1.94897965E-01 0.00000000E+00 6.14001232E-02 2.06133306E-02-6.07509243E-03
12 10-1.45382382E-02 0.00000000E+00 1.99712499E-03 0.00000000E+00
13  1 0.00000000E+00 0.00000000E+00 0.00000000E+00 0.00000000E+00-1.66178737E-01
13  2 0.00000000E+00 0.00000000E+00 3.93186295E-01 0.00000000E+00 0.00000000E+00
13  3 5.63157837E-02 0.00000000E+00 0.00000000E+00 0.00000000E+00 0.00000000E+00
13  4 0.00000000E+00 0.00000000E+00 3.89283809E-02 0.00000000E+00-6.95014960E-02
13  5 1.38729219E-01 2.77339238E-01-2.34851323E-01 0.00000000E+00 2.91770276E-01
13  6-1.23808267E-01 0.00000000E+00 1.64074501E-01-6.08209055E-04 9.12496528E-03
13  7-8.51675622E-03 0.00000000E+00 1.47214392E-02 0.00000000E+00 6.95014960E-02
13  8-1.38729219E-01-2.77339238E-01-2.34851323E-01 0.00000000E+00-2.91770276E-01
13  9-1.23808267E-01 0.00000000E+00-1.64074501E-01 6.08209055E-04-9.12496528E-03
13 10 8.51675622E-03 0.00000000E+00 1.47214392E-02 0.00000000E+00
14  1 0.00000000E+00 0.00000000E+00 0.00000000E+00 0.00000000E+00 0.00000000E+00
14  2 0.00000000E+00 0.00000000E+00 0.00000000E+00 0.00000000E+00 0.00000000E+00
14  3 0.00000000E+00 0.00000000E+00 0.00000000E+00 0.00000000E+00 0.00000000E+00
14  4 0.00000000E+00-1.39383736E-01 0.00000000E+00 0.00000000E+00 0.00000000E+00
14  5 0.00000000E+00 0.00000000E+00 0.00000000E+00 4.64273711E-01 0.00000000E+00
14  6 0.00000000E+00 3.25700884E-01 0.00000000E+00 0.00000000E+00 0.00000000E+00
14  7 0.00000000E+00 1.83572299E-02 0.00000000E+00-1.48590110E-02 0.00000000E+00
14  8 0.00000000E+00 0.00000000E+00 0.00000000E+00-4.64273711E-01 0.00000000E+00
14  9 0.00000000E+00-3.25700884E-01 0.00000000E+00 0.00000000E+00 0.00000000E+00
14 10 0.00000000E+00 1.83572299E-02 0.00000000E+00 1.48590110E-02
15  1 0.00000000E+00 0.00000000E+00 0.00000000E+00 0.00000000E+00-9.00827413E-03
15  2 0.00000000E+00 0.00000000E+00 1.35579379E-02 0.00000000E+00 0.00000000E+00
15  3 1.44336246E-01 0.00000000E+00 0.00000000E+00 0.00000000E+00 0.00000000E+00
15  4 0.00000000E+00 0.00000000E+00-1.25169672E-01 0.00000000E+00-3.13474439E-03
15  5 6.44367480E-03 3.77448201E-02 3.93741986E-01 0.00000000E+00 2.71636097E-01
15  6 2.57805704E-01 0.00000000E+00 1.92358089E-01 2.13779800E-02-4.95791660E-04
15  7-2.08821884E-02 0.00000000E+00 3.51788935E-03 0.00000000E+00 3.13474439E-03
15  8-6.44367480E-03-3.77448201E-02 3.93741986E-01 0.00000000E+00-2.71636097E-01
15  9 2.57805704E-01 0.00000000E+00-1.92358089E-01-2.13779800E-02 4.95791660E-04
15 10 2.08821884E-02 0.00000000E+00 3.51788935E-03 0.00000000E+00
16  1 1.80405850E-02-9.66026613E-02 5.98090743E-02 5.54527218E-01 0.00000000E+00
16  2 0.00000000E+00 1.19562543E-01 0.00000000E+00 0.00000000E+00-2.80737918E-01
16  3 0.00000000E+00 0.00000000E+00-1.06763588E-01-1.52508030E-01 5.84050471E-02
16  4 9.41029834E-02 0.00000000E+00 0.00000000E+00 0.00000000E+00 1.49756541E-03
16  5-5.04537086E-03-4.19933931E-02-2.14285149E-02 0.00000000E+00 4.14160973E-01
16  6-1.14763615E-02 0.00000000E+00 3.07886676E-01 3.69456428E-03 4.98317110E-03
16  7-8.67773538E-03 0.00000000E+00 1.29240993E-02 0.00000000E+00 1.49756541E-03
16  8-5.04537086E-03-4.19933931E-02 2.14285149E-02 0.00000000E+00 4.14160973E-01
16  9 1.14763615E-02 0.00000000E+00 3.07886676E-01 3.69456428E-03 4.98317110E-03
16 10-8.67773538E-03 0.00000000E+00-1.29240993E-02 0.00000000E+00
17  1 0.00000000E+00 0.00000000E+00 0.00000000E+00 0.00000000E+00 0.00000000E+00
17  2-2.08662497E-01 0.00000000E+00 0.00000000E+00 5.32831563E-01 0.00000000E+00
17  3 0.00000000E+00 5.42003642E-01 0.00000000E+00 0.00000000E+00 0.00000000E+00
17  4 0.00000000E+00 0.00000000E+00 0.00000000E+00-9.90616612E-02 0.00000000E+00
17  5 0.00000000E+00 0.00000000E+00 0.00000000E+00-3.71931658E-01 0.00000000E+00
17  6 0.00000000E+00-3.49162181E-01 0.00000000E+00 0.00000000E+00 0.00000000E+00
17  7 0.00000000E+00-4.40719985E-03 0.00000000E+00-1.06866581E-04 0.00000000E+00
17  8 0.00000000E+00 0.00000000E+00 0.00000000E+00-3.71931658E-01 0.00000000E+00
17  9 0.00000000E+00-3.49162181E-01 0.00000000E+00 0.00000000E+00 0.00000000E+00
17 10 0.00000000E+00 4.40719985E-03 0.00000000E+00-1.06866581E-04
18  1 0.00000000E+00 0.00000000E+00 0.00000000E+00 0.00000000E+00-1.46483725E-01
18  2 0.00000000E+00 0.00000000E+00 3.73143345E-01 0.00000000E+00 0.00000000E+00
18  3 1.16669041E+00 0.00000000E+00 0.00000000E+00 0.00000000E+00 0.00000000E+00
18  4 0.00000000E+00 0.00000000E+00-2.38243721E-01 0.00000000E+00-4.96019519E-02
18  5 7.50505358E-02 5.63996932E-01 7.10292606E-03 0.00000000E+00-2.82371167E-01
18  6 2.44238237E-02 0.00000000E+00-3.16237566E-01 5.02972825E-04 2.64691719E-03
18  7-3.14989002E-03 0.00000000E+00-8.14124696E-04 0.00000000E+00 4.96019519E-02
18  8-7.50505358E-02-5.63996932E-01 7.10292606E-03 0.00000000E+00 2.82371167E-01
18  9 2.44238237E-02 0.00000000E+00 3.16237566E-01-5.02972825E-04-2.64691719E-03
18 10 3.14989002E-03 0.00000000E+00-8.14124696E-04 0.00000000E+00
19  1 2.04493426E-02-1.50078180E-01 2.88801806E-02 1.26166419E+00 0.00000000E+00
19  2 0.00000000E+00-1.15541268E-01 0.00000000E+00 0.00000000E+00 3.13181592E-01
19  3 0.00000000E+00 0.00000000E+00 1.12545268E+00-1.38401327E-01 2.66923056E-01
19  4-1.28521729E-01 0.00000000E+00 0.00000000E+00 0.00000000E+00 6.25207049E-02
19  5-9.42590908E-02-7.14781246E-01-2.67506778E-01 0.00000000E+00 1.05949125E-02
19  6-4.39579103E-01 0.00000000E+00 9.71387777E-03-4.28579365E-03 1.20830680E-02
19  7-7.79727437E-03 0.00000000E+00 2.20875758E-03 0.00000000E+00 6.25207049E-02
19  8-9.42590908E-02-7.14781246E-01 2.67506778E-01 0.00000000E+00 1.05949125E-02
19  9 4.39579103E-01 0.00000000E+00 9.71387777E-03-4.28579365E-03 1.20830680E-02
19 10-7.79727437E-03 0.00000000E+00-2.20875758E-03 0.00000000E+00
20  1 0.00000000E+00 0.00000000E+00 0.00000000E+00 0.00000000E+00 0.00000000E+00
20  2 2.85140647E-01 0.00000000E+00 0.00000000E+00-1.09633880E+00 0.00000000E+00
20  3 0.00000000E+00 1.23290088E+00 0.00000000E+00 0.00000000E+00 0.00000000E+00
20  4 0.00000000E+00 0.00000000E+00 0.00000000E+00-2.08979845E-01 0.00000000E+00
20  5 0.00000000E+00 0.00000000E+00 0.00000000E+00 2.35494014E-03 0.00000000E+00
20  6 0.00000000E+00-9.88216842E-02 0.00000000E+00 0.00000000E+00 0.00000000E+00
20  7 0.00000000E+00-3.28595694E-02 0.00000000E+00 1.49548382E-02 0.00000000E+00
20  8 0.00000000E+00 0.00000000E+00 0.00000000E+00 2.35494014E-03 0.00000000E+00
20  9 0.00000000E+00-9.88216842E-02 0.00000000E+00 0.00000000E+00 0.00000000E+00
20 10 0.00000000E+00 3.28595694E-02 0.00000000E+00 1.49548382E-02
21  1 3.57763230E-02 1.13728619E-01 5.36086923E-01-4.65170000E-01 0.00000000E+00
21  2 0.00000000E+00 2.79223751E-01 0.00000000E+00 0.00000000E+00-1.03760248E+00
21  3 0.00000000E+00 0.00000000E+00 1.10762977E+00 3.08385294E-01-1.94570867E-01
21  4-1.13814428E-01 0.00000000E+00 0.00000000E+00 0.00000000E+00-1.72026016E-03
21  5 6.68387408E-02-2.21209256E-01 1.39018155E-01 0.00000000E+00-1.69866377E-02
21  6-3.05989242E-02 0.00000000E+00-3.01342713E-02-3.47128279E-02 3.97211540E-03
21  7 3.07407125E-02 0.00000000E+00-1.77505020E-03 0.00000000E+00-1.72026016E-03
21  8 6.68387408E-02-2.21209256E-01-1.39018155E-01 0.00000000E+00-1.69866377E-02
21  9 3.05989242E-02 0.00000000E+00-3.01342713E-02-3.47128279E-02 3.97211540E-03
21 10 3.07407125E-02 0.00000000E+00 1.77505020E-03 0.00000000E+00
22  1 0.00000000E+00 0.00000000E+00 0.00000000E+00 0.00000000E+00 2.70139684E-01
22  2 0.00000000E+00 0.00000000E+00-9.50369032E-01 0.00000000E+00 0.00000000E+00
22  3 1.44707682E+00 0.00000000E+00 0.00000000E+00 0.00000000E+00 0.00000000E+00
22  4 0.00000000E+00 0.00000000E+00 4.42077147E-01 0.00000000E+00-1.49820000E-02
22  5-4.47748825E-02 5.99361702E-01-2.26102850E-01 0.00000000E+00 1.39250937E-01
22  6 1.21706944E-01 0.00000000E+00-1.27608643E-01 8.20816816E-03-3.19791334E-02
22  7 2.37709652E-02 0.00000000E+00-5.31951330E-02 0.00000000E+00 1.49820000E-02
22  8 4.47748825E-02-5.99361702E-01-2.26102850E-01 0.00000000E+00-1.39250937E-01
22  9 1.21706944E-01 0.00000000E+00 1.27608643E-01-8.20816816E-03 3.19791334E-02
22 10-2.37709652E-02 0.00000000E+00-5.31951330E-02 0.00000000E+00
23  1-1.11559392E-01-3.78640309E-01-1.68245589E+00 2.42444093E+00 0.00000000E+00
23  2 0.00000000E+00 6.72141259E-02 0.00000000E+00 0.00000000E+00-1.91898740E-01
23  3 0.00000000E+00 0.00000000E+00 6.10968786E-01 2.21869757E-01-1.00565971E-01
23  4-1.21303786E-01 0.00000000E+00 0.00000000E+00 0.00000000E+00 1.87096773E-02
23  5 5.73766182E-05-6.17822300E-01 2.37361176E-01 0.00000000E+00-1.45647540E-01
23  6-2.15090985E-01 0.00000000E+00 1.32442978E-01-4.77938019E-02 3.69048620E-02
23  7 1.08889399E-02 0.00000000E+00 4.76252215E-02 0.00000000E+00 1.87096773E-02
23  8 5.73766182E-05-6.17822300E-01-2.37361176E-01 0.00000000E+00-1.45647540E-01
23  9 2.15090985E-01 0.00000000E+00 1.32442978E-01-4.77938019E-02 3.69048620E-02
23 10 1.08889399E-02 0.00000000E+00-4.76252215E-02 0.00000000E+00
24  1 0.00000000E+00 0.00000000E+00 0.00000000E+00 0.00000000E+00 0.00000000E+00
24  2 5.64689481E-02 0.00000000E+00 0.00000000E+00-2.44121728E-01 0.00000000E+00
24  3 0.00000000E+00 3.05722160E-01 0.00000000E+00 0.00000000E+00 0.00000000E+00
24  4 0.00000000E+00 0.00000000E+00 0.00000000E+00 9.09843949E-01 0.00000000E+00
24  5 0.00000000E+00 0.00000000E+00 0.00000000E+00-3.09597941E-01 0.00000000E+00
24  6 0.00000000E+00 3.99337456E-02 0.00000000E+00 0.00000000E+00 0.00000000E+00
24  7 0.00000000E+00 4.10280907E-02 0.00000000E+00 1.36781949E-02 0.00000000E+00
24  8 0.00000000E+00 0.00000000E+00 0.00000000E+00-3.09597941E-01 0.00000000E+00
24  9 0.00000000E+00 3.99337456E-02 0.00000000E+00 0.00000000E+00 0.00000000E+00
24 10 0.00000000E+00-4.10280907E-02 0.00000000E+00 1.36781949E-02
25  1 0.00000000E+00 0.00000000E+00 0.00000000E+00 0.00000000E+00 0.00000000E+00
25  2 0.00000000E+00 0.00000000E+00 0.00000000E+00 0.00000000E+00 0.00000000E+00
25  3 0.00000000E+00 0.00000000E+00 0.00000000E+00 0.00000000E+00 0.00000000E+00
25  4 0.00000000E+00 9.42924563E-01 0.00000000E+00 0.00000000E+00 0.00000000E+00
25  5 0.00000000E+00 0.00000000E+00 0.00000000E+00 3.23558462E-01 0.00000000E+00
25  6 0.00000000E+00 1.74830677E-03 0.00000000E+00 0.00000000E+00 0.00000000E+00
25  7 0.00000000E+00-2.78955300E-02 0.00000000E+00 5.05935884E-02 0.00000000E+00
25  8 0.00000000E+00 0.00000000E+00 0.00000000E+00-3.23558462E-01 0.00000000E+00
25  9 0.00000000E+00-1.74830677E-03 0.00000000E+00 0.00000000E+00 0.00000000E+00
25 10 0.00000000E+00-2.78955300E-02 0.00000000E+00-5.05935884E-02
26  1 8.30286642E-03-1.20300375E-02 8.28182010E-02 8.16759872E-01 0.00000000E+00
26  2 0.00000000E+00-2.48027924E-02 0.00000000E+00 0.00000000E+00 1.42893861E-01
26  3 0.00000000E+00 0.00000000E+00 4.09340443E-01-1.21981019E-01-6.84606735E-01
26  4 8.06587754E-01 0.00000000E+00 0.00000000E+00 0.00000000E+00 3.67259404E-02
26  5-1.04540458E-01-3.95988734E-01-1.05037249E-01 0.00000000E+00-3.20810120E-01
26  6-3.83235033E-01 0.00000000E+00 3.09866880E-01 3.64387021E-02-1.87419473E-02
26  7-1.76967548E-02 0.00000000E+00 3.71589374E-02 0.00000000E+00 3.67259404E-02
26  8-1.04540458E-01-3.95988734E-01 1.05037249E-01 0.00000000E+00-3.20810120E-01
26  9 3.83235033E-01 0.00000000E+00 3.09866880E-01 3.64387021E-02-1.87419473E-02
26 10-1.76967548E-02 0.00000000E+00-3.71589374E-02 0.00000000E+00
27  1 3.11468601E-02 1.04548337E-01 4.86890587E-01 9.76278081E-01 0.00000000E+00
27  2 0.00000000E+00-1.28024446E-01 0.00000000E+00 0.00000000E+00 6.76243245E-01
27  3 0.00000000E+00 0.00000000E+00 7.85311058E-02 5.41472587E-01-2.94656507E-01
27  4-2.46816080E-01 0.00000000E+00 0.00000000E+00 0.00000000E+00 5.01355650E-02
27  5-8.30708405E-02-5.47450995E-01 3.55561737E-01 0.00000000E+00 1.14832892E-01
27  6-8.90434575E-01 0.00000000E+00 4.31220422E-01-1.03542580E-02-7.97693010E-03
27  7 1.83311881E-02 0.00000000E+00-2.56067040E-02 0.00000000E+00 5.01355650E-02
27  8-8.30708405E-02-5.47450995E-01-3.55561737E-01 0.00000000E+00 1.14832892E-01
27  9 8.90434575E-01 0.00000000E+00 4.31220422E-01-1.03542580E-02-7.97693010E-03
27 10 1.83311881E-02 0.00000000E+00 2.56067040E-02 0.00000000E+00
28  1 0.00000000E+00 0.00000000E+00 0.00000000E+00 0.00000000E+00-1.78052579E-01
28  2 0.00000000E+00 0.00000000E+00 9.61903237E-01 0.00000000E+00 0.00000000E+00
28  3 1.41800656E-01 0.00000000E+00 0.00000000E+00 0.00000000E+00 0.00000000E+00
28  4 0.00000000E+00 0.00000000E+00 4.88023942E-01 0.00000000E+00-6.06749220E-02
28  5 1.41746493E-01 5.07401197E-01-1.65613767E-01 0.00000000E+00 2.12089418E-01
28  6 9.01762847E-01 0.00000000E+00-6.90157609E-01-5.05833857E-03 5.67893814E-03
28  7-6.20599577E-04 0.00000000E+00 1.03824233E-02 0.00000000E+00 6.06749220E-02
28  8-1.41746493E-01-5.07401197E-01-1.65613767E-01 0.00000000E+00-2.12089418E-01
28  9 9.01762847E-01 0.00000000E+00 6.90157609E-01 5.05833857E-03-5.67893814E-03
28 10 6.20599577E-04 0.00000000E+00 1.03824233E-02 0.00000000E+00
29  1 1.42281794E-02 7.41953063E-02 2.51243569E-01-1.34873304E-01 0.00000000E+00
29  2 0.00000000E+00-5.04047307E-02 0.00000000E+00 0.00000000E+00 2.14749041E-01
29  3 0.00000000E+00 0.00000000E+00-7.06388478E-01 4.54837579E-01 9.42379139E-02
29  4-5.49075493E-01 0.00000000E+00 0.00000000E+00 0.00000000E+00 3.60319001E-03
29  5 3.18792674E-03 7.70000174E-02-2.82364901E-01 0.00000000E+00-3.96164380E-01
29  6 3.47102290E-01 0.00000000E+00 8.04426241E-01-2.76300833E-02-1.41669323E-02
29  7 4.17970156E-02 0.00000000E+00-2.85016599E-02 0.00000000E+00 3.60319001E-03
29  8 3.18792674E-03 7.70000174E-02 2.82364901E-01 0.00000000E+00-3.96164380E-01
29  9-3.47102290E-01 0.00000000E+00 8.04426241E-01-2.76300833E-02-1.41669323E-02
29 10 4.17970156E-02 0.00000000E+00 2.85016599E-02 0.00000000E+00
30  1 0.00000000E+00 0.00000000E+00 0.00000000E+00 0.00000000E+00 0.00000000E+00
30  2 0.00000000E+00 0.00000000E+00 0.00000000E+00 0.00000000E+00 0.00000000E+00
30  3 0.00000000E+00 0.00000000E+00 0.00000000E+00 0.00000000E+00 0.00000000E+00
30  4 0.00000000E+00 3.90678391E-01 0.00000000E+00 0.00000000E+00 0.00000000E+00
30  5 0.00000000E+00 0.00000000E+00 0.00000000E+00-5.74762900E-01 0.00000000E+00
30  6 0.00000000E+00 8.31706579E-01 0.00000000E+00 0.00000000E+00 0.00000000E+00
30  7 0.00000000E+00-4.21896993E-02 0.00000000E+00 2.95960729E-02 0.00000000E+00
30  8 0.00000000E+00 0.00000000E+00 0.00000000E+00 5.74762900E-01 0.00000000E+00
30  9 0.00000000E+00-8.31706579E-01 0.00000000E+00 0.00000000E+00 0.00000000E+00
30 10 0.00000000E+00-4.21896993E-02 0.00000000E+00-2.95960729E-02
31  1 0.00000000E+00 0.00000000E+00 0.00000000E+00 0.00000000E+00 0.00000000E+00
31  2-2.88395182E-02 0.00000000E+00 0.00000000E+00 9.54274658E-02 0.00000000E+00
31  3 0.00000000E+00-7.94902606E-01 0.00000000E+00 0.00000000E+00 0.00000000E+00
31  4 0.00000000E+00 0.00000000E+00 0.00000000E+00-4.04061454E-01 0.00000000E+00
31  5 0.00000000E+00 0.00000000E+00 0.00000000E+00-5.71782543E-01 0.00000000E+00
31  6 0.00000000E+00 9.68305015E-01 0.00000000E+00 0.00000000E+00 0.00000000E+00
31  7 0.00000000E+00-4.26113119E-02 0.00000000E+00 2.27836221E-02 0.00000000E+00
31  8 0.00000000E+00 0.00000000E+00 0.00000000E+00-5.71782543E-01 0.00000000E+00
31  9 0.00000000E+00 9.68305015E-01 0.00000000E+00 0.00000000E+00 0.00000000E+00
31 10 0.00000000E+00 4.26113119E-02 0.00000000E+00 2.27836221E-02
32  1 0.00000000E+00 0.00000000E+00 0.00000000E+00 0.00000000E+00-4.80275743E-02
32  2 0.00000000E+00 0.00000000E+00 2.00464420E-01 0.00000000E+00 0.00000000E+00
32  3-6.05040602E-01 0.00000000E+00 0.00000000E+00 0.00000000E+00 0.00000000E+00
32  4 0.00000000E+00 0.00000000E+00 1.74382196E-01 0.00000000E+00-2.28724833E-03
32  5-1.15301629E-03-9.19567601E-02-3.06445127E-01 0.00000000E+00-5.41844532E-01
32  6 6.32922802E-01 0.00000000E+00 7.29599212E-01-6.07705024E-02 2.41916982E-02
32  7 3.65788042E-02 0.00000000E+00-1.48947781E-02 0.00000000E+00 2.28724833E-03
32  8 1.15301629E-03 9.19567601E-02-3.06445127E-01 0.00000000E+00 5.41844532E-01
32  9 6.32922802E-01 0.00000000E+00-7.29599212E-01 6.07705024E-02-2.41916982E-02
32 10-3.65788042E-02 0.00000000E+00-1.48947781E-02 0.00000000E+00
33  1-8.52784462E-03-2.26458756E-01-3.84341224E-01 5.78978224E-01 0.00000000E+00
33  2 0.00000000E+00-9.40081828E-02 0.00000000E+00 0.00000000E+00 2.42196414E-01
33  3 0.00000000E+00 0.00000000E+00 1.79966435E-01 7.56405457E-01-7.37987876E-01
33  4-1.84175811E-02 0.00000000E+00 0.00000000E+00 0.00000000E+00 3.13608513E-02
33  5-2.42503928E-01-1.93982842E-01-4.23072888E-01 0.00000000E+00 4.08743474E-01
33  6 2.41053346E-01 0.00000000E+00-2.23881206E-01-2.12925515E-02-2.66374828E-02
33  7 4.79300344E-02 0.00000000E+00 3.89158406E-02 0.00000000E+00 3.13608513E-02
33  8-2.42503928E-01-1.93982842E-01 4.23072888E-01 0.00000000E+00 4.08743474E-01
33  9-2.41053346E-01 0.00000000E+00-2.23881206E-01-2.12925515E-02-2.66374828E-02
33 10 4.79300344E-02 0.00000000E+00-3.89158406E-02 0.00000000E+00
34  1 0.00000000E+00 0.00000000E+00 0.00000000E+00 0.00000000E+00-1.30769659E-01
34  2 0.00000000E+00 0.00000000E+00 3.96515049E-01 0.00000000E+00 0.00000000E+00
34  3 6.67688177E-01 0.00000000E+00 0.00000000E+00 0.00000000E+00 0.00000000E+00
34  4 0.00000000E+00 0.00000000E+00 1.06206607E+00 0.00000000E+00-3.53724273E-02
34  5 2.55175904E-02 7.08568607E-01 5.81899320E-01 0.00000000E+00-2.74407296E-01
34  6-2.04290482E-01 0.00000000E+00-6.00189953E-02-1.54595895E-02-3.32188851E-02
34  7 4.86784747E-02 0.00000000E+00 5.31329866E-02 0.00000000E+00 3.53724273E-02
34  8-2.55175904E-02-7.08568607E-01 5.81899320E-01 0.00000000E+00 2.74407296E-01
34  9-2.04290482E-01 0.00000000E+00 6.00189953E-02 1.54595895E-02 3.32188851E-02
34 10-4.86784747E-02 0.00000000E+00 5.31329866E-02 0.00000000E+00
35  1 0.00000000E+00 0.00000000E+00 0.00000000E+00 0.00000000E+00-6.49299714E-03
35  2 0.00000000E+00 0.00000000E+00 2.72183810E-01 0.00000000E+00 0.00000000E+00
35  3 9.73175974E-01 0.00000000E+00 0.00000000E+00 0.00000000E+00 0.00000000E+00
35  4 0.00000000E+00 0.00000000E+00 8.30528154E-02 0.00000000E+00 1.07931807E-02
35  5-1.23391935E+00 1.85758904E+00-4.57903141E-02 0.00000000E+00 6.54979582E-02
35  6 3.58634294E-01 0.00000000E+00-4.25680228E-01-9.96536899E-02 1.44154411E-01
35  7-4.45007212E-02 0.00000000E+00 1.07144777E-01 0.00000000E+00-1.07931807E-02
35  8 1.23391935E+00-1.85758904E+00-4.57903141E-02 0.00000000E+00-6.54979582E-02
35  9 3.58634294E-01 0.00000000E+00 4.25680228E-01 9.96536899E-02-1.44154411E-01
35 10 4.45007212E-02 0.00000000E+00 1.07144777E-01 0.00000000E+00
36  1-2.11695260E-02-2.15163517E-01-4.82548942E-01 2.66723959E+00 0.00000000E+00
36  2 0.00000000E+00-4.01661241E-02 0.00000000E+00 0.00000000E+00 3.22333528E-01
36  3 0.00000000E+00 0.00000000E+00 1.11033847E+00 2.59243833E-01-3.68353588E-01
36  4 1.09109755E-01 0.00000000E+00 0.00000000E+00 0.00000000E+00 1.03858010E-02
36  5 1.24322900E+00-2.41119180E+00-6.10316001E-02 0.00000000E+00 6.58509636E-02
36  6-6.33933129E-01 0.00000000E+00 2.20176176E-01 1.05417595E-01-4.91362545E-02
36  7-5.62813405E-02 0.00000000E+00-1.71371648E-01 0.00000000E+00 1.03858010E-02
36  8 1.24322900E+00-2.41119180E+00 6.10316001E-02 0.00000000E+00 6.58509636E-02
36  9 6.33933129E-01 0.00000000E+00 2.20176176E-01 1.05417595E-01-4.91362545E-02
36 10-5.62813405E-02 0.00000000E+00 1.71371648E-01 0.00000000E+00
37  1 0.00000000E+00 0.00000000E+00 0.00000000E+00 0.00000000E+00 0.00000000E+00
37  2 0.00000000E+00 0.00000000E+00 0.00000000E+00 0.00000000E+00 0.00000000E+00
37  3 0.00000000E+00 0.00000000E+00 0.00000000E+00 0.00000000E+00 0.00000000E+00
37  4 0.00000000E+00 3.35629777E-02 0.00000000E+00 0.00000000E+00 0.00000000E+00
37  5 0.00000000E+00 0.00000000E+00 0.00000000E+00-2.68135800E-02 0.00000000E+00
37  6 0.00000000E+00 4.29879052E-02 0.00000000E+00 0.00000000E+00 0.00000000E+00
37  7 0.00000000E+00 5.42144273E-01 0.00000000E+00 4.55202409E-01 0.00000000E+00
37  8 0.00000000E+00 0.00000000E+00 0.00000000E+00 2.68135800E-02 0.00000000E+00
37  9 0.00000000E+00-4.29879052E-02 0.00000000E+00 0.00000000E+00 0.00000000E+00
37 10 0.00000000E+00 5.42144273E-01 0.00000000E+00-4.55202409E-01
38  1 0.00000000E+00 0.00000000E+00 0.00000000E+00 0.00000000E+00 0.00000000E+00
38  2-2.07581976E-02 0.00000000E+00 0.00000000E+00 7.73509035E-02 0.00000000E+00
38  3 0.00000000E+00 3.00079244E-02 0.00000000E+00 0.00000000E+00 0.00000000E+00
38  4 0.00000000E+00 0.00000000E+00 0.00000000E+00-3.53388506E-02 0.00000000E+00
38  5 0.00000000E+00 0.00000000E+00 0.00000000E+00 3.00053992E-02 0.00000000E+00
38  6 0.00000000E+00-4.88870396E-02 0.00000000E+00 0.00000000E+00 0.00000000E+00
38  7 0.00000000E+00 2.33201215E-01 0.00000000E+00 6.68718242E-01 0.00000000E+00
38  8 0.00000000E+00 0.00000000E+00 0.00000000E+00 3.00053992E-02 0.00000000E+00
38  9 0.00000000E+00-4.88870396E-02 0.00000000E+00 0.00000000E+00 0.00000000E+00
38 10 0.00000000E+00-2.33201215E-01 0.00000000E+00 6.68718242E-01
39  1 0.00000000E+00 0.00000000E+00 0.00000000E+00 0.00000000E+00-1.31524608E-04
39  2 0.00000000E+00 0.00000000E+00-5.26695782E-02 0.00000000E+00 0.00000000E+00
39  3-1.86070362E-03 0.00000000E+00 0.00000000E+00 0.00000000E+00 0.00000000E+00
39  4 0.00000000E+00 0.00000000E+00 1.41999701E-01 0.00000000E+00-2.98682947E-03
39  5 1.57491814E-01-1.52810776E-01 7.94247713E-02 0.00000000E+00-2.11914422E-02
39  6-1.08315208E-01 0.00000000E+00 2.59385196E-02-1.60900798E-01 6.09836919E-01
39  7-4.48936121E-01 0.00000000E+00-3.06384735E-01 0.00000000E+00 2.98682947E-03
39  8-1.57491814E-01 1.52810776E-01 7.94247713E-02 0.00000000E+00 2.11914422E-02
39  9-1.08315208E-01 0.00000000E+00-2.59385196E-02 1.60900798E-01-6.09836919E-01
39 10 4.48936121E-01 0.00000000E+00-3.06384735E-01 0.00000000E+00
40  1 1.43372627E-03 7.94399661E-04 1.45300834E-02-1.87254511E-01 0.00000000E+00
40  2 0.00000000E+00-3.47107998E-03 0.00000000E+00 0.00000000E+00-1.08603351E-02
40  3 0.00000000E+00 0.00000000E+00-9.20244295E-02 6.12147902E-02-1.44254559E-01
40  4 8.30397683E-02 0.00000000E+00 0.00000000E+00 0.00000000E+00 1.97238236E-03
40  5-1.39769972E-01 1.94266559E-01-4.88433828E-02 0.00000000E+00 1.08761964E-02
40  6 8.90862279E-02 0.00000000E+00-1.59428497E-02-2.21646120E-01 6.18824514E-01
40  7-3.97178394E-01 0.00000000E+00-3.24162222E-01 0.00000000E+00 1.97238236E-03
40  8-1.39769972E-01 1.94266559E-01 4.88433828E-02 0.00000000E+00 1.08761964E-02
40  9-8.90862279E-02 0.00000000E+00-1.59428497E-02-2.21646120E-01 6.18824514E-01
40 10-3.97178394E-01 0.00000000E+00 3.24162222E-01 0.00000000E+00
41  1 0.00000000E+00 0.00000000E+00 0.00000000E+00 0.00000000E+00 3.77567835E-02
41  2 0.00000000E+00 0.00000000E+00-1.32727176E-01 0.00000000E+00 0.00000000E+00
41  3-9.21966998E-02 0.00000000E+00 0.00000000E+00 0.00000000E+00 0.00000000E+00
41  4 0.00000000E+00 0.00000000E+00 2.12754550E-01 0.00000000E+00-2.76518460E-05
41  5 1.97007185E-02-1.60204083E-02-4.96418255E-02 0.00000000E+00-9.08712539E-02
41  6 1.34757193E-01 0.00000000E+00 1.46264198E-01 6.02733275E-01-4.43422012E-02
41  7-5.58391073E-01 0.00000000E+00 2.68230255E-01 0.00000000E+00 2.76518460E-05
41  8-1.97007185E-02 1.60204083E-02-4.96418255E-02 0.00000000E+00 9.08712539E-02
41  9 1.34757193E-01 0.00000000E+00-1.46264198E-01-6.02733275E-01 4.43422012E-02
41 10 5.58391073E-01 0.00000000E+00 2.68230255E-01 0.00000000E+00
42  1 0.00000000E+00 0.00000000E+00 0.00000000E+00 0.00000000E+00 0.00000000E+00
42  2 7.44738968E-02 0.00000000E+00 0.00000000E+00-2.73203405E-01 0.00000000E+00
42  3 0.00000000E+00-1.71045475E-01 0.00000000E+00 0.00000000E+00 0.00000000E+00
42  4 0.00000000E+00 0.00000000E+00 0.00000000E+00-3.96504186E-01 0.00000000E+00
42  5 0.00000000E+00 0.00000000E+00 0.00000000E+00-5.30079049E-02 0.00000000E+00
42  6 0.00000000E+00 2.15889532E-01 0.00000000E+00 0.00000000E+00 0.00000000E+00
42  7 0.00000000E+00 7.06591874E-01 0.00000000E+00-2.57787588E-01 0.00000000E+00
42  8 0.00000000E+00 0.00000000E+00 0.00000000E+00-5.30079049E-02 0.00000000E+00
42  9 0.00000000E+00 2.15889532E-01 0.00000000E+00 0.00000000E+00 0.00000000E+00
42 10 0.00000000E+00-7.06591874E-01 0.00000000E+00-2.57787588E-01
43  1 0.00000000E+00 0.00000000E+00 0.00000000E+00 0.00000000E+00 0.00000000E+00
43  2 0.00000000E+00 0.00000000E+00 0.00000000E+00 0.00000000E+00 0.00000000E+00
43  3 0.00000000E+00 0.00000000E+00 0.00000000E+00 0.00000000E+00 0.00000000E+00
43  4 0.00000000E+00-5.25005207E-01 0.00000000E+00 0.00000000E+00 0.00000000E+00
43  5 0.00000000E+00 0.00000000E+00 0.00000000E+00 3.56655346E-02 0.00000000E+00
43  6 0.00000000E+00-1.79056310E-01 0.00000000E+00 0.00000000E+00 0.00000000E+00
43  7 0.00000000E+00-4.94745337E-01 0.00000000E+00 5.71369482E-01 0.00000000E+00
43  8 0.00000000E+00 0.00000000E+00 0.00000000E+00-3.56655346E-02 0.00000000E+00
43  9 0.00000000E+00 1.79056310E-01 0.00000000E+00 0.00000000E+00 0.00000000E+00
43 10 0.00000000E+00-4.94745337E-01 0.00000000E+00-5.71369482E-01
44  1-3.37003407E-03-2.53813375E-02-6.78795450E-02 2.14179811E-01 0.00000000E+00
44  2 0.00000000E+00-6.37665961E-02 0.00000000E+00 0.00000000E+00 2.38623894E-01
44  3 0.00000000E+00 0.00000000E+00 2.67916096E-01-5.41250435E-01-2.53262188E-02
44  4 5.66576654E-01 0.00000000E+00 0.00000000E+00 0.00000000E+00 2.43550675E-03
44  5 9.64615155E-02-1.96161715E-01 7.62593084E-03 0.00000000E+00-4.61858351E-03
44  6-1.57556973E-01 0.00000000E+00-1.84788199E-01-6.34403545E-01-1.42832818E-02
44  7 6.48686827E-01 0.00000000E+00-2.72963410E-01 0.00000000E+00 2.43550675E-03
44  8 9.64615155E-02-1.96161715E-01-7.62593084E-03 0.00000000E+00-4.61858351E-03
44  9 1.57556973E-01 0.00000000E+00-1.84788199E-01-6.34403545E-01-1.42832818E-02
44 10 6.48686827E-01 0.00000000E+00 2.72963410E-01 0.00000000E+00
45  1-5.26379206E-02-1.08817818E-01-8.11838966E-01-1.37368126E+00 0.00000000E+00
45  2 0.00000000E+00 1.38665287E-01 0.00000000E+00 0.00000000E+00-9.12044915E-01
45  3 0.00000000E+00 0.00000000E+00-3.48854246E-01-4.67737441E-01 4.61842129E-01
45  4 5.89531170E-03 0.00000000E+00 0.00000000E+00 0.00000000E+00-3.72577273E-02
45  5-6.33331795E-01 1.56117350E+00 6.41809865E-02 0.00000000E+00-4.25313814E-02
45  6 6.94449848E-01 0.00000000E+00-4.72268005E-01 4.16574559E-01-4.28423292E-01
45  7 1.18487337E-02 0.00000000E+00-6.85520782E-01 0.00000000E+00-3.72577273E-02
45  8-6.33331795E-01 1.56117350E+00-6.41809865E-02 0.00000000E+00-4.25313814E-02
45  9-6.94449848E-01 0.00000000E+00-4.72268005E-01 4.16574559E-01-4.28423292E-01
45 10 1.18487337E-02 0.00000000E+00 6.85520782E-01 0.00000000E+00
46  1 0.00000000E+00 0.00000000E+00 0.00000000E+00 0.00000000E+00-2.20296687E-01
46  2 0.00000000E+00 0.00000000E+00 1.39671312E+00 0.00000000E+00 0.00000000E+00
46  3 4.21943459E-01 0.00000000E+00 0.00000000E+00 0.00000000E+00 0.00000000E+00
46  4 0.00000000E+00 0.00000000E+00 8.19703310E-01 0.00000000E+00-4.10773846E-02
46  5-5.44943239E-01 1.48113241E+00 1.30491431E-01 0.00000000E+00-9.53895765E-02
46  6 6.94452623E-01 0.00000000E+00-4.85829959E-01 4.57514142E-01-4.24135153E-01
46  7-3.33789896E-02 0.00000000E+00-7.33648352E-01 0.00000000E+00 4.10773846E-02
46  8 5.44943239E-01-1.48113241E+00 1.30491431E-01 0.00000000E+00 9.53895765E-02
46  9 6.94452623E-01 0.00000000E+00 4.85829959E-01-4.57514142E-01 4.24135153E-01
46 10 3.33789896E-02 0.00000000E+00-7.33648352E-01 0.00000000E+00
 $END   
 POPULATION ANALYSIS
S           15.22907   0.77093  15.22754   0.77246
O            8.38547  -0.38547   8.38623  -0.38623
O            8.38547  -0.38547   8.38623  -0.38623
 MOMENTS AT POINT    1 X,Y,Z=  0.000000  0.000000  0.000000
 DIPOLE       0.000000  0.000000 -2.061335
