 $DATA  
Title                                                                           
CNV      2

S          16.0      0.0000000000      0.0000000000     -0.2736920456
   PC1     0
        
O           8.0      1.5035081933      0.0000000000      0.2735401837
   PC1     0
        
 $END      
 $ZMAT   IZMAT(1)=
         1,   3,   1,
         1,   2,   1,
         2,   2,   1,   3,
 $END
--- CLOSED SHELL ORBITALS --- GENERATED AT Thu Feb 26 00:18:24 2015
Title                                                                           
E(R-PBE)=     -548.2284370693, E(NUC)=   95.9311332052,   23 ITERS
 $VEC   
 1  1 1.00298057E+00-1.02957209E-02 1.78309122E-03-7.55433509E-04 0.00000000E+00
 1  2 0.00000000E+00 6.59568419E-05 0.00000000E+00 0.00000000E+00 3.66508351E-05
 1  3 0.00000000E+00 0.00000000E+00-1.29362412E-06 9.77671774E-05-5.66050195E-05
 1  4-4.11621579E-05 0.00000000E+00 0.00000000E+00 0.00000000E+00 8.95916084E-06
 1  5 4.42470474E-05-5.81773953E-05-1.77155739E-05 0.00000000E+00 4.33836108E-06
 1  6-1.20272181E-04 0.00000000E+00 5.59935240E-05-1.00798542E-04 6.39360975E-05
 1  7 3.68624444E-05 0.00000000E+00 7.61278110E-05 0.00000000E+00 8.95916084E-06
 1  8 4.42470474E-05-5.81773953E-05 1.77155739E-05 0.00000000E+00 4.33836108E-06
 1  9 1.20272181E-04 0.00000000E+00 5.59935240E-05-1.00798542E-04 6.39360975E-05
 1 10 3.68624444E-05 0.00000000E+00-7.61278110E-05 0.00000000E+00
 2  1 0.00000000E+00 0.00000000E+00 0.00000000E+00 0.00000000E+00 9.67133816E-05
 2  2 0.00000000E+00 0.00000000E+00-1.52586589E-03 0.00000000E+00 0.00000000E+00
 2  3-6.81604438E-03 0.00000000E+00 0.00000000E+00 0.00000000E+00 0.00000000E+00
 2  4 0.00000000E+00 0.00000000E+00-8.99951414E-04 0.00000000E+00 7.03292622E-01
 2  5 2.58892188E-02-1.30879507E-02 7.94740647E-04 0.00000000E+00-4.11432572E-04
 2  6-2.70946976E-03 0.00000000E+00 1.73698353E-03-2.75617954E-04 2.02109734E-04
 2  7 7.35082200E-05 0.00000000E+00 2.74515902E-04 0.00000000E+00-7.03292622E-01
 2  8-2.58892188E-02 1.30879507E-02 7.94740647E-04 0.00000000E+00 4.11432572E-04
 2  9-2.70946976E-03 0.00000000E+00-1.73698353E-03 2.75617954E-04-2.02109734E-04
 2 10-7.35082200E-05 0.00000000E+00 2.74515902E-04 0.00000000E+00
 3  1-4.18562928E-05-6.44173590E-04-1.09747017E-03 8.14950658E-03 0.00000000E+00
 3  2 0.00000000E+00-4.97272629E-05 0.00000000E+00 0.00000000E+00 6.34067765E-04
 3  3 0.00000000E+00 0.00000000E+00 2.39291665E-03 1.14904229E-03-8.08435113E-04
 3  4-3.40607173E-04 0.00000000E+00 0.00000000E+00 0.00000000E+00 7.03260380E-01
 3  5 2.54705077E-02-1.15210137E-02 9.47849166E-04 0.00000000E+00-1.20393286E-04
 3  6-3.36283555E-03 0.00000000E+00 4.57999034E-04-4.64566644E-04 2.75250769E-04
 3  7 1.89315875E-04 0.00000000E+00 2.29966436E-04 0.00000000E+00 7.03260380E-01
 3  8 2.54705077E-02-1.15210137E-02-9.47849166E-04 0.00000000E+00-1.20393286E-04
 3  9 3.36283555E-03 0.00000000E+00 4.57999034E-04-4.64566644E-04 2.75250769E-04
 3 10 1.89315875E-04 0.00000000E+00-2.29966436E-04 0.00000000E+00
 4  1-2.74093390E-01 1.03934473E+00 4.04558930E-02-1.07779017E-02 0.00000000E+00
 4  2 0.00000000E+00 1.17190701E-02 0.00000000E+00 0.00000000E+00 1.17904054E-03
 4  3 0.00000000E+00 0.00000000E+00-3.28836428E-04 1.23067352E-03-6.28945862E-04
 4  4-6.01727661E-04 0.00000000E+00 0.00000000E+00 0.00000000E+00 4.65472682E-05
 4  5 1.59138570E-04-3.03626287E-04-3.37535955E-04 0.00000000E+00 9.72163635E-05
 4  6-1.14835085E-03 0.00000000E+00 5.91308114E-04-7.30503293E-04 4.66421698E-04
 4  7 2.64081595E-04 0.00000000E+00 5.63215255E-04 0.00000000E+00 4.65472682E-05
 4  8 1.59138570E-04-3.03626287E-04 3.37535955E-04 0.00000000E+00 9.72163635E-05
 4  9 1.14835085E-03 0.00000000E+00 5.91308114E-04-7.30503293E-04 4.66421698E-04
 4 10 2.64081595E-04 0.00000000E+00-5.63215255E-04 0.00000000E+00
 5  1 0.00000000E+00 0.00000000E+00 0.00000000E+00 0.00000000E+00 9.96798250E-01
 5  2 0.00000000E+00 0.00000000E+00 9.00816450E-03 0.00000000E+00 0.00000000E+00
 5  3-3.17584327E-04 0.00000000E+00 0.00000000E+00 0.00000000E+00 0.00000000E+00
 5  4 0.00000000E+00 0.00000000E+00 8.27792974E-04 0.00000000E+00 2.07517396E-04
 5  5 1.78107891E-05-3.07150000E-04-2.96080128E-04 0.00000000E+00 1.01961504E-04
 5  6-1.64595044E-04 0.00000000E+00 1.82462242E-04-3.75399830E-04 2.62827448E-04
 5  7 1.12572382E-04 0.00000000E+00 3.59739931E-04 0.00000000E+00-2.07517396E-04
 5  8-1.78107891E-05 3.07150000E-04-2.96080128E-04 0.00000000E+00-1.01961504E-04
 5  9-1.64595044E-04 0.00000000E+00-1.82462242E-04 3.75399830E-04-2.62827448E-04
 5 10-1.12572382E-04 0.00000000E+00 3.59739931E-04 0.00000000E+00
 6  1 0.00000000E+00 0.00000000E+00 0.00000000E+00 0.00000000E+00 0.00000000E+00
 6  2 9.96937701E-01 0.00000000E+00 0.00000000E+00 8.79298384E-03 0.00000000E+00
 6  3 0.00000000E+00-1.38344439E-04 0.00000000E+00 0.00000000E+00 0.00000000E+00
 6  4 0.00000000E+00 0.00000000E+00 0.00000000E+00 7.00177794E-04 0.00000000E+00
 6  5 0.00000000E+00 0.00000000E+00 0.00000000E+00 2.33834540E-05 0.00000000E+00
 6  6 0.00000000E+00-5.16994436E-05 0.00000000E+00 0.00000000E+00 0.00000000E+00
 6  7 0.00000000E+00 4.16945882E-05 0.00000000E+00-2.84413426E-05 0.00000000E+00
 6  8 0.00000000E+00 0.00000000E+00 0.00000000E+00 2.33834540E-05 0.00000000E+00
 6  9 0.00000000E+00-5.16994436E-05 0.00000000E+00 0.00000000E+00 0.00000000E+00
 6 10 0.00000000E+00-4.16945882E-05 0.00000000E+00-2.84413426E-05
 7  1 3.27750387E-03-1.24414924E-02 8.51779599E-05-7.87959171E-04 0.00000000E+00
 7  2 0.00000000E+00 9.96933934E-01 0.00000000E+00 0.00000000E+00 8.51992844E-03
 7  3 0.00000000E+00 0.00000000E+00-2.06821527E-04-6.46063037E-04-2.71784349E-04
 7  4 9.17847386E-04 0.00000000E+00 0.00000000E+00 0.00000000E+00-9.35175356E-05
 7  5-1.23874645E-04 5.49305847E-04 1.69066479E-04 0.00000000E+00-3.99860639E-05
 7  6 3.17190068E-04 0.00000000E+00-1.88513494E-04 2.61087645E-04-1.42362866E-04
 7  7-1.18724778E-04 0.00000000E+00-1.58322586E-04 0.00000000E+00-9.35175356E-05
 7  8-1.23874645E-04 5.49305847E-04-1.69066479E-04 0.00000000E+00-3.99860639E-05
 7  9-3.17190068E-04 0.00000000E+00-1.88513494E-04 2.61087645E-04-1.42362866E-04
 7 10-1.18724778E-04 0.00000000E+00 1.58322586E-04 0.00000000E+00
 8  1 4.76964602E-02-1.38193022E-01 2.80645166E-01 1.63924120E-01 0.00000000E+00
 8  2 0.00000000E+00-3.86751507E-02 0.00000000E+00 0.00000000E+00 7.84865818E-02
 8  3 0.00000000E+00 0.00000000E+00 5.29991712E-03 5.07037601E-02-3.06062053E-02
 8  4-2.00975548E-02 0.00000000E+00 0.00000000E+00 0.00000000E+00-1.26177291E-01
 8  5 2.52439279E-01 2.96109320E-01 9.58218989E-02 0.00000000E+00-3.04880987E-02
 8  6 4.20034863E-02 0.00000000E+00-1.05931865E-02 1.13554834E-02-4.87254800E-03
 8  7-6.48293544E-03 0.00000000E+00-4.65077042E-03 0.00000000E+00-1.26177291E-01
 8  8 2.52439279E-01 2.96109320E-01-9.58218989E-02 0.00000000E+00-3.04880987E-02
 8  9-4.20034863E-02 0.00000000E+00-1.05931865E-02 1.13554834E-02-4.87254800E-03
 8 10-6.48293544E-03 0.00000000E+00 4.65077042E-03 0.00000000E+00
 9  1 0.00000000E+00 0.00000000E+00 0.00000000E+00 0.00000000E+00 1.10428127E-01
 9  2 0.00000000E+00 0.00000000E+00-2.16404840E-01 0.00000000E+00 0.00000000E+00
 9  3-1.86476878E-02 0.00000000E+00 0.00000000E+00 0.00000000E+00 0.00000000E+00
 9  4 0.00000000E+00 0.00000000E+00-4.46447020E-02 0.00000000E+00-1.47596281E-01
 9  5 2.96876925E-01 3.67458898E-01 8.82441247E-02 0.00000000E+00-3.07289736E-02
 9  6 3.97093934E-02 0.00000000E+00-1.66222015E-02 7.88768609E-03-3.45567620E-03
 9  7-4.43200989E-03 0.00000000E+00-5.44755716E-03 0.00000000E+00 1.47596281E-01
 9  8-2.96876925E-01-3.67458898E-01 8.82441247E-02 0.00000000E+00 3.07289736E-02
 9  9 3.97093934E-02 0.00000000E+00 1.66222015E-02-7.88768609E-03 3.45567620E-03
 9 10 4.43200989E-03 0.00000000E+00-5.44755716E-03 0.00000000E+00
10  1 6.87484865E-02-1.91871846E-01 4.37481193E-01 3.98399795E-01 0.00000000E+00
10  2 0.00000000E+00 1.03219094E-02 0.00000000E+00 0.00000000E+00-1.37148418E-02
10  3 0.00000000E+00 0.00000000E+00-2.76709421E-02-1.84895267E-02 1.48437845E-02
10  4 3.64574220E-03 0.00000000E+00 0.00000000E+00 0.00000000E+00 1.03612579E-01
10  5-2.14935149E-01-3.39182950E-01 1.38752339E-01 0.00000000E+00-5.13245840E-02
10  6 6.63444045E-02 0.00000000E+00-1.93217647E-02 7.98228958E-03-6.01987232E-03
10  7-1.96241726E-03 0.00000000E+00-6.16934159E-03 0.00000000E+00 1.03612579E-01
10  8-2.14935149E-01-3.39182950E-01-1.38752339E-01 0.00000000E+00-5.13245840E-02
10  9-6.63444045E-02 0.00000000E+00-1.93217647E-02 7.98228958E-03-6.01987232E-03
10 10-1.96241726E-03 0.00000000E+00 6.16934159E-03 0.00000000E+00
11  1 0.00000000E+00 0.00000000E+00 0.00000000E+00 0.00000000E+00-1.72104886E-01
11  2 0.00000000E+00 0.00000000E+00 4.08116298E-01 0.00000000E+00 0.00000000E+00
11  3 4.92414593E-02 0.00000000E+00 0.00000000E+00 0.00000000E+00 0.00000000E+00
11  4 0.00000000E+00 0.00000000E+00 3.51459174E-02 0.00000000E+00-6.30088935E-02
11  5 1.31536783E-01 2.17477643E-01-3.39796401E-01 0.00000000E+00 1.51272871E-01
11  6-1.98454704E-01 0.00000000E+00 9.70239807E-02-1.00363063E-02 7.94319542E-03
11  7 2.09311084E-03 0.00000000E+00 1.12537781E-02 0.00000000E+00 6.30088935E-02
11  8-1.31536783E-01-2.17477643E-01-3.39796401E-01 0.00000000E+00-1.51272871E-01
11  9-1.98454704E-01 0.00000000E+00-9.70239807E-02 1.00363063E-02-7.94319542E-03
11 10-2.09311084E-03 0.00000000E+00 1.12537781E-02 0.00000000E+00
12  1 0.00000000E+00 0.00000000E+00 0.00000000E+00 0.00000000E+00 0.00000000E+00
12  2-2.03888484E-01 0.00000000E+00 0.00000000E+00 4.77701234E-01 0.00000000E+00
12  3 0.00000000E+00 2.81054312E-01 0.00000000E+00 0.00000000E+00 0.00000000E+00
12  4 0.00000000E+00 0.00000000E+00 0.00000000E+00 3.60795922E-02 0.00000000E+00
12  5 0.00000000E+00 0.00000000E+00 0.00000000E+00 3.03136350E-01 0.00000000E+00
12  6 0.00000000E+00 1.84134127E-01 0.00000000E+00 0.00000000E+00 0.00000000E+00
12  7 0.00000000E+00 1.86903519E-02 0.00000000E+00-6.11098218E-03 0.00000000E+00
12  8 0.00000000E+00 0.00000000E+00 0.00000000E+00 3.03136350E-01 0.00000000E+00
12  9 0.00000000E+00 1.84134127E-01 0.00000000E+00 0.00000000E+00 0.00000000E+00
12 10 0.00000000E+00-1.86903519E-02 0.00000000E+00-6.11098218E-03
13  1-9.62023422E-03 3.90010974E-02-4.54267108E-02-1.60183498E-01 0.00000000E+00
13  2 0.00000000E+00-2.01826793E-01 0.00000000E+00 0.00000000E+00 4.71255561E-01
13  3 0.00000000E+00 0.00000000E+00 2.57911930E-01-2.59559608E-02-1.77477280E-02
13  4 4.37036888E-02 0.00000000E+00 0.00000000E+00 0.00000000E+00 1.46459329E-02
13  5-2.94464677E-02-5.83277392E-02 2.09083701E-01 0.00000000E+00 2.22630106E-01
13  6 1.35117734E-01 0.00000000E+00 1.37056656E-01 1.55070980E-02-3.89121215E-03
13  7-1.16158858E-02 0.00000000E+00 1.07462034E-02 0.00000000E+00 1.46459329E-02
13  8-2.94464677E-02-5.83277392E-02-2.09083701E-01 0.00000000E+00 2.22630106E-01
13  9-1.35117734E-01 0.00000000E+00 1.37056656E-01 1.55070980E-02-3.89121215E-03
13 10-1.16158858E-02 0.00000000E+00-1.07462034E-02 0.00000000E+00
14  1 0.00000000E+00 0.00000000E+00 0.00000000E+00 0.00000000E+00 0.00000000E+00
14  2 0.00000000E+00 0.00000000E+00 0.00000000E+00 0.00000000E+00 0.00000000E+00
14  3 0.00000000E+00 0.00000000E+00 0.00000000E+00 0.00000000E+00 0.00000000E+00
14  4 0.00000000E+00-1.10262224E-01 0.00000000E+00 0.00000000E+00 0.00000000E+00
14  5 0.00000000E+00 0.00000000E+00 0.00000000E+00 4.65526170E-01 0.00000000E+00
14  6 0.00000000E+00 3.31037618E-01 0.00000000E+00 0.00000000E+00 0.00000000E+00
14  7 0.00000000E+00 1.70130145E-02 0.00000000E+00-6.16663441E-03 0.00000000E+00
14  8 0.00000000E+00 0.00000000E+00 0.00000000E+00-4.65526170E-01 0.00000000E+00
14  9 0.00000000E+00-3.31037618E-01 0.00000000E+00 0.00000000E+00 0.00000000E+00
14 10 0.00000000E+00 1.70130145E-02 0.00000000E+00 6.16663441E-03
15  1 0.00000000E+00 0.00000000E+00 0.00000000E+00 0.00000000E+00-1.77079772E-02
15  2 0.00000000E+00 0.00000000E+00 3.75447719E-02 0.00000000E+00 0.00000000E+00
15  3 8.92447996E-02 0.00000000E+00 0.00000000E+00 0.00000000E+00 0.00000000E+00
15  4 0.00000000E+00 0.00000000E+00-1.03071768E-01 0.00000000E+00-1.27659020E-03
15  5 1.88432156E-04 3.18643400E-02 2.18108356E-01 0.00000000E+00 4.11547616E-01
15  6 1.54190904E-01 0.00000000E+00 2.88224604E-01 8.94437881E-03 6.71017792E-04
15  7-9.61539660E-03 0.00000000E+00 1.44919165E-02 0.00000000E+00 1.27659020E-03
15  8-1.88432156E-04-3.18643400E-02 2.18108356E-01 0.00000000E+00-4.11547616E-01
15  9 1.54190904E-01 0.00000000E+00-2.88224604E-01-8.94437881E-03-6.71017792E-04
15 10 9.61539660E-03 0.00000000E+00 1.44919165E-02 0.00000000E+00
16  1 2.30369466E-02-1.04202982E-01 9.93973247E-02 5.18783323E-01 0.00000000E+00
16  2 0.00000000E+00 9.10908635E-02 0.00000000E+00 0.00000000E+00-2.21637943E-01
16  3 0.00000000E+00 0.00000000E+00-8.53148560E-02-1.47970362E-01 6.97847461E-02
16  4 7.81856161E-02 0.00000000E+00 0.00000000E+00 0.00000000E+00 3.04071227E-03
16  5-9.23584950E-03-5.00702077E-02-2.14396243E-01 0.00000000E+00 3.89886324E-01
16  6-1.57714313E-01 0.00000000E+00 2.84069724E-01-1.70374036E-03 3.17825039E-03
16  7-1.47451003E-03 0.00000000E+00 8.80157628E-03 0.00000000E+00 3.04071227E-03
16  8-9.23584950E-03-5.00702077E-02 2.14396243E-01 0.00000000E+00 3.89886324E-01
16  9 1.57714313E-01 0.00000000E+00 2.84069724E-01-1.70374036E-03 3.17825039E-03
16 10-1.47451003E-03 0.00000000E+00-8.80157628E-03 0.00000000E+00
17  1 0.00000000E+00 0.00000000E+00 0.00000000E+00 0.00000000E+00 0.00000000E+00
17  2-2.09844111E-01 0.00000000E+00 0.00000000E+00 5.28339693E-01 0.00000000E+00
17  3 0.00000000E+00 4.25852294E-01 0.00000000E+00 0.00000000E+00 0.00000000E+00
17  4 0.00000000E+00 0.00000000E+00 0.00000000E+00-2.70246903E-02 0.00000000E+00
17  5 0.00000000E+00 0.00000000E+00 0.00000000E+00-3.93957304E-01 0.00000000E+00
17  6 0.00000000E+00-3.12818543E-01 0.00000000E+00 0.00000000E+00 0.00000000E+00
17  7 0.00000000E+00-1.02968157E-03 0.00000000E+00-2.47488763E-04 0.00000000E+00
17  8 0.00000000E+00 0.00000000E+00 0.00000000E+00-3.93957304E-01 0.00000000E+00
17  9 0.00000000E+00-3.12818543E-01 0.00000000E+00 0.00000000E+00 0.00000000E+00
17 10 0.00000000E+00 1.02968157E-03 0.00000000E+00-2.47488763E-04
18  1 2.25915884E-02-8.80009235E-02 1.21809810E-01 5.14540173E-01 0.00000000E+00
18  2 0.00000000E+00-1.86673550E-01 0.00000000E+00 0.00000000E+00 4.81720066E-01
18  3 0.00000000E+00 0.00000000E+00 5.12800765E-01-1.25401195E-01 9.93026540E-02
18  4 2.60985414E-02 0.00000000E+00 0.00000000E+00 0.00000000E+00 2.98899109E-02
18  5-6.28111519E-02-2.19873603E-01-3.69409321E-01 0.00000000E+00-1.62888376E-01
18  6-3.22909980E-01 0.00000000E+00-1.33331315E-01 1.58810813E-04 1.87033523E-03
18  7-2.02914604E-03 0.00000000E+00 4.16786068E-03 0.00000000E+00 2.98899109E-02
18  8-6.28111519E-02-2.19873603E-01 3.69409321E-01 0.00000000E+00-1.62888376E-01
18  9 3.22909980E-01 0.00000000E+00-1.33331315E-01 1.58810813E-04 1.87033523E-03
18 10-2.02914604E-03 0.00000000E+00-4.16786068E-03 0.00000000E+00
19  1 0.00000000E+00 0.00000000E+00 0.00000000E+00 0.00000000E+00-1.93880249E-01
19  2 0.00000000E+00 0.00000000E+00 5.05531018E-01 0.00000000E+00 0.00000000E+00
19  3 1.18917836E+00 0.00000000E+00 0.00000000E+00 0.00000000E+00 0.00000000E+00
19  4 0.00000000E+00 0.00000000E+00-1.77390071E-01 0.00000000E+00-6.23523122E-02
19  5 1.05513768E-01 6.25810272E-01 1.90101700E-01 0.00000000E+00-2.34369223E-01
19  6 3.00562959E-01 0.00000000E+00-2.38387955E-01 7.19118870E-03 1.41825034E-04
19  7-7.33301373E-03 0.00000000E+00 5.62010029E-03 0.00000000E+00 6.23523122E-02
19  8-1.05513768E-01-6.25810272E-01 1.90101700E-01 0.00000000E+00 2.34369223E-01
19  9 3.00562959E-01 0.00000000E+00 2.38387955E-01-7.19118870E-03-1.41825034E-04
19 10 7.33301373E-03 0.00000000E+00 5.62010029E-03 0.00000000E+00
20  1 0.00000000E+00 0.00000000E+00 0.00000000E+00 0.00000000E+00 0.00000000E+00
20  2 2.87748608E-01 0.00000000E+00 0.00000000E+00-1.11767410E+00 0.00000000E+00
20  3 0.00000000E+00 1.24983428E+00 0.00000000E+00 0.00000000E+00 0.00000000E+00
20  4 0.00000000E+00 0.00000000E+00 0.00000000E+00-1.81740711E-01 0.00000000E+00
20  5 0.00000000E+00 0.00000000E+00 0.00000000E+00-7.01235827E-02 0.00000000E+00
20  6 0.00000000E+00-1.09158280E-01 0.00000000E+00 0.00000000E+00 0.00000000E+00
20  7 0.00000000E+00-2.28568611E-02 0.00000000E+00 3.97813922E-03 0.00000000E+00
20  8 0.00000000E+00 0.00000000E+00 0.00000000E+00-7.01235827E-02 0.00000000E+00
20  9 0.00000000E+00-1.09158280E-01 0.00000000E+00 0.00000000E+00 0.00000000E+00
20 10 0.00000000E+00 2.28568611E-02 0.00000000E+00 3.97813922E-03
21  1-2.37052777E-02-1.19386435E-01-4.06248433E-01 7.31085052E-01 0.00000000E+00
21  2 0.00000000E+00 2.72927118E-01 0.00000000E+00 0.00000000E+00-1.05393885E+00
21  3 0.00000000E+00 0.00000000E+00 1.30317263E+00 9.67609464E-02 1.13632140E-01
21  4-2.10393087E-01 0.00000000E+00 0.00000000E+00 0.00000000E+00 1.30620539E-02
21  5-3.35550987E-03-2.97866138E-01 8.39462991E-02 0.00000000E+00-1.01536364E-01
21  6-1.69389254E-01 0.00000000E+00-5.24234768E-02-3.85610160E-02 1.96964506E-02
21  7 1.88645654E-02 0.00000000E+00-1.00730383E-04 0.00000000E+00 1.30620539E-02
21  8-3.35550987E-03-2.97866138E-01-8.39462991E-02 0.00000000E+00-1.01536364E-01
21  9 1.69389254E-01 0.00000000E+00-5.24234768E-02-3.85610160E-02 1.96964506E-02
21 10 1.88645654E-02 0.00000000E+00 1.00730383E-04 0.00000000E+00
22  1 0.00000000E+00 0.00000000E+00 0.00000000E+00 0.00000000E+00 2.95063804E-01
22  2 0.00000000E+00 0.00000000E+00-1.09517345E+00 0.00000000E+00 0.00000000E+00
22  3 1.56753322E+00 0.00000000E+00 0.00000000E+00 0.00000000E+00 0.00000000E+00
22  4 0.00000000E+00 0.00000000E+00 9.24681284E-02 0.00000000E+00-1.29666539E-02
22  5-3.88584688E-02 5.66749875E-01-2.82722881E-01 0.00000000E+00 6.35031557E-02
22  6 1.16937623E-01 0.00000000E+00-8.34594565E-02 3.87549085E-02-2.67066184E-02
22  7-1.20482901E-02 0.00000000E+00-3.45973598E-02 0.00000000E+00 1.29666539E-02
22  8 3.88584688E-02-5.66749875E-01-2.82722881E-01 0.00000000E+00-6.35031557E-02
22  9 1.16937623E-01 0.00000000E+00 8.34594565E-02-3.87549085E-02 2.67066184E-02
22 10 1.20482901E-02 0.00000000E+00-3.45973598E-02 0.00000000E+00
23  1-1.13001578E-01-3.89255369E-01-1.71880706E+00 2.07878925E+00 0.00000000E+00
23  2 0.00000000E+00-6.95797275E-02 0.00000000E+00 0.00000000E+00 2.72489865E-01
23  3 0.00000000E+00 0.00000000E+00-1.67582795E-01-1.53204413E-01 7.49824176E-02
23  4 7.82219949E-02 0.00000000E+00 0.00000000E+00 0.00000000E+00 1.17341917E-02
23  5-2.86529969E-02-2.50275850E-01 1.04870888E-01 0.00000000E+00-8.84094235E-02
23  6-1.32034496E-01 0.00000000E+00 7.63284031E-02-3.51533375E-02 2.60869665E-02
23  7 9.06637101E-03 0.00000000E+00 3.75914237E-02 0.00000000E+00 1.17341917E-02
23  8-2.86529969E-02-2.50275850E-01-1.04870888E-01 0.00000000E+00-8.84094235E-02
23  9 1.32034496E-01 0.00000000E+00 7.63284031E-02-3.51533375E-02 2.60869665E-02
23 10 9.06637101E-03 0.00000000E+00-3.75914237E-02 0.00000000E+00
24  1 0.00000000E+00 0.00000000E+00 0.00000000E+00 0.00000000E+00 0.00000000E+00
24  2 0.00000000E+00 0.00000000E+00 0.00000000E+00 0.00000000E+00 0.00000000E+00
24  3 0.00000000E+00 0.00000000E+00 0.00000000E+00 0.00000000E+00 0.00000000E+00
24  4 0.00000000E+00 8.50144861E-01 0.00000000E+00 0.00000000E+00 0.00000000E+00
24  5 0.00000000E+00 0.00000000E+00 0.00000000E+00 3.67285728E-01 0.00000000E+00
24  6 0.00000000E+00-1.50928586E-01 0.00000000E+00 0.00000000E+00 0.00000000E+00
24  7 0.00000000E+00-5.63610027E-02 0.00000000E+00 2.89313169E-02 0.00000000E+00
24  8 0.00000000E+00 0.00000000E+00 0.00000000E+00-3.67285728E-01 0.00000000E+00
24  9 0.00000000E+00 1.50928586E-01 0.00000000E+00 0.00000000E+00 0.00000000E+00
24 10 0.00000000E+00-5.63610027E-02 0.00000000E+00-2.89313169E-02
25  1 0.00000000E+00 0.00000000E+00 0.00000000E+00 0.00000000E+00 0.00000000E+00
25  2 5.57318110E-02 0.00000000E+00 0.00000000E+00-2.15704433E-01 0.00000000E+00
25  3 0.00000000E+00 1.87650186E-01 0.00000000E+00 0.00000000E+00 0.00000000E+00
25  4 0.00000000E+00 0.00000000E+00 0.00000000E+00 9.52454545E-01 0.00000000E+00
25  5 0.00000000E+00 0.00000000E+00 0.00000000E+00-1.75792775E-01 0.00000000E+00
25  6 0.00000000E+00 6.50753583E-02 0.00000000E+00 0.00000000E+00 0.00000000E+00
25  7 0.00000000E+00 2.79296780E-02 0.00000000E+00 1.66894377E-02 0.00000000E+00
25  8 0.00000000E+00 0.00000000E+00 0.00000000E+00-1.75792775E-01 0.00000000E+00
25  9 0.00000000E+00 6.50753583E-02 0.00000000E+00 0.00000000E+00 0.00000000E+00
25 10 0.00000000E+00-2.79296780E-02 0.00000000E+00 1.66894377E-02
26  1-3.55513591E-05-1.05486793E-02-1.36097413E-02 7.31391517E-02 0.00000000E+00
26  2 0.00000000E+00 5.86435460E-02 0.00000000E+00 0.00000000E+00-2.26711414E-01
26  3 0.00000000E+00 0.00000000E+00 2.20853253E-01-7.22531292E-02-7.77850860E-01
26  4 8.50103989E-01 0.00000000E+00 0.00000000E+00 0.00000000E+00 2.87815321E-03
26  5-7.42965121E-03-4.18761234E-02-5.53658296E-02 0.00000000E+00-1.87745133E-01
26  6-3.20591604E-04 0.00000000E+00 7.74931250E-02 1.04357747E-02-1.86953511E-02
26  7 8.25957642E-03 0.00000000E+00 2.83243956E-02 0.00000000E+00 2.87815321E-03
26  8-7.42965121E-03-4.18761234E-02 5.53658296E-02 0.00000000E+00-1.87745133E-01
26  9 3.20591604E-04 0.00000000E+00 7.74931250E-02 1.04357747E-02-1.86953511E-02
26 10 8.25957642E-03 0.00000000E+00-2.83243956E-02 0.00000000E+00
27  1 0.00000000E+00 0.00000000E+00 0.00000000E+00 0.00000000E+00-9.40579237E-02
27  2 0.00000000E+00 0.00000000E+00 4.18295970E-01 0.00000000E+00 0.00000000E+00
27  3 5.80178045E-01 0.00000000E+00 0.00000000E+00 0.00000000E+00 0.00000000E+00
27  4 0.00000000E+00 0.00000000E+00 8.31125238E-01 0.00000000E+00-5.64450643E-02
27  5 2.05874805E-01 3.38812182E-01 3.62906759E-03 0.00000000E+00 2.85264064E-01
27  6 5.42871572E-01 0.00000000E+00-3.95363544E-01-4.02530981E-02 2.40627702E-03
27  7 3.78468211E-02 0.00000000E+00-2.54841751E-02 0.00000000E+00 5.64450643E-02
27  8-2.05874805E-01-3.38812182E-01 3.62906759E-03 0.00000000E+00-2.85264064E-01
27  9 5.42871572E-01 0.00000000E+00 3.95363544E-01 4.02530981E-02-2.40627702E-03
27 10-3.78468211E-02 0.00000000E+00-2.54841751E-02 0.00000000E+00
28  1 1.79704336E-03-7.53360103E-02-6.11140411E-02 1.24731022E+00 0.00000000E+00
28  2 0.00000000E+00-5.85622136E-02 0.00000000E+00 0.00000000E+00 2.80894103E-01
28  3 0.00000000E+00 0.00000000E+00 1.92909241E-01 7.08736851E-01-4.64371149E-01
28  4-2.44365702E-01 0.00000000E+00 0.00000000E+00 0.00000000E+00 6.19677200E-02
28  5-2.39255091E-01-3.27845476E-01 3.33754026E-01 0.00000000E+00 1.19486230E-02
28  6-9.73360604E-01 0.00000000E+00 2.32765994E-01 3.28181727E-03-1.28667316E-02
28  7 9.58491434E-03 0.00000000E+00-2.10886787E-02 0.00000000E+00 6.19677200E-02
28  8-2.39255091E-01-3.27845476E-01-3.33754026E-01 0.00000000E+00 1.19486230E-02
28  9 9.73360604E-01 0.00000000E+00 2.32765994E-01 3.28181727E-03-1.28667316E-02
28 10 9.58491434E-03 0.00000000E+00 2.10886787E-02 0.00000000E+00
29  1 0.00000000E+00 0.00000000E+00 0.00000000E+00 0.00000000E+00-5.02648794E-02
29  2 0.00000000E+00 0.00000000E+00 3.41530586E-01 0.00000000E+00 0.00000000E+00
29  3-2.72489853E-01 0.00000000E+00 0.00000000E+00 0.00000000E+00 0.00000000E+00
29  4 0.00000000E+00 0.00000000E+00 2.02065130E-01 0.00000000E+00-6.10172796E-03
29  5-2.14373326E-02 1.03870441E-02-4.39882942E-01 0.00000000E+00-4.16177274E-01
29  6 6.81117390E-01 0.00000000E+00 4.86205245E-01-3.94312907E-02 1.79412749E-02
29  7 2.14900158E-02 0.00000000E+00 4.92490774E-03 0.00000000E+00 6.10172796E-03
29  8 2.14373326E-02-1.03870441E-02-4.39882942E-01 0.00000000E+00 4.16177274E-01
29  9 6.81117390E-01 0.00000000E+00-4.86205245E-01 3.94312907E-02-1.79412749E-02
29 10-2.14900158E-02 0.00000000E+00 4.92490774E-03 0.00000000E+00
30  1 0.00000000E+00 0.00000000E+00 0.00000000E+00 0.00000000E+00 0.00000000E+00
30  2 0.00000000E+00 0.00000000E+00 0.00000000E+00 0.00000000E+00 0.00000000E+00
30  3 0.00000000E+00 0.00000000E+00 0.00000000E+00 0.00000000E+00 0.00000000E+00
30  4 0.00000000E+00 5.43861892E-01 0.00000000E+00 0.00000000E+00 0.00000000E+00
30  5 0.00000000E+00 0.00000000E+00 0.00000000E+00-5.41455980E-01 0.00000000E+00
30  6 0.00000000E+00 7.65202876E-01 0.00000000E+00 0.00000000E+00 0.00000000E+00
30  7 0.00000000E+00-5.88808649E-02 0.00000000E+00 2.76230528E-02 0.00000000E+00
30  8 0.00000000E+00 0.00000000E+00 0.00000000E+00 5.41455980E-01 0.00000000E+00
30  9 0.00000000E+00-7.65202876E-01 0.00000000E+00 0.00000000E+00 0.00000000E+00
30 10 0.00000000E+00-5.88808649E-02 0.00000000E+00-2.76230528E-02
31  1 1.32477950E-02 7.04323826E-02 2.40470926E-01-1.28226928E-01 0.00000000E+00
31  2 0.00000000E+00-2.84418039E-02 0.00000000E+00 0.00000000E+00 1.60388447E-01
31  3 0.00000000E+00 0.00000000E+00-6.21499710E-01 9.55013948E-02 1.76057276E-01
31  4-2.71558671E-01 0.00000000E+00 0.00000000E+00 0.00000000E+00-5.80722540E-03
31  5 9.05844332E-02-3.84272338E-03-6.62202677E-02 0.00000000E+00-5.98095874E-01
31  6 1.01708391E-01 0.00000000E+00 8.71460904E-01 8.20705630E-04-4.94118831E-03
31  7 4.12048268E-03 0.00000000E+00-4.32778304E-02 0.00000000E+00-5.80722540E-03
31  8 9.05844332E-02-3.84272338E-03 6.62202677E-02 0.00000000E+00-5.98095874E-01
31  9-1.01708391E-01 0.00000000E+00 8.71460904E-01 8.20705630E-04-4.94118831E-03
31 10 4.12048268E-03 0.00000000E+00 4.32778304E-02 0.00000000E+00
32  1 0.00000000E+00 0.00000000E+00 0.00000000E+00 0.00000000E+00 0.00000000E+00
32  2-2.56059711E-02 0.00000000E+00 0.00000000E+00 1.22937458E-01 0.00000000E+00
32  3 0.00000000E+00-6.48963807E-01 0.00000000E+00 0.00000000E+00 0.00000000E+00
32  4 0.00000000E+00 0.00000000E+00 0.00000000E+00-2.49511683E-01 0.00000000E+00
32  5 0.00000000E+00 0.00000000E+00 0.00000000E+00-6.13327453E-01 0.00000000E+00
32  6 0.00000000E+00 9.03702699E-01 0.00000000E+00 0.00000000E+00 0.00000000E+00
32  7 0.00000000E+00-3.71873215E-02 0.00000000E+00 3.56343079E-03 0.00000000E+00
32  8 0.00000000E+00 0.00000000E+00 0.00000000E+00-6.13327453E-01 0.00000000E+00
32  9 0.00000000E+00 9.03702699E-01 0.00000000E+00 0.00000000E+00 0.00000000E+00
32 10 0.00000000E+00 3.71873215E-02 0.00000000E+00 3.56343079E-03
33  1 0.00000000E+00 0.00000000E+00 0.00000000E+00 0.00000000E+00 2.41880980E-02
33  2 0.00000000E+00 0.00000000E+00-2.98588710E-01 0.00000000E+00 0.00000000E+00
33  3 2.08758222E-01 0.00000000E+00 0.00000000E+00 0.00000000E+00 0.00000000E+00
33  4 0.00000000E+00 0.00000000E+00 6.05493012E-01 0.00000000E+00-3.49681889E-03
33  5-3.22829747E-02 1.48242583E-01 4.33930664E-01 0.00000000E+00-3.72261734E-01
33  6-4.21754537E-01 0.00000000E+00 5.22961817E-01-1.55531743E-02-2.10316872E-02
33  7 3.65848615E-02 0.00000000E+00-6.57636874E-02 0.00000000E+00 3.49681889E-03
33  8 3.22829747E-02-1.48242583E-01 4.33930664E-01 0.00000000E+00 3.72261734E-01
33  9-4.21754537E-01 0.00000000E+00-5.22961817E-01 1.55531743E-02 2.10316872E-02
33 10-3.65848615E-02 0.00000000E+00-6.57636874E-02 0.00000000E+00
34  1-3.15133797E-02-2.11114067E-01-6.25229495E-01 6.74133830E-01 0.00000000E+00
34  2 0.00000000E+00-2.45861400E-02 0.00000000E+00 0.00000000E+00 3.25712841E-02
34  3 0.00000000E+00 0.00000000E+00-1.07956532E-02 8.48126596E-01-4.73970109E-01
34  4-3.74156488E-01 0.00000000E+00 0.00000000E+00 0.00000000E+00 2.59206240E-02
34  5-7.40414862E-02-2.20947036E-01-5.26932884E-01 0.00000000E+00 1.16793909E-01
34  6 3.58064144E-01 0.00000000E+00 7.81129546E-02-4.89194353E-02-1.01257203E-03
34  7 4.99320073E-02 0.00000000E+00-4.55594123E-02 0.00000000E+00 2.59206240E-02
34  8-7.40414862E-02-2.20947036E-01 5.26932884E-01 0.00000000E+00 1.16793909E-01
34  9-3.58064144E-01 0.00000000E+00 7.81129546E-02-4.89194353E-02-1.01257203E-03
34 10 4.99320073E-02 0.00000000E+00 4.55594123E-02 0.00000000E+00
35  1-2.00542374E-02-2.14320495E-01-4.71036360E-01 1.82543337E+00 0.00000000E+00
35  2 0.00000000E+00-1.08722867E-02 0.00000000E+00 0.00000000E+00 8.70196425E-02
35  3 0.00000000E+00 0.00000000E+00 5.48185768E-01 3.53602675E-01-2.48866221E-01
35  4-1.04736454E-01 0.00000000E+00 0.00000000E+00 0.00000000E+00-5.69806443E-03
35  5 1.15113517E+00-1.73142885E+00 7.74269141E-02 0.00000000E+00 5.72350324E-02
35  6-6.61917735E-01 0.00000000E+00 2.59046856E-02 1.91491085E-01-1.14779574E-01
35  7-7.67115106E-02 0.00000000E+00-7.99433803E-02 0.00000000E+00-5.69806443E-03
35  8 1.15113517E+00-1.73142885E+00-7.74269141E-02 0.00000000E+00 5.72350324E-02
35  9 6.61917735E-01 0.00000000E+00 2.59046856E-02 1.91491085E-01-1.14779574E-01
35 10-7.67115106E-02 0.00000000E+00 7.99433803E-02 0.00000000E+00
36  1 0.00000000E+00 0.00000000E+00 0.00000000E+00 0.00000000E+00-2.68137384E-02
36  2 0.00000000E+00 0.00000000E+00 2.06754716E-01 0.00000000E+00 0.00000000E+00
36  3 1.43129480E+00 0.00000000E+00 0.00000000E+00 0.00000000E+00 0.00000000E+00
36  4 0.00000000E+00 0.00000000E+00 2.67300063E-01 0.00000000E+00 1.70365473E-03
36  5-1.22793082E+00 2.00285715E+00-1.27929310E-02 0.00000000E+00 9.07232487E-02
36  6 4.53734208E-01 0.00000000E+00-3.68914133E-01-1.59344530E-01 9.59628172E-02
36  7 6.33817131E-02 0.00000000E+00 1.29982524E-01 0.00000000E+00-1.70365473E-03
36  8 1.22793082E+00-2.00285715E+00-1.27929310E-02 0.00000000E+00-9.07232487E-02
36  9 4.53734208E-01 0.00000000E+00 3.68914133E-01 1.59344530E-01-9.59628172E-02
36 10-6.33817131E-02 0.00000000E+00 1.29982524E-01 0.00000000E+00
37  1 0.00000000E+00 0.00000000E+00 0.00000000E+00 0.00000000E+00 4.27578669E-05
37  2 0.00000000E+00 0.00000000E+00-2.82704133E-03 0.00000000E+00 0.00000000E+00
37  3 3.08105401E-02 0.00000000E+00 0.00000000E+00 0.00000000E+00 0.00000000E+00
37  4 0.00000000E+00 0.00000000E+00-2.39050689E-02 0.00000000E+00 4.69823638E-04
37  5-1.69808624E-02 2.64870247E-02 1.19327806E-03 0.00000000E+00 8.17645880E-03
37  6-1.85786074E-03 0.00000000E+00-1.40974984E-02-1.45168416E-01 6.10789555E-01
37  7-4.65621138E-01 0.00000000E+00-3.04790573E-01 0.00000000E+00-4.69823638E-04
37  8 1.69808624E-02-2.64870247E-02 1.19327806E-03 0.00000000E+00-8.17645880E-03
37  9-1.85786074E-03 0.00000000E+00 1.40974984E-02 1.45168416E-01-6.10789555E-01
37 10 4.65621138E-01 0.00000000E+00-3.04790573E-01 0.00000000E+00
38  1 0.00000000E+00 0.00000000E+00 0.00000000E+00 0.00000000E+00 0.00000000E+00
38  2 0.00000000E+00 0.00000000E+00 0.00000000E+00 0.00000000E+00 0.00000000E+00
38  3 0.00000000E+00 0.00000000E+00 0.00000000E+00 0.00000000E+00 0.00000000E+00
38  4 0.00000000E+00 2.34562927E-02 0.00000000E+00 0.00000000E+00 0.00000000E+00
38  5 0.00000000E+00 0.00000000E+00 0.00000000E+00-4.81306694E-03 0.00000000E+00
38  6 0.00000000E+00 7.86842040E-03 0.00000000E+00 0.00000000E+00 0.00000000E+00
38  7 0.00000000E+00 3.31094044E-01 0.00000000E+00 6.24934735E-01 0.00000000E+00
38  8 0.00000000E+00 0.00000000E+00 0.00000000E+00 4.81306694E-03 0.00000000E+00
38  9 0.00000000E+00-7.86842040E-03 0.00000000E+00 0.00000000E+00 0.00000000E+00
38 10 0.00000000E+00 3.31094044E-01 0.00000000E+00-6.24934735E-01
39  1 0.00000000E+00 0.00000000E+00 0.00000000E+00 0.00000000E+00 0.00000000E+00
39  2-1.58631020E-02 0.00000000E+00 0.00000000E+00 4.54238927E-02 0.00000000E+00
39  3 0.00000000E+00 3.97950927E-02 0.00000000E+00 0.00000000E+00 0.00000000E+00
39  4 0.00000000E+00 0.00000000E+00 0.00000000E+00-2.29837783E-02 0.00000000E+00
39  5 0.00000000E+00 0.00000000E+00 0.00000000E+00 1.83281591E-02 0.00000000E+00
39  6 0.00000000E+00-3.12249197E-02 0.00000000E+00 0.00000000E+00 0.00000000E+00
39  7 0.00000000E+00-2.17837721E-02 0.00000000E+00 7.07656776E-01 0.00000000E+00
39  8 0.00000000E+00 0.00000000E+00 0.00000000E+00 1.83281591E-02 0.00000000E+00
39  9 0.00000000E+00-3.12249197E-02 0.00000000E+00 0.00000000E+00 0.00000000E+00
39 10 0.00000000E+00 2.17837721E-02 0.00000000E+00 7.07656776E-01
40  1-1.98737165E-03-6.64432799E-03-3.12471963E-02 2.04650962E-02 0.00000000E+00
40  2 0.00000000E+00 6.09973545E-03 0.00000000E+00 0.00000000E+00-2.25405688E-02
40  3 0.00000000E+00 0.00000000E+00 2.65721434E-03 2.67469040E-02-7.30927101E-02
40  4 4.63458062E-02 0.00000000E+00 0.00000000E+00 0.00000000E+00 1.23481331E-03
40  5-1.07659816E-02 8.68530570E-04-1.33979056E-02 0.00000000E+00 1.81450829E-03
40  6 1.05012989E-02 0.00000000E+00-1.19588740E-03-6.86723781E-03 5.92988990E-01
40  7-5.86121753E-01 0.00000000E+00-1.91081227E-01 0.00000000E+00 1.23481331E-03
40  8-1.07659816E-02 8.68530570E-04 1.33979056E-02 0.00000000E+00 1.81450829E-03
40  9-1.05012989E-02 0.00000000E+00-1.19588740E-03-6.86723781E-03 5.92988990E-01
40 10-5.86121753E-01 0.00000000E+00 1.91081227E-01 0.00000000E+00
41  1 0.00000000E+00 0.00000000E+00 0.00000000E+00 0.00000000E+00 0.00000000E+00
41  2 3.83420236E-02 0.00000000E+00 0.00000000E+00-1.05583188E-01 0.00000000E+00
41  3 0.00000000E+00-1.35952133E-01 0.00000000E+00 0.00000000E+00 0.00000000E+00
41  4 0.00000000E+00 0.00000000E+00 0.00000000E+00-1.70451209E-01 0.00000000E+00
41  5 0.00000000E+00 0.00000000E+00 0.00000000E+00-5.64038842E-02 0.00000000E+00
41  6 0.00000000E+00 1.17093165E-01 0.00000000E+00 0.00000000E+00 0.00000000E+00
41  7 0.00000000E+00 7.16227831E-01 0.00000000E+00 1.66700668E-02 0.00000000E+00
41  8 0.00000000E+00 0.00000000E+00 0.00000000E+00-5.64038842E-02 0.00000000E+00
41  9 0.00000000E+00 1.17093165E-01 0.00000000E+00 0.00000000E+00 0.00000000E+00
41 10 0.00000000E+00-7.16227831E-01 0.00000000E+00 1.66700668E-02
42  1 0.00000000E+00 0.00000000E+00 0.00000000E+00 0.00000000E+00 4.39634326E-02
42  2 0.00000000E+00 0.00000000E+00-1.97270389E-01 0.00000000E+00 0.00000000E+00
42  3-8.23930831E-02 0.00000000E+00 0.00000000E+00 0.00000000E+00 0.00000000E+00
42  4 0.00000000E+00 0.00000000E+00 2.75310375E-01 0.00000000E+00-1.51423522E-03
42  5 1.43137155E-01-1.88557844E-01 4.36806742E-02 0.00000000E+00-5.97670012E-02
42  6-7.33248116E-02 0.00000000E+00 1.29264467E-01 2.75709932E-01 1.55917848E-01
42  7-4.31627780E-01 0.00000000E+00 5.64592988E-01 0.00000000E+00 1.51423522E-03
42  8-1.43137155E-01 1.88557844E-01 4.36806742E-02 0.00000000E+00 5.97670012E-02
42  9-7.33248116E-02 0.00000000E+00-1.29264467E-01-2.75709932E-01-1.55917848E-01
42 10 4.31627780E-01 0.00000000E+00 5.64592988E-01 0.00000000E+00
43  1-5.55645524E-03 1.38539389E-02-5.13202564E-02-2.53791214E-01 0.00000000E+00
43  2 0.00000000E+00 4.92501485E-02 0.00000000E+00 0.00000000E+00-1.64601096E-01
43  3 0.00000000E+00 0.00000000E+00-2.13489086E-01 1.38976895E-01 7.49217712E-02
43  4-2.13898666E-01 0.00000000E+00 0.00000000E+00 0.00000000E+00 1.06189059E-03
43  5-2.02939412E-01 2.96968288E-01-8.36591054E-02 0.00000000E+00-3.98940251E-02
43  6 2.08475224E-01 0.00000000E+00 9.95965709E-02 5.02852619E-01-1.28185310E-01
43  7-3.74667309E-01 0.00000000E+00 4.88446444E-01 0.00000000E+00 1.06189059E-03
43  8-2.02939412E-01 2.96968288E-01 8.36591054E-02 0.00000000E+00-3.98940251E-02
43  9-2.08475224E-01 0.00000000E+00 9.95965709E-02 5.02852619E-01-1.28185310E-01
43 10-3.74667309E-01 0.00000000E+00-4.88446444E-01 0.00000000E+00
44  1 0.00000000E+00 0.00000000E+00 0.00000000E+00 0.00000000E+00 0.00000000E+00
44  2 0.00000000E+00 0.00000000E+00 0.00000000E+00 0.00000000E+00 0.00000000E+00
44  3 0.00000000E+00 0.00000000E+00 0.00000000E+00 0.00000000E+00 0.00000000E+00
44  4 0.00000000E+00 4.11294130E-01 0.00000000E+00 0.00000000E+00 0.00000000E+00
44  5 0.00000000E+00 0.00000000E+00 0.00000000E+00-4.07107832E-02 0.00000000E+00
44  6 0.00000000E+00 1.20556668E-01 0.00000000E+00 0.00000000E+00 0.00000000E+00
44  7 0.00000000E+00 6.43176545E-01 0.00000000E+00-3.37127259E-01 0.00000000E+00
44  8 0.00000000E+00 0.00000000E+00 0.00000000E+00 4.07107832E-02 0.00000000E+00
44  9 0.00000000E+00-1.20556668E-01 0.00000000E+00 0.00000000E+00 0.00000000E+00
44 10 0.00000000E+00 6.43176545E-01 0.00000000E+00 3.37127259E-01
45  1 0.00000000E+00 0.00000000E+00 0.00000000E+00 0.00000000E+00-1.91248170E-01
45  2 0.00000000E+00 0.00000000E+00 8.97778938E-01 0.00000000E+00 0.00000000E+00
45  3 4.37283400E-01 0.00000000E+00 0.00000000E+00 0.00000000E+00 0.00000000E+00
45  4 0.00000000E+00 0.00000000E+00 4.93477688E-01 0.00000000E+00-2.10163740E-02
45  5-5.35715479E-01 1.01764910E+00-2.97930593E-02 0.00000000E+00 2.01550053E-02
45  6 5.49570937E-01 0.00000000E+00-1.97172886E-01 7.01786980E-01-3.51391424E-01
45  7-3.50395556E-01 0.00000000E+00-3.19855635E-01 0.00000000E+00 2.10163740E-02
45  8 5.35715479E-01-1.01764910E+00-2.97930593E-02 0.00000000E+00-2.01550053E-02
45  9 5.49570937E-01 0.00000000E+00 1.97172886E-01-7.01786980E-01 3.51391424E-01
45 10 3.50395556E-01 0.00000000E+00-3.19855635E-01 0.00000000E+00
46  1 2.83653351E-02-9.68091913E-02 2.21187238E-01 1.18524709E+00 0.00000000E+00
46  2 0.00000000E+00-6.92091995E-02 0.00000000E+00 0.00000000E+00 3.39026189E-01
46  3 0.00000000E+00 0.00000000E+00 1.74300487E-01 7.69304856E-01-4.39980904E-01
46  4-3.29323952E-01 0.00000000E+00 0.00000000E+00 0.00000000E+00 2.57929992E-02
46  5 5.68822329E-01-1.12412612E+00 1.98741341E-02 0.00000000E+00 5.25252773E-04
46  6-6.41414245E-01 0.00000000E+00 2.40564962E-01-5.49081566E-01 4.00999295E-01
46  7 1.48082271E-01 0.00000000E+00 5.48579628E-01 0.00000000E+00 2.57929992E-02
46  8 5.68822329E-01-1.12412612E+00-1.98741341E-02 0.00000000E+00 5.25252773E-04
46  9 6.41414245E-01 0.00000000E+00 2.40564962E-01-5.49081566E-01 4.00999295E-01
46 10 1.48082271E-01 0.00000000E+00-5.48579628E-01 0.00000000E+00
 $END   
 POPULATION ANALYSIS
S           15.19391   0.80609  15.24114   0.75886
O            8.40304  -0.40304   8.37943  -0.37943
O            8.40304  -0.40304   8.37943  -0.37943
 MOMENTS AT POINT    1 X,Y,Z=  0.000000  0.000000  0.000000
 DIPOLE       0.000000  0.000000 -1.067986
