 $DATA  
Title                                                                           
CNV      2

S          16.0      0.0000000000      0.0000000000     -0.4303017067
   PC1     0
        
O           8.0      1.2287280664      0.0000000000      0.4300629478
   PC1     0
        
 $END      
 $ZMAT   IZMAT(1)=
         1,   3,   1,
         1,   2,   1,
         2,   2,   1,   3,
 $END
--- CLOSED SHELL ORBITALS --- GENERATED AT Thu Feb 26 00:16:44 2015
Title                                                                           
E(R-PBE)=     -548.2613334561, E(NUC)=  104.0943814985,   21 ITERS
 $VEC   
 1  1 1.00298200E+00-1.02728324E-02 1.84264832E-03-7.58375445E-04 0.00000000E+00
 1  2 0.00000000E+00 5.10117504E-05 0.00000000E+00 0.00000000E+00 1.20050366E-04
 1  3 0.00000000E+00 0.00000000E+00-2.40575303E-05 8.01817648E-05-6.79772179E-05
 1  4-1.22045469E-05 0.00000000E+00 0.00000000E+00 0.00000000E+00 1.10236801E-05
 1  5 2.96018383E-05-6.77651988E-05-3.75309811E-05 0.00000000E+00 2.16917011E-05
 1  6-1.15010922E-04 0.00000000E+00 1.05708990E-04-6.52965518E-05 7.12076799E-05
 1  7-5.91112818E-06 0.00000000E+00 1.16528517E-04 0.00000000E+00 1.10236801E-05
 1  8 2.96018383E-05-6.77651988E-05 3.75309811E-05 0.00000000E+00 2.16917011E-05
 1  9 1.15010922E-04 0.00000000E+00 1.05708990E-04-6.52965518E-05 7.12076799E-05
 1 10-5.91112818E-06 0.00000000E+00-1.16528517E-04 0.00000000E+00
 2  1-7.13717153E-05-7.18033980E-04-1.49499741E-03 1.16624237E-02 0.00000000E+00
 2  2 0.00000000E+00-8.89824303E-05 0.00000000E+00 0.00000000E+00 1.46856487E-03
 2  3 0.00000000E+00 0.00000000E+00 5.03079788E-03 6.98055081E-04-1.04822518E-03
 2  4 3.50170099E-04 0.00000000E+00 0.00000000E+00 0.00000000E+00 7.03314198E-01
 2  5 2.62068265E-02-1.43184792E-02 7.96719870E-04 0.00000000E+00-4.96031405E-04
 2  6-3.74526256E-03 0.00000000E+00 1.68117066E-03-3.49250288E-04 2.31829681E-04
 2  7 1.17420607E-04 0.00000000E+00 3.94248264E-04 0.00000000E+00 7.03314198E-01
 2  8 2.62068265E-02-1.43184792E-02-7.96719870E-04 0.00000000E+00-4.96031405E-04
 2  9 3.74526256E-03 0.00000000E+00 1.68117066E-03-3.49250288E-04 2.31829681E-04
 2 10 1.17420607E-04 0.00000000E+00-3.94248264E-04 0.00000000E+00
 3  1 0.00000000E+00 0.00000000E+00 0.00000000E+00 0.00000000E+00-3.01771497E-05
 3  2 0.00000000E+00 0.00000000E+00-1.32705223E-03 0.00000000E+00 0.00000000E+00
 3  3-4.50751078E-03 0.00000000E+00 0.00000000E+00 0.00000000E+00 0.00000000E+00
 3  4 0.00000000E+00 0.00000000E+00-4.38680338E-04 0.00000000E+00 7.03241163E-01
 3  5 2.56005280E-02-1.16886353E-02 8.96802787E-04 0.00000000E+00-6.90371496E-04
 3  6-2.08046409E-03 0.00000000E+00 2.07499965E-03-1.44831673E-04 2.28561728E-04
 3  7-8.37300551E-05 0.00000000E+00 2.76471048E-04 0.00000000E+00-7.03241163E-01
 3  8-2.56005280E-02 1.16886353E-02 8.96802787E-04 0.00000000E+00 6.90371496E-04
 3  9-2.08046409E-03 0.00000000E+00-2.07499965E-03 1.44831673E-04-2.28561728E-04
 3 10 8.37300551E-05 0.00000000E+00 2.76471048E-04 0.00000000E+00
 4  1-2.74045477E-01 1.03951774E+00 4.12683485E-02-1.14404489E-02 0.00000000E+00
 4  2 0.00000000E+00 1.03376489E-02 0.00000000E+00 0.00000000E+00 1.60862435E-03
 4  3 0.00000000E+00 0.00000000E+00-6.19053643E-04 8.65215354E-04-5.90237298E-04
 4  4-2.74978056E-04 0.00000000E+00 0.00000000E+00 0.00000000E+00-3.79345294E-05
 4  5-1.30748851E-04 9.67014219E-05-3.53898046E-04 0.00000000E+00 2.06935004E-04
 4  6-8.97246297E-04 0.00000000E+00 9.27178205E-04-2.69843405E-04 3.26763529E-04
 4  7-5.69201241E-05 0.00000000E+00 5.36465418E-04 0.00000000E+00-3.79345294E-05
 4  8-1.30748851E-04 9.67014219E-05 3.53898046E-04 0.00000000E+00 2.06935004E-04
 4  9 8.97246297E-04 0.00000000E+00 9.27178205E-04-2.69843405E-04 3.26763529E-04
 4 10-5.69201241E-05 0.00000000E+00-5.36465418E-04 0.00000000E+00
 5  1 0.00000000E+00 0.00000000E+00 0.00000000E+00 0.00000000E+00 9.96602130E-01
 5  2 0.00000000E+00 0.00000000E+00 9.56167239E-03 0.00000000E+00 0.00000000E+00
 5  3-2.42242087E-04 0.00000000E+00 0.00000000E+00 0.00000000E+00 0.00000000E+00
 5  4 0.00000000E+00 0.00000000E+00 9.34922544E-04 0.00000000E+00 3.23625396E-04
 5  5-2.06837880E-04-9.19116606E-05-4.29240778E-04 0.00000000E+00 3.49222802E-04
 5  6-3.97071250E-05 0.00000000E+00 6.72479360E-05-1.93522962E-04 2.93135024E-04
 5  7-9.96120618E-05 0.00000000E+00 4.95496397E-04 0.00000000E+00-3.23625396E-04
 5  8 2.06837880E-04 9.19116606E-05-4.29240778E-04 0.00000000E+00-3.49222802E-04
 5  9-3.97071250E-05 0.00000000E+00-6.72479360E-05 1.93522962E-04-2.93135024E-04
 5 10 9.96120618E-05 0.00000000E+00 4.95496397E-04 0.00000000E+00
 6  1 0.00000000E+00 0.00000000E+00 0.00000000E+00 0.00000000E+00 0.00000000E+00
 6  2 9.96809173E-01 0.00000000E+00 0.00000000E+00 9.18576330E-03 0.00000000E+00
 6  3 0.00000000E+00-2.48333620E-04 0.00000000E+00 0.00000000E+00 0.00000000E+00
 6  4 0.00000000E+00 0.00000000E+00 0.00000000E+00 5.90694380E-04 0.00000000E+00
 6  5 0.00000000E+00 0.00000000E+00 0.00000000E+00 6.05864735E-05 0.00000000E+00
 6  6 0.00000000E+00-6.97829450E-05 0.00000000E+00 0.00000000E+00 0.00000000E+00
 6  7 0.00000000E+00 7.00095439E-05 0.00000000E+00-6.71678918E-05 0.00000000E+00
 6  8 0.00000000E+00 0.00000000E+00 0.00000000E+00 6.05864735E-05 0.00000000E+00
 6  9 0.00000000E+00-6.97829450E-05 0.00000000E+00 0.00000000E+00 0.00000000E+00
 6 10 0.00000000E+00-7.00095439E-05 0.00000000E+00-6.71678918E-05
 7  1 2.90618417E-03-1.11729596E-02-1.61334901E-04-6.05998045E-04 0.00000000E+00
 7  2 0.00000000E+00 9.96778895E-01 0.00000000E+00 0.00000000E+00 8.88952154E-03
 7  3 0.00000000E+00 0.00000000E+00-3.49911960E-04-4.43585350E-04-2.96230465E-04
 7  4 7.39815815E-04 0.00000000E+00 0.00000000E+00 0.00000000E+00-2.44278148E-04
 7  5 5.16791440E-05 5.79109626E-04 4.28280501E-04 0.00000000E+00-2.41671674E-04
 7  6 2.19257115E-04 0.00000000E+00-2.83230499E-04 2.87945403E-04-2.49636751E-04
 7  7-3.83086520E-05 0.00000000E+00-4.24974100E-04 0.00000000E+00-2.44278148E-04
 7  8 5.16791440E-05 5.79109626E-04-4.28280501E-04 0.00000000E+00-2.41671674E-04
 7  9-2.19257115E-04 0.00000000E+00-2.83230499E-04 2.87945403E-04-2.49636751E-04
 7 10-3.83086520E-05 0.00000000E+00 4.24974100E-04 0.00000000E+00
 8  1 5.05679064E-02-1.43526315E-01 2.99216340E-01 1.31005367E-01 0.00000000E+00
 8  2 0.00000000E+00-6.69957620E-02 0.00000000E+00 0.00000000E+00 1.27249659E-01
 8  3 0.00000000E+00 0.00000000E+00-3.39290479E-03 3.31730563E-02-3.24099867E-02
 8  4-7.63069536E-04 0.00000000E+00 0.00000000E+00 0.00000000E+00-1.21548318E-01
 8  5 2.39482002E-01 2.76192427E-01 1.01135313E-01 0.00000000E+00-6.41646495E-02
 8  6 4.07852622E-02 0.00000000E+00-2.44543217E-02 8.36031312E-03-6.16857622E-03
 8  7-2.19173690E-03 0.00000000E+00-1.25045295E-02 0.00000000E+00-1.21548318E-01
 8  8 2.39482002E-01 2.76192427E-01-1.01135313E-01 0.00000000E+00-6.41646495E-02
 8  9-4.07852622E-02 0.00000000E+00-2.44543217E-02 8.36031312E-03-6.16857622E-03
 8 10-2.19173690E-03 0.00000000E+00 1.25045295E-02 0.00000000E+00
 9  1 0.00000000E+00 0.00000000E+00 0.00000000E+00 0.00000000E+00 1.22454573E-01
 9  2 0.00000000E+00 0.00000000E+00-2.41245616E-01 0.00000000E+00 0.00000000E+00
 9  3-2.83081910E-02 0.00000000E+00 0.00000000E+00 0.00000000E+00 0.00000000E+00
 9  4 0.00000000E+00 0.00000000E+00-7.94284154E-02 0.00000000E+00-1.46339624E-01
 9  5 2.96271601E-01 3.40947693E-01 8.20765442E-02 0.00000000E+00-6.90899475E-02
 9  6 2.72174127E-02 0.00000000E+00-2.52065464E-02 1.67090700E-03-2.31057448E-03
 9  7 6.39667478E-04 0.00000000E+00-8.26708040E-03 0.00000000E+00 1.46339624E-01
 9  8-2.96271601E-01-3.40947693E-01 8.20765442E-02 0.00000000E+00 6.90899475E-02
 9  9 2.72174127E-02 0.00000000E+00 2.52065464E-02-1.67090700E-03 2.31057448E-03
 9 10-6.39667478E-04 0.00000000E+00-8.26708040E-03 0.00000000E+00
10  1 6.72158474E-02-1.85914405E-01 4.30991974E-01 3.99893201E-01 0.00000000E+00
10  2 0.00000000E+00 5.74381877E-02 0.00000000E+00 0.00000000E+00-1.17439639E-01
10  3 0.00000000E+00 0.00000000E+00-8.27320855E-02-9.99625260E-03 2.11926393E-02
10  4-1.11963867E-02 0.00000000E+00 0.00000000E+00 0.00000000E+00 9.99616431E-02
10  5-2.05466178E-01-3.28704225E-01 1.01104834E-01 0.00000000E+00-1.03555110E-01
10  6 4.66161844E-02 0.00000000E+00-4.48193435E-02 2.55948254E-03-5.49549826E-03
10  7 2.93601571E-03 0.00000000E+00-8.31805517E-03 0.00000000E+00 9.99616431E-02
10  8-2.05466178E-01-3.28704225E-01-1.01104834E-01 0.00000000E+00-1.03555110E-01
10  9-4.66161844E-02 0.00000000E+00-4.48193435E-02 2.55948254E-03-5.49549826E-03
10 10 2.93601571E-03 0.00000000E+00 8.31805517E-03 0.00000000E+00
11  1 0.00000000E+00 0.00000000E+00 0.00000000E+00 0.00000000E+00 0.00000000E+00
11  2-2.06857645E-01 0.00000000E+00 0.00000000E+00 4.83668548E-01 0.00000000E+00
11  3 0.00000000E+00 2.59403428E-01 0.00000000E+00 0.00000000E+00 0.00000000E+00
11  4 0.00000000E+00 0.00000000E+00 0.00000000E+00 5.38582987E-02 0.00000000E+00
11  5 0.00000000E+00 0.00000000E+00 0.00000000E+00 2.99879320E-01 0.00000000E+00
11  6 0.00000000E+00 1.75859620E-01 0.00000000E+00 0.00000000E+00 0.00000000E+00
11  7 0.00000000E+00 1.86772557E-02 0.00000000E+00-1.25182943E-02 0.00000000E+00
11  8 0.00000000E+00 0.00000000E+00 0.00000000E+00 2.99879320E-01 0.00000000E+00
11  9 0.00000000E+00 1.75859620E-01 0.00000000E+00 0.00000000E+00 0.00000000E+00
11 10 0.00000000E+00-1.86772557E-02 0.00000000E+00-1.25182943E-02
12  1 0.00000000E+00 0.00000000E+00 0.00000000E+00 0.00000000E+00-1.72372567E-01
12  2 0.00000000E+00 0.00000000E+00 4.10870637E-01 0.00000000E+00 0.00000000E+00
12  3 8.45337416E-02 0.00000000E+00 0.00000000E+00 0.00000000E+00 0.00000000E+00
12  4 0.00000000E+00 0.00000000E+00 4.26286882E-02 0.00000000E+00-6.68220683E-02
12  5 1.32501315E-01 2.60043565E-01-2.39101278E-01 0.00000000E+00 2.78103092E-01
12  6-1.31118687E-01 0.00000000E+00 1.59671170E-01-6.01737548E-04 8.00609721E-03
12  7-7.40435966E-03 0.00000000E+00 1.30833994E-02 0.00000000E+00 6.68220683E-02
12  8-1.32501315E-01-2.60043565E-01-2.39101278E-01 0.00000000E+00-2.78103092E-01
12  9-1.31118687E-01 0.00000000E+00-1.59671170E-01 6.01737548E-04-8.00609721E-03
12 10 7.40435966E-03 0.00000000E+00 1.30833994E-02 0.00000000E+00
13  1-5.71109257E-03 4.30060466E-02-2.12291039E-04-2.42051731E-01 0.00000000E+00
13  2 0.00000000E+00-1.93401375E-01 0.00000000E+00 0.00000000E+00 4.51328067E-01
13  3 0.00000000E+00 0.00000000E+00 1.74605664E-01-4.58950612E-02-1.65471097E-02
13  4 6.24421710E-02 0.00000000E+00 0.00000000E+00 0.00000000E+00 3.75917406E-02
13  5-7.57140107E-02-1.34211063E-01 3.13944693E-01 0.00000000E+00 8.10538656E-02
13  6 1.95888043E-01 0.00000000E+00 4.86414814E-02 1.94608503E-02-5.82841580E-03
13  7-1.36324345E-02 0.00000000E+00-2.08928511E-03 0.00000000E+00 3.75917406E-02
13  8-7.57140107E-02-1.34211063E-01-3.13944693E-01 0.00000000E+00 8.10538656E-02
13  9-1.95888043E-01 0.00000000E+00 4.86414814E-02 1.94608503E-02-5.82841580E-03
13 10-1.36324345E-02 0.00000000E+00 2.08928511E-03 0.00000000E+00
14  1 0.00000000E+00 0.00000000E+00 0.00000000E+00 0.00000000E+00 0.00000000E+00
14  2 0.00000000E+00 0.00000000E+00 0.00000000E+00 0.00000000E+00 0.00000000E+00
14  3 0.00000000E+00 0.00000000E+00 0.00000000E+00 0.00000000E+00 0.00000000E+00
14  4 0.00000000E+00-1.20812426E-01 0.00000000E+00 0.00000000E+00 0.00000000E+00
14  5 0.00000000E+00 0.00000000E+00 0.00000000E+00 4.66705946E-01 0.00000000E+00
14  6 0.00000000E+00 3.31468483E-01 0.00000000E+00 0.00000000E+00 0.00000000E+00
14  7 0.00000000E+00 1.64882006E-02 0.00000000E+00-1.34938844E-02 0.00000000E+00
14  8 0.00000000E+00 0.00000000E+00 0.00000000E+00-4.66705946E-01 0.00000000E+00
14  9 0.00000000E+00-3.31468483E-01 0.00000000E+00 0.00000000E+00 0.00000000E+00
14 10 0.00000000E+00 1.64882006E-02 0.00000000E+00 1.34938844E-02
15  1 1.65781108E-02-8.48217350E-02 5.88419501E-02 4.56956742E-01 0.00000000E+00
15  2 0.00000000E+00 1.00461695E-01 0.00000000E+00 0.00000000E+00-2.40016935E-01
15  3 0.00000000E+00 0.00000000E+00-8.27819443E-02-1.38800250E-01 5.06453487E-02
15  4 8.81549014E-02 0.00000000E+00 0.00000000E+00 0.00000000E+00-1.52398149E-03
15  5 1.74606963E-03-2.73700987E-02-2.63671845E-03 0.00000000E+00 4.32983090E-01
15  6 5.50684704E-05 0.00000000E+00 3.20735284E-01 5.75722479E-03 4.31849302E-03
15  7-1.00757178E-02 0.00000000E+00 1.17813588E-02 0.00000000E+00-1.52398149E-03
15  8 1.74606963E-03-2.73700987E-02 2.63671845E-03 0.00000000E+00 4.32983090E-01
15  9-5.50684704E-05 0.00000000E+00 3.20735284E-01 5.75722479E-03 4.31849302E-03
15 10-1.00757178E-02 0.00000000E+00-1.17813588E-02 0.00000000E+00
16  1 0.00000000E+00 0.00000000E+00 0.00000000E+00 0.00000000E+00-1.19440786E-02
16  2 0.00000000E+00 0.00000000E+00 2.04090402E-02 0.00000000E+00 0.00000000E+00
16  3 1.44792303E-01 0.00000000E+00 0.00000000E+00 0.00000000E+00 0.00000000E+00
16  4 0.00000000E+00 0.00000000E+00-1.07838857E-01 0.00000000E+00-2.41094048E-03
16  5 4.98434099E-03 4.17458285E-02 3.87386988E-01 0.00000000E+00 2.79118250E-01
16  6 2.61413295E-01 0.00000000E+00 1.93028480E-01 1.77629705E-02-4.25029492E-05
16  7-1.77204675E-02 0.00000000E+00 3.29629019E-03 0.00000000E+00 2.41094048E-03
16  8-4.98434099E-03-4.17458285E-02 3.87386988E-01 0.00000000E+00-2.79118250E-01
16  9 2.61413295E-01 0.00000000E+00-1.93028480E-01-1.77629705E-02 4.25029492E-05
16 10 1.77204675E-02 0.00000000E+00 3.29629019E-03 0.00000000E+00
17  1 0.00000000E+00 0.00000000E+00 0.00000000E+00 0.00000000E+00 0.00000000E+00
17  2-2.07622639E-01 0.00000000E+00 0.00000000E+00 5.25583502E-01 0.00000000E+00
17  3 0.00000000E+00 4.75354750E-01 0.00000000E+00 0.00000000E+00 0.00000000E+00
17  4 0.00000000E+00 0.00000000E+00 0.00000000E+00-8.05121220E-02 0.00000000E+00
17  5 0.00000000E+00 0.00000000E+00 0.00000000E+00-3.81486001E-01 0.00000000E+00
17  6 0.00000000E+00-3.31308087E-01 0.00000000E+00 0.00000000E+00 0.00000000E+00
17  7 0.00000000E+00-3.73790427E-03 0.00000000E+00 5.41359603E-04 0.00000000E+00
17  8 0.00000000E+00 0.00000000E+00 0.00000000E+00-3.81486001E-01 0.00000000E+00
17  9 0.00000000E+00-3.31308087E-01 0.00000000E+00 0.00000000E+00 0.00000000E+00
17 10 0.00000000E+00 3.73790427E-03 0.00000000E+00 5.41359603E-04
18  1 0.00000000E+00 0.00000000E+00 0.00000000E+00 0.00000000E+00-1.72582860E-01
18  2 0.00000000E+00 0.00000000E+00 4.39721555E-01 0.00000000E+00 0.00000000E+00
18  3 1.02550897E+00 0.00000000E+00 0.00000000E+00 0.00000000E+00 0.00000000E+00
18  4 0.00000000E+00 0.00000000E+00-2.24187658E-01 0.00000000E+00-4.65067529E-02
18  5 7.52238904E-02 4.87724619E-01 5.34834323E-02 0.00000000E+00-2.97101147E-01
18  6 7.98412305E-02 0.00000000E+00-3.10677164E-01 2.00541761E-03 2.76546306E-03
18  7-4.77088067E-03 0.00000000E+00 1.07726684E-03 0.00000000E+00 4.65067529E-02
18  8-7.52238904E-02-4.87724619E-01 5.34834323E-02 0.00000000E+00 2.97101147E-01
18  9 7.98412305E-02 0.00000000E+00 3.10677164E-01-2.00541761E-03-2.76546306E-03
18 10 4.77088067E-03 0.00000000E+00 1.07726684E-03 0.00000000E+00
19  1 2.74910623E-02-1.32200909E-01 1.22117772E-01 9.60167683E-01 0.00000000E+00
19  2 0.00000000E+00-1.49378778E-01 0.00000000E+00 0.00000000E+00 3.95245725E-01
19  3 0.00000000E+00 0.00000000E+00 9.25516183E-01-1.32137671E-01 2.24667979E-01
19  4-9.25303083E-02 0.00000000E+00 0.00000000E+00 0.00000000E+00 5.60846750E-02
19  5-9.44327931E-02-5.52446462E-01-3.26798125E-01 0.00000000E+00 3.45142315E-02
19  6-4.25610268E-01 0.00000000E+00 3.77742366E-02 2.23023127E-04 7.20436211E-03
19  7-7.42738524E-03 0.00000000E+00 1.79281790E-03 0.00000000E+00 5.60846750E-02
19  8-9.44327931E-02-5.52446462E-01 3.26798125E-01 0.00000000E+00 3.45142315E-02
19  9 4.25610268E-01 0.00000000E+00 3.77742366E-02 2.23023127E-04 7.20436211E-03
19 10-7.42738524E-03 0.00000000E+00-1.79281790E-03 0.00000000E+00
20  1 0.00000000E+00 0.00000000E+00 0.00000000E+00 0.00000000E+00 0.00000000E+00
20  2 2.83825856E-01 0.00000000E+00 0.00000000E+00-1.09702226E+00 0.00000000E+00
20  3 0.00000000E+00 1.23758383E+00 0.00000000E+00 0.00000000E+00 0.00000000E+00
20  4 0.00000000E+00 0.00000000E+00 0.00000000E+00-2.31301664E-01 0.00000000E+00
20  5 0.00000000E+00 0.00000000E+00 0.00000000E+00-1.25276203E-02 0.00000000E+00
20  6 0.00000000E+00-1.16215204E-01 0.00000000E+00 0.00000000E+00 0.00000000E+00
20  7 0.00000000E+00-2.96376468E-02 0.00000000E+00 1.33646524E-02 0.00000000E+00
20  8 0.00000000E+00 0.00000000E+00 0.00000000E+00-1.25276203E-02 0.00000000E+00
20  9 0.00000000E+00-1.16215204E-01 0.00000000E+00 0.00000000E+00 0.00000000E+00
20 10 0.00000000E+00 2.96376468E-02 0.00000000E+00 1.33646524E-02
21  1 7.64456242E-03-3.34968190E-04 8.78877804E-02 1.86192809E-01 0.00000000E+00
21  2 0.00000000E+00 2.85284951E-01 0.00000000E+00 0.00000000E+00-1.06351133E+00
21  3 0.00000000E+00 0.00000000E+00 1.31139049E+00 2.84460769E-01-8.14188103E-02
21  4-2.03041958E-01 0.00000000E+00 0.00000000E+00 0.00000000E+00 6.69083689E-03
21  5 5.18600832E-02-3.73173804E-01 1.78294610E-01 0.00000000E+00-4.95224437E-02
21  6-1.32810428E-01 0.00000000E+00-3.00114187E-02-4.27024925E-02 1.51741648E-02
21  7 2.75283276E-02 0.00000000E+00 7.60930122E-03 0.00000000E+00 6.69083689E-03
21  8 5.18600832E-02-3.73173804E-01-1.78294610E-01 0.00000000E+00-4.95224437E-02
21  9 1.32810428E-01 0.00000000E+00-3.00114187E-02-4.27024925E-02 1.51741648E-02
21 10 2.75283276E-02 0.00000000E+00-7.60930122E-03 0.00000000E+00
22  1 0.00000000E+00 0.00000000E+00 0.00000000E+00 0.00000000E+00 2.89246021E-01
22  2 0.00000000E+00 0.00000000E+00-1.06317229E+00 0.00000000E+00 0.00000000E+00
22  3 1.48482712E+00 0.00000000E+00 0.00000000E+00 0.00000000E+00 0.00000000E+00
22  4 0.00000000E+00 0.00000000E+00 2.67928000E-01 0.00000000E+00-1.22648746E-02
22  5-4.22065578E-02 5.26313098E-01-2.31674427E-01 0.00000000E+00 1.15535476E-01
22  6 5.94523590E-02 0.00000000E+00-1.23594843E-01 9.67735446E-03-2.70201446E-02
22  7 1.73427902E-02 0.00000000E+00-4.69303438E-02 0.00000000E+00 1.22648746E-02
22  8 4.22065578E-02-5.26313098E-01-2.31674427E-01 0.00000000E+00-1.15535476E-01
22  9 5.94523590E-02 0.00000000E+00 1.23594843E-01-9.67735446E-03 2.70201446E-02
22 10-1.73427902E-02 0.00000000E+00-4.69303438E-02 0.00000000E+00
23  1-1.16022774E-01-4.11200248E-01-1.77609829E+00 2.35144592E+00 0.00000000E+00
23  2 0.00000000E+00 3.28807634E-03 0.00000000E+00 0.00000000E+00 1.37156801E-02
23  3 0.00000000E+00 0.00000000E+00 3.49270557E-01-1.36182058E-02 1.29534133E-01
23  4-1.15915927E-01 0.00000000E+00 0.00000000E+00 0.00000000E+00 1.85659502E-02
23  5-2.60770483E-02-4.54933128E-01 1.55026942E-01 0.00000000E+00-1.22674375E-01
23  6-1.89638971E-01 0.00000000E+00 9.52861275E-02-3.38550492E-02 3.57303643E-02
23  7-1.87531514E-03 0.00000000E+00 4.34616516E-02 0.00000000E+00 1.85659502E-02
23  8-2.60770483E-02-4.54933128E-01-1.55026942E-01 0.00000000E+00-1.22674375E-01
23  9 1.89638971E-01 0.00000000E+00 9.52861275E-02-3.38550492E-02 3.57303643E-02
23 10-1.87531514E-03 0.00000000E+00-4.34616516E-02 0.00000000E+00
24  1 0.00000000E+00 0.00000000E+00 0.00000000E+00 0.00000000E+00 0.00000000E+00
24  2 6.71933470E-02 0.00000000E+00 0.00000000E+00-2.76170755E-01 0.00000000E+00
24  3 0.00000000E+00 2.89247945E-01 0.00000000E+00 0.00000000E+00 0.00000000E+00
24  4 0.00000000E+00 0.00000000E+00 0.00000000E+00 8.96728274E-01 0.00000000E+00
24  5 0.00000000E+00 0.00000000E+00 0.00000000E+00-2.93250604E-01 0.00000000E+00
24  6 0.00000000E+00 7.34829135E-02 0.00000000E+00 0.00000000E+00 0.00000000E+00
24  7 0.00000000E+00 4.04683794E-02 0.00000000E+00 4.60831413E-03 0.00000000E+00
24  8 0.00000000E+00 0.00000000E+00 0.00000000E+00-2.93250604E-01 0.00000000E+00
24  9 0.00000000E+00 7.34829135E-02 0.00000000E+00 0.00000000E+00 0.00000000E+00
24 10 0.00000000E+00-4.04683794E-02 0.00000000E+00 4.60831413E-03
25  1 0.00000000E+00 0.00000000E+00 0.00000000E+00 0.00000000E+00 0.00000000E+00
25  2 0.00000000E+00 0.00000000E+00 0.00000000E+00 0.00000000E+00 0.00000000E+00
25  3 0.00000000E+00 0.00000000E+00 0.00000000E+00 0.00000000E+00 0.00000000E+00
25  4 0.00000000E+00 9.11226128E-01 0.00000000E+00 0.00000000E+00 0.00000000E+00
25  5 0.00000000E+00 0.00000000E+00 0.00000000E+00 3.23947065E-01 0.00000000E+00
25  6 0.00000000E+00-6.67761878E-02 0.00000000E+00 0.00000000E+00 0.00000000E+00
25  7 0.00000000E+00-3.36345825E-02 0.00000000E+00 4.72127008E-02 0.00000000E+00
25  8 0.00000000E+00 0.00000000E+00 0.00000000E+00-3.23947065E-01 0.00000000E+00
25  9 0.00000000E+00 6.67761878E-02 0.00000000E+00 0.00000000E+00 0.00000000E+00
25 10 0.00000000E+00-3.36345825E-02 0.00000000E+00-4.72127008E-02
26  1-7.64172571E-03-5.65272630E-02-1.52780425E-01 4.54096645E-01 0.00000000E+00
26  2 0.00000000E+00 5.06721687E-02 0.00000000E+00 0.00000000E+00-2.02146830E-01
26  3 0.00000000E+00 0.00000000E+00 4.00483148E-01-2.97717474E-01-5.27631411E-01
26  4 8.25348885E-01 0.00000000E+00 0.00000000E+00 0.00000000E+00 1.51383055E-02
26  5-5.63642492E-02-1.71313240E-01-1.67718628E-01 0.00000000E+00-3.40078536E-01
26  6-6.06250611E-02 0.00000000E+00 1.68919083E-01 3.43776356E-02-9.12848465E-03
26  7-2.52491509E-02 0.00000000E+00 3.97234444E-02 0.00000000E+00 1.51383055E-02
26  8-5.63642492E-02-1.71313240E-01 1.67718628E-01 0.00000000E+00-3.40078536E-01
26  9 6.06250611E-02 0.00000000E+00 1.68919083E-01 3.43776356E-02-9.12848465E-03
26 10-2.52491509E-02 0.00000000E+00-3.97234444E-02 0.00000000E+00
27  1 8.76180772E-03-4.32672727E-02 5.55809250E-02 1.35572571E+00 0.00000000E+00
27  2 0.00000000E+00-1.16276940E-01 0.00000000E+00 0.00000000E+00 5.69637988E-01
27  3 0.00000000E+00 0.00000000E+00 2.84524210E-01 6.13838264E-01-6.39077692E-01
27  4 2.52394285E-02 0.00000000E+00 0.00000000E+00 0.00000000E+00 6.21632334E-02
27  5-1.73093624E-01-5.32055249E-01 2.83990344E-01 0.00000000E+00 1.41927086E-02
27  6-8.76210756E-01 0.00000000E+00 4.44306064E-01-6.44218780E-03-1.40413665E-02
27  7 2.04835543E-02 0.00000000E+00-7.91491866E-03 0.00000000E+00 6.21632334E-02
27  8-1.73093624E-01-5.32055249E-01-2.83990344E-01 0.00000000E+00 1.41927086E-02
27  9 8.76210756E-01 0.00000000E+00 4.44306064E-01-6.44218780E-03-1.40413665E-02
27 10 2.04835543E-02 0.00000000E+00 7.91491866E-03 0.00000000E+00
28  1 0.00000000E+00 0.00000000E+00 0.00000000E+00 0.00000000E+00-1.42970867E-01
28  2 0.00000000E+00 0.00000000E+00 7.47544538E-01 0.00000000E+00 0.00000000E+00
28  3 3.05457474E-01 0.00000000E+00 0.00000000E+00 0.00000000E+00 0.00000000E+00
28  4 0.00000000E+00 0.00000000E+00 6.45551256E-01 0.00000000E+00-6.20264521E-02
28  5 1.80566782E-01 4.12431152E-01-1.72648375E-01 0.00000000E+00 2.16563754E-01
28  6 8.13917766E-01 0.00000000E+00-6.42833462E-01-1.61737136E-02 6.50867915E-03
28  7 9.66503447E-03 0.00000000E+00 1.37091600E-02 0.00000000E+00 6.20264521E-02
28  8-1.80566782E-01-4.12431152E-01-1.72648375E-01 0.00000000E+00-2.16563754E-01
28  9 8.13917766E-01 0.00000000E+00 6.42833462E-01 1.61737136E-02-6.50867915E-03
28 10-9.66503447E-03 0.00000000E+00 1.37091600E-02 0.00000000E+00
29  1 6.06213910E-03 2.64425105E-02 1.00442048E-01-4.76206227E-02 0.00000000E+00
29  2 0.00000000E+00-4.20932192E-02 0.00000000E+00 0.00000000E+00 1.76726957E-01
29  3 0.00000000E+00 0.00000000E+00-5.93115158E-01 5.21210894E-01 1.36661984E-02
29  4-5.34877093E-01 0.00000000E+00 0.00000000E+00 0.00000000E+00 3.87991751E-03
29  5-7.38369273E-03 6.57901320E-02-3.18964933E-01 0.00000000E+00-3.83544350E-01
29  6 4.02519321E-01 0.00000000E+00 7.24440547E-01-4.03278188E-02-1.36944795E-02
29  7 5.40222983E-02 0.00000000E+00-2.87366611E-02 0.00000000E+00 3.87991751E-03
29  8-7.38369273E-03 6.57901320E-02 3.18964933E-01 0.00000000E+00-3.83544350E-01
29  9-4.02519321E-01 0.00000000E+00 7.24440547E-01-4.03278188E-02-1.36944795E-02
29 10 5.40222983E-02 0.00000000E+00 2.87366611E-02 0.00000000E+00
30  1 0.00000000E+00 0.00000000E+00 0.00000000E+00 0.00000000E+00 0.00000000E+00
30  2 0.00000000E+00 0.00000000E+00 0.00000000E+00 0.00000000E+00 0.00000000E+00
30  3 0.00000000E+00 0.00000000E+00 0.00000000E+00 0.00000000E+00 0.00000000E+00
30  4 0.00000000E+00 4.39753368E-01 0.00000000E+00 0.00000000E+00 0.00000000E+00
30  5 0.00000000E+00 0.00000000E+00 0.00000000E+00-5.71070594E-01 0.00000000E+00
30  6 0.00000000E+00 8.03850454E-01 0.00000000E+00 0.00000000E+00 0.00000000E+00
30  7 0.00000000E+00-4.31747615E-02 0.00000000E+00 3.43249320E-02 0.00000000E+00
30  8 0.00000000E+00 0.00000000E+00 0.00000000E+00 5.71070594E-01 0.00000000E+00
30  9 0.00000000E+00-8.03850454E-01 0.00000000E+00 0.00000000E+00 0.00000000E+00
30 10 0.00000000E+00-4.31747615E-02 0.00000000E+00-3.43249320E-02
31  1 0.00000000E+00 0.00000000E+00 0.00000000E+00 0.00000000E+00 0.00000000E+00
31  2-2.69595034E-02 0.00000000E+00 0.00000000E+00 1.10344267E-01 0.00000000E+00
31  3 0.00000000E+00-7.09966095E-01 0.00000000E+00 0.00000000E+00 0.00000000E+00
31  4 0.00000000E+00 0.00000000E+00 0.00000000E+00-4.04820342E-01 0.00000000E+00
31  5 0.00000000E+00 0.00000000E+00 0.00000000E+00-5.77348582E-01 0.00000000E+00
31  6 0.00000000E+00 9.24371412E-01 0.00000000E+00 0.00000000E+00 0.00000000E+00
31  7 0.00000000E+00-4.55150162E-02 0.00000000E+00 2.31373986E-02 0.00000000E+00
31  8 0.00000000E+00 0.00000000E+00 0.00000000E+00-5.77348582E-01 0.00000000E+00
31  9 0.00000000E+00 9.24371412E-01 0.00000000E+00 0.00000000E+00 0.00000000E+00
31 10 0.00000000E+00 4.55150162E-02 0.00000000E+00 2.31373986E-02
32  1 2.70012950E-02 2.35061481E-01 6.06877313E-01-4.91494462E-01 0.00000000E+00
32  2 0.00000000E+00 3.44026926E-02 0.00000000E+00 0.00000000E+00 1.82161411E-02
32  3 0.00000000E+00 0.00000000E+00-2.53428394E-01-5.81668780E-01 6.38488840E-01
32  4-5.68200603E-02 0.00000000E+00 0.00000000E+00 0.00000000E+00-2.09464435E-02
32  5 1.57782380E-01 1.21548143E-01 4.09987976E-01 0.00000000E+00-4.10529225E-01
32  6-3.42025018E-01 0.00000000E+00 3.69799785E-01 3.06679791E-02 3.33201628E-03
32  7-3.39999954E-02 0.00000000E+00-4.73791341E-02 0.00000000E+00-2.09464435E-02
32  8 1.57782380E-01 1.21548143E-01-4.09987976E-01 0.00000000E+00-4.10529225E-01
32  9 3.42025018E-01 0.00000000E+00 3.69799785E-01 3.06679791E-02 3.33201628E-03
32 10-3.39999954E-02 0.00000000E+00 4.73791341E-02 0.00000000E+00
33  1 0.00000000E+00 0.00000000E+00 0.00000000E+00 0.00000000E+00-3.56247792E-02
33  2 0.00000000E+00 0.00000000E+00 1.39862536E-01 0.00000000E+00 0.00000000E+00
33  3-4.65046222E-01 0.00000000E+00 0.00000000E+00 0.00000000E+00 0.00000000E+00
33  4 0.00000000E+00 0.00000000E+00 2.57158147E-01 0.00000000E+00-3.36026444E-03
33  5 1.61447301E-03-6.22158494E-02-2.77773995E-01 0.00000000E+00-5.57633291E-01
33  6 5.38030666E-01 0.00000000E+00 7.18208473E-01-5.14865241E-02 1.67213190E-02
33  7 3.47652051E-02 0.00000000E+00-1.02754736E-02 0.00000000E+00 3.36026444E-03
33  8-1.61447301E-03 6.22158494E-02-2.77773995E-01 0.00000000E+00 5.57633291E-01
33  9 5.38030666E-01 0.00000000E+00-7.18208473E-01 5.14865241E-02-1.67213190E-02
33 10-3.47652051E-02 0.00000000E+00-1.02754736E-02 0.00000000E+00
34  1 0.00000000E+00 0.00000000E+00 0.00000000E+00 0.00000000E+00-5.93224323E-02
34  2 0.00000000E+00 0.00000000E+00 5.25930561E-02 0.00000000E+00 0.00000000E+00
34  3 6.14705066E-01 0.00000000E+00 0.00000000E+00 0.00000000E+00 0.00000000E+00
34  4 0.00000000E+00 0.00000000E+00 9.24118144E-01 0.00000000E+00-3.19001672E-02
34  5 6.17520858E-02 4.44357903E-01 5.71869931E-01 0.00000000E+00-2.23395387E-01
34  6-3.63304247E-01 0.00000000E+00-4.46642493E-03-4.90370470E-03-3.14170980E-02
34  7 3.63208027E-02 0.00000000E+00 1.55360973E-02 0.00000000E+00 3.19001672E-02
34  8-6.17520858E-02-4.44357903E-01 5.71869931E-01 0.00000000E+00 2.23395387E-01
34  9-3.63304247E-01 0.00000000E+00 4.46642493E-03 4.90370470E-03 3.14170980E-02
34 10-3.63208027E-02 0.00000000E+00 1.55360973E-02 0.00000000E+00
35  1 0.00000000E+00 0.00000000E+00 0.00000000E+00 0.00000000E+00-2.28059701E-02
35  2 0.00000000E+00 0.00000000E+00 2.67992512E-01 0.00000000E+00 0.00000000E+00
35  3 9.96986062E-01 0.00000000E+00 0.00000000E+00 0.00000000E+00 0.00000000E+00
35  4 0.00000000E+00 0.00000000E+00 2.44628676E-01 0.00000000E+00 9.53167217E-03
35  5-1.20376718E+00 1.81045237E+00-2.25089876E-02 0.00000000E+00 5.54996139E-02
35  6 3.58718331E-01 0.00000000E+00-4.26602420E-01-8.65383435E-02 1.16929174E-01
35  7-3.03908306E-02 0.00000000E+00 1.38323712E-01 0.00000000E+00-9.53167217E-03
35  8 1.20376718E+00-1.81045237E+00-2.25089876E-02 0.00000000E+00-5.54996139E-02
35  9 3.58718331E-01 0.00000000E+00 4.26602420E-01 8.65383435E-02-1.16929174E-01
35 10 3.03908306E-02 0.00000000E+00 1.38323712E-01 0.00000000E+00
36  1-2.63810160E-02-2.62610282E-01-5.99742904E-01 2.44570822E+00 0.00000000E+00
36  2 0.00000000E+00-2.97048193E-02 0.00000000E+00 0.00000000E+00 2.29186951E-01
36  3 0.00000000E+00 0.00000000E+00 1.04265475E+00 2.75122192E-01-3.57047226E-01
36  4 8.19250336E-02 0.00000000E+00 0.00000000E+00 0.00000000E+00 7.01709367E-03
36  5 1.22032874E+00-2.19558281E+00-1.20735900E-02 0.00000000E+00 3.98374416E-02
36  6-6.37236375E-01 0.00000000E+00 2.30097161E-01 1.35972702E-01-8.11422561E-02
36  7-5.48304459E-02 0.00000000E+00-1.68546008E-01 0.00000000E+00 7.01709367E-03
36  8 1.22032874E+00-2.19558281E+00 1.20735900E-02 0.00000000E+00 3.98374416E-02
36  9 6.37236375E-01 0.00000000E+00 2.30097161E-01 1.35972702E-01-8.11422561E-02
36 10-5.48304459E-02 0.00000000E+00 1.68546008E-01 0.00000000E+00
37  1 0.00000000E+00 0.00000000E+00 0.00000000E+00 0.00000000E+00 0.00000000E+00
37  2 0.00000000E+00 0.00000000E+00 0.00000000E+00 0.00000000E+00 0.00000000E+00
37  3 0.00000000E+00 0.00000000E+00 0.00000000E+00 0.00000000E+00 0.00000000E+00
37  4 0.00000000E+00 3.13019822E-02 0.00000000E+00 0.00000000E+00 0.00000000E+00
37  5 0.00000000E+00 0.00000000E+00 0.00000000E+00-1.85261790E-02 0.00000000E+00
37  6 0.00000000E+00 2.90412781E-02 0.00000000E+00 0.00000000E+00 0.00000000E+00
37  7 0.00000000E+00 5.32353890E-01 0.00000000E+00 4.65998776E-01 0.00000000E+00
37  8 0.00000000E+00 0.00000000E+00 0.00000000E+00 1.85261790E-02 0.00000000E+00
37  9 0.00000000E+00-2.90412781E-02 0.00000000E+00 0.00000000E+00 0.00000000E+00
37 10 0.00000000E+00 5.32353890E-01 0.00000000E+00-4.65998776E-01
38  1 0.00000000E+00 0.00000000E+00 0.00000000E+00 0.00000000E+00 0.00000000E+00
38  2-1.56837713E-02 0.00000000E+00 0.00000000E+00 5.11324219E-02 0.00000000E+00
38  3 0.00000000E+00 3.30836071E-02 0.00000000E+00 0.00000000E+00 0.00000000E+00
38  4 0.00000000E+00 0.00000000E+00 0.00000000E+00-1.53620080E-02 0.00000000E+00
38  5 0.00000000E+00 0.00000000E+00 0.00000000E+00 2.30354390E-02 0.00000000E+00
38  6 0.00000000E+00-3.88036332E-02 0.00000000E+00 0.00000000E+00 0.00000000E+00
38  7 0.00000000E+00 2.37027330E-01 0.00000000E+00 6.66943599E-01 0.00000000E+00
38  8 0.00000000E+00 0.00000000E+00 0.00000000E+00 2.30354390E-02 0.00000000E+00
38  9 0.00000000E+00-3.88036332E-02 0.00000000E+00 0.00000000E+00 0.00000000E+00
38 10 0.00000000E+00-2.37027330E-01 0.00000000E+00 6.66943599E-01
39  1 0.00000000E+00 0.00000000E+00 0.00000000E+00 0.00000000E+00 6.01014114E-04
39  2 0.00000000E+00 0.00000000E+00-3.28030852E-02 0.00000000E+00 0.00000000E+00
39  3 2.43234799E-02 0.00000000E+00 0.00000000E+00 0.00000000E+00 0.00000000E+00
39  4 0.00000000E+00 0.00000000E+00 3.88630644E-02 0.00000000E+00-1.34788607E-03
39  5 7.04870612E-02-6.94451779E-02 5.20918318E-02 0.00000000E+00 5.17464781E-03
39  6-8.42931427E-02 0.00000000E+00-8.89152594E-03-2.80490042E-01 6.13171097E-01
39  7-3.32681055E-01 0.00000000E+00-3.48542047E-01 0.00000000E+00 1.34788607E-03
39  8-7.04870612E-02 6.94451779E-02 5.20918318E-02 0.00000000E+00-5.17464781E-03
39  9-8.42931427E-02 0.00000000E+00 8.89152594E-03 2.80490042E-01-6.13171097E-01
39 10 3.32681055E-01 0.00000000E+00-3.48542047E-01 0.00000000E+00
40  1 2.47561639E-04 1.89389318E-03 3.10784852E-03-9.53666841E-02 0.00000000E+00
40  2 0.00000000E+00-3.30039771E-05 0.00000000E+00 0.00000000E+00-1.26433734E-02
40  3 0.00000000E+00 0.00000000E+00-5.00005335E-02 4.26923567E-02-1.01345522E-01
40  4 5.86531651E-02 0.00000000E+00 0.00000000E+00 0.00000000E+00 1.77425364E-03
40  5-7.74220213E-02 1.01734454E-01-3.36784628E-02 0.00000000E+00 6.00028006E-03
40  6 5.82566606E-02 0.00000000E+00-7.72424032E-03-2.07394085E-01 6.14157975E-01
40  7-4.06763890E-01 0.00000000E+00-3.30197495E-01 0.00000000E+00 1.77425364E-03
40  8-7.74220213E-02 1.01734454E-01 3.36784628E-02 0.00000000E+00 6.00028006E-03
40  9-5.82566606E-02 0.00000000E+00-7.72424032E-03-2.07394085E-01 6.14157975E-01
40 10-4.06763890E-01 0.00000000E+00 3.30197495E-01 0.00000000E+00
41  1 0.00000000E+00 0.00000000E+00 0.00000000E+00 0.00000000E+00-3.37922326E-02
41  2 0.00000000E+00 0.00000000E+00 1.20951478E-01 0.00000000E+00 0.00000000E+00
41  3 1.18832368E-01 0.00000000E+00 0.00000000E+00 0.00000000E+00 0.00000000E+00
41  4 0.00000000E+00 0.00000000E+00-1.70117604E-01 0.00000000E+00 6.78903441E-04
41  5-7.14874790E-02 1.03337507E-01 2.93199825E-02 0.00000000E+00 7.53876726E-02
41  6-6.37037948E-02 0.00000000E+00-1.24718222E-01-5.48834387E-01-8.05417020E-02
41  7 6.29376089E-01 0.00000000E+00-2.06589652E-01 0.00000000E+00-6.78903441E-04
41  8 7.14874790E-02-1.03337507E-01 2.93199825E-02 0.00000000E+00-7.53876726E-02
41  9-6.37037948E-02 0.00000000E+00 1.24718222E-01 5.48834387E-01 8.05417020E-02
41 10-6.29376089E-01 0.00000000E+00-2.06589652E-01 0.00000000E+00
42  1 0.00000000E+00 0.00000000E+00 0.00000000E+00 0.00000000E+00 0.00000000E+00
42  2 5.59135187E-02 0.00000000E+00 0.00000000E+00-1.77911459E-01 0.00000000E+00
42  3 0.00000000E+00-1.66090226E-01 0.00000000E+00 0.00000000E+00 0.00000000E+00
42  4 0.00000000E+00 0.00000000E+00 0.00000000E+00-3.28693220E-01 0.00000000E+00
42  5 0.00000000E+00 0.00000000E+00 0.00000000E+00-5.93212793E-02 0.00000000E+00
42  6 0.00000000E+00 1.76334290E-01 0.00000000E+00 0.00000000E+00 0.00000000E+00
42  7 0.00000000E+00 6.88475971E-01 0.00000000E+00-2.52600532E-01 0.00000000E+00
42  8 0.00000000E+00 0.00000000E+00 0.00000000E+00-5.93212793E-02 0.00000000E+00
42  9 0.00000000E+00 1.76334290E-01 0.00000000E+00 0.00000000E+00 0.00000000E+00
42 10 0.00000000E+00-6.88475971E-01 0.00000000E+00-2.52600532E-01
43  1 0.00000000E+00 0.00000000E+00 0.00000000E+00 0.00000000E+00 0.00000000E+00
43  2 0.00000000E+00 0.00000000E+00 0.00000000E+00 0.00000000E+00 0.00000000E+00
43  3 0.00000000E+00 0.00000000E+00 0.00000000E+00 0.00000000E+00 0.00000000E+00
43  4 0.00000000E+00-4.32135149E-01 0.00000000E+00 0.00000000E+00 0.00000000E+00
43  5 0.00000000E+00 0.00000000E+00 0.00000000E+00 4.26560334E-02 0.00000000E+00
43  6 0.00000000E+00-1.36698777E-01 0.00000000E+00 0.00000000E+00 0.00000000E+00
43  7 0.00000000E+00-4.88933886E-01 0.00000000E+00 5.48503231E-01 0.00000000E+00
43  8 0.00000000E+00 0.00000000E+00 0.00000000E+00-4.26560334E-02 0.00000000E+00
43  9 0.00000000E+00 1.36698777E-01 0.00000000E+00 0.00000000E+00 0.00000000E+00
43 10 0.00000000E+00-4.88933886E-01 0.00000000E+00-5.48503231E-01
44  1-3.60959992E-03-3.55069430E-02-8.19612335E-02 2.91452192E-01 0.00000000E+00
44  2 0.00000000E+00-4.92709810E-02 0.00000000E+00 0.00000000E+00 1.65997769E-01
44  3 0.00000000E+00 0.00000000E+00 2.89860132E-01-4.20487427E-01-4.44578083E-02
44  4 4.64945235E-01 0.00000000E+00 0.00000000E+00 0.00000000E+00 2.09020153E-03
44  5 1.30528300E-01-2.62073801E-01 2.49214274E-02 0.00000000E+00 1.95064966E-02
44  6-1.68006800E-01 0.00000000E+00-1.34347006E-01-6.08476694E-01-6.13029679E-03
44  7 6.14606991E-01 0.00000000E+00-2.65187414E-01 0.00000000E+00 2.09020153E-03
44  8 1.30528300E-01-2.62073801E-01-2.49214274E-02 0.00000000E+00 1.95064966E-02
44  9 1.68006800E-01 0.00000000E+00-1.34347006E-01-6.08476694E-01-6.13029679E-03
44 10 6.14606991E-01 0.00000000E+00 2.65187414E-01 0.00000000E+00
45  1-3.92724324E-02 2.18482449E-02-4.62913918E-01-1.31306424E+00 0.00000000E+00
45  2 0.00000000E+00 1.35154445E-01 0.00000000E+00 0.00000000E+00-7.38550533E-01
45  3 0.00000000E+00 0.00000000E+00-3.72525378E-01-4.48845836E-01 4.50162864E-01
45  4-1.31702758E-03 0.00000000E+00 0.00000000E+00 0.00000000E+00-2.93076321E-02
45  5-6.50414518E-01 1.38309720E+00-2.42683576E-03 0.00000000E+00 2.10481158E-03
45  6 6.36568567E-01 0.00000000E+00-4.15455135E-01 3.91462882E-01-4.05609991E-01
45  7 1.41471089E-02 0.00000000E+00-6.44547291E-01 0.00000000E+00-2.93076321E-02
45  8-6.50414518E-01 1.38309720E+00 2.42683576E-03 0.00000000E+00 2.10481158E-03
45  9-6.36568567E-01 0.00000000E+00-4.15455135E-01 3.91462882E-01-4.05609991E-01
45 10 1.41471089E-02 0.00000000E+00 6.44547291E-01 0.00000000E+00
46  1 0.00000000E+00 0.00000000E+00 0.00000000E+00 0.00000000E+00-2.04424490E-01
46  2 0.00000000E+00 0.00000000E+00 1.09164702E+00 0.00000000E+00 0.00000000E+00
46  3 4.10197911E-01 0.00000000E+00 0.00000000E+00 0.00000000E+00 0.00000000E+00
46  4 0.00000000E+00 0.00000000E+00 7.45855449E-01 0.00000000E+00-3.33355486E-02
46  5-5.49815219E-01 1.23158340E+00 4.76684323E-02 0.00000000E+00-3.56014573E-02
46  6 5.90021640E-01 0.00000000E+00-4.25328609E-01 4.36617905E-01-3.99236642E-01
46  7-3.73812634E-02 0.00000000E+00-6.91425277E-01 0.00000000E+00 3.33355486E-02
46  8 5.49815219E-01-1.23158340E+00 4.76684323E-02 0.00000000E+00 3.56014573E-02
46  9 5.90021640E-01 0.00000000E+00 4.25328609E-01-4.36617905E-01 3.99236642E-01
46 10 3.73812634E-02 0.00000000E+00-6.91425277E-01 0.00000000E+00
 $END   
 POPULATION ANALYSIS
S           15.17120   0.82880  15.20016   0.79984
O            8.41440  -0.41440   8.39992  -0.39992
O            8.41440  -0.41440   8.39992  -0.39992
 MOMENTS AT POINT    1 X,Y,Z=  0.000000  0.000000  0.000000
 DIPOLE       0.000000  0.000000 -2.302287
