 $DATA  
Title                                                                           
CNV      2

S          16.0      0.0000000000      0.0000000000     -0.3751040659
   PC1     0
        
O           8.0      1.2990381057      0.0000000000      0.3748959341
   PC1     0
        
 $END      
 $ZMAT   IZMAT(1)=
         1,   3,   1,
         1,   2,   1,
         2,   2,   1,   3,
 $END
--- CLOSED SHELL ORBITALS --- GENERATED AT Thu Feb 26 00:16:52 2015
Title                                                                           
E(R-PBE)=     -548.2648646925, E(NUC)=  103.3484639683,   21 ITERS
 $VEC   
 1  1 1.00298240E+00-1.02790021E-02 1.83726626E-03-7.11590949E-04 0.00000000E+00
 1  2 0.00000000E+00 5.73354067E-05 0.00000000E+00 0.00000000E+00 1.06710162E-04
 1  3 0.00000000E+00 0.00000000E+00-5.23271672E-06 1.07427073E-04-7.73864658E-05
 1  4-3.00406077E-05 0.00000000E+00 0.00000000E+00 0.00000000E+00 1.21365869E-05
 1  5 4.04460257E-05-1.02678034E-04-4.03751910E-05 0.00000000E+00 1.99807908E-05
 1  6-1.38951979E-04 0.00000000E+00 1.01911516E-04-8.30398103E-05 7.34336195E-05
 1  7 9.60619084E-06 0.00000000E+00 1.13017364E-04 0.00000000E+00 1.21365869E-05
 1  8 4.04460257E-05-1.02678034E-04 4.03751910E-05 0.00000000E+00 1.99807908E-05
 1  9 1.38951979E-04 0.00000000E+00 1.01911516E-04-8.30398103E-05 7.34336195E-05
 1 10 9.60619084E-06 0.00000000E+00-1.13017364E-04 0.00000000E+00
 2  1-6.09984977E-05-6.19444623E-04-1.25344657E-03 1.12067311E-02 0.00000000E+00
 2  2 0.00000000E+00-7.87773125E-05 0.00000000E+00 0.00000000E+00 1.29380423E-03
 2  3 0.00000000E+00 0.00000000E+00 4.44805218E-03 7.87471933E-04-9.67690832E-04
 2  4 1.80218899E-04 0.00000000E+00 0.00000000E+00 0.00000000E+00 7.03309503E-01
 2  5 2.61946088E-02-1.39822479E-02 9.33872364E-04 0.00000000E+00-3.52365404E-04
 2  6-4.02915669E-03 0.00000000E+00 1.17635473E-03-4.52551611E-04 2.69818026E-04
 2  7 1.82733585E-04 0.00000000E+00 3.22385528E-04 0.00000000E+00 7.03309503E-01
 2  8 2.61946088E-02-1.39822479E-02-9.33872364E-04 0.00000000E+00-3.52365404E-04
 2  9 4.02915669E-03 0.00000000E+00 1.17635473E-03-4.52551611E-04 2.69818026E-04
 2 10 1.82733585E-04 0.00000000E+00-3.22385528E-04 0.00000000E+00
 3  1 0.00000000E+00 0.00000000E+00 0.00000000E+00 0.00000000E+00-3.21928589E-05
 3  2 0.00000000E+00 0.00000000E+00-1.36746704E-03 0.00000000E+00 0.00000000E+00
 3  3-5.26312223E-03 0.00000000E+00 0.00000000E+00 0.00000000E+00 0.00000000E+00
 3  4 0.00000000E+00 0.00000000E+00-4.43092860E-04 0.00000000E+00 7.03250905E-01
 3  5 2.56688357E-02-1.21384447E-02 8.89793401E-04 0.00000000E+00-6.11292472E-04
 3  6-2.14082042E-03 0.00000000E+00 2.06507219E-03-1.30138892E-04 1.97435477E-04
 3  7-6.72965852E-05 0.00000000E+00 2.91759555E-04 0.00000000E+00-7.03250905E-01
 3  8-2.56688357E-02 1.21384447E-02 8.89793401E-04 0.00000000E+00 6.11292472E-04
 3  9-2.14082042E-03 0.00000000E+00-2.06507219E-03 1.30138892E-04-1.97435477E-04
 3 10 6.72965852E-05 0.00000000E+00 2.91759555E-04 0.00000000E+00
 4  1-2.74047992E-01 1.03945492E+00 4.11340693E-02-1.09462939E-02 0.00000000E+00
 4  2 0.00000000E+00 1.14421110E-02 0.00000000E+00 0.00000000E+00 1.62680709E-03
 4  3 0.00000000E+00 0.00000000E+00-4.73544967E-04 1.14341990E-03-6.86571112E-04
 4  4-4.56848787E-04 0.00000000E+00 0.00000000E+00 0.00000000E+00-2.75544743E-05
 4  5-4.30581857E-05-2.36138157E-04-3.89060203E-04 0.00000000E+00 1.90033165E-04
 4  6-1.10814949E-03 0.00000000E+00 9.21370303E-04-3.56299530E-04 3.44739459E-04
 4  7 1.15600706E-05 0.00000000E+00 5.44630561E-04 0.00000000E+00-2.75544743E-05
 4  8-4.30581857E-05-2.36138157E-04 3.89060203E-04 0.00000000E+00 1.90033165E-04
 4  9 1.10814949E-03 0.00000000E+00 9.21370303E-04-3.56299530E-04 3.44739459E-04
 4 10 1.15600706E-05 0.00000000E+00-5.44630561E-04 0.00000000E+00
 5  1 0.00000000E+00 0.00000000E+00 0.00000000E+00 0.00000000E+00 9.96600751E-01
 5  2 0.00000000E+00 0.00000000E+00 9.52625764E-03 0.00000000E+00 0.00000000E+00
 5  3-2.44425252E-04 0.00000000E+00 0.00000000E+00 0.00000000E+00 0.00000000E+00
 5  4 0.00000000E+00 0.00000000E+00 1.02557997E-03 0.00000000E+00 3.43858660E-04
 5  5-2.17571976E-04-1.19247918E-04-4.97047133E-04 0.00000000E+00 3.26775868E-04
 5  6-4.09243532E-05 0.00000000E+00 1.10795523E-04-2.82169059E-04 3.16304175E-04
 5  7-3.41351158E-05 0.00000000E+00 5.23821978E-04 0.00000000E+00-3.43858660E-04
 5  8 2.17571976E-04 1.19247918E-04-4.97047133E-04 0.00000000E+00-3.26775868E-04
 5  9-4.09243532E-05 0.00000000E+00-1.10795523E-04 2.82169059E-04-3.16304175E-04
 5 10 3.41351158E-05 0.00000000E+00 5.23821978E-04 0.00000000E+00
 6  1 0.00000000E+00 0.00000000E+00 0.00000000E+00 0.00000000E+00 0.00000000E+00
 6  2 9.96836471E-01 0.00000000E+00 0.00000000E+00 9.10108917E-03 0.00000000E+00
 6  3 0.00000000E+00-2.20233267E-04 0.00000000E+00 0.00000000E+00 0.00000000E+00
 6  4 0.00000000E+00 0.00000000E+00 0.00000000E+00 6.81244005E-04 0.00000000E+00
 6  5 0.00000000E+00 0.00000000E+00 0.00000000E+00 6.18623019E-05 0.00000000E+00
 6  6 0.00000000E+00-7.02751968E-05 0.00000000E+00 0.00000000E+00 0.00000000E+00
 6  7 0.00000000E+00 7.89109832E-05 0.00000000E+00-6.58495463E-05 0.00000000E+00
 6  8 0.00000000E+00 0.00000000E+00 0.00000000E+00 6.18623019E-05 0.00000000E+00
 6  9 0.00000000E+00-7.02751968E-05 0.00000000E+00 0.00000000E+00 0.00000000E+00
 6 10 0.00000000E+00-7.89109832E-05 0.00000000E+00-6.58495463E-05
 7  1 3.22123461E-03-1.23119334E-02-4.56427448E-05-7.84571292E-04 0.00000000E+00
 7  2 0.00000000E+00 9.96818101E-01 0.00000000E+00 0.00000000E+00 8.76062775E-03
 7  3 0.00000000E+00 0.00000000E+00-3.33337325E-04-5.53448421E-04-3.05311718E-04
 7  4 8.58760139E-04 0.00000000E+00 0.00000000E+00 0.00000000E+00-2.18194396E-04
 7  5 1.35832808E-05 6.49886467E-04 4.13255411E-04 0.00000000E+00-1.81349946E-04
 7  6 2.81201080E-04 0.00000000E+00-2.77576664E-04 3.33787434E-04-2.29365865E-04
 7  7-1.04421569E-04 0.00000000E+00-3.51821167E-04 0.00000000E+00-2.18194396E-04
 7  8 1.35832808E-05 6.49886467E-04-4.13255411E-04 0.00000000E+00-1.81349946E-04
 7  9-2.81201080E-04 0.00000000E+00-2.77576664E-04 3.33787434E-04-2.29365865E-04
 7 10-1.04421569E-04 0.00000000E+00 3.51821167E-04 0.00000000E+00
 8  1 5.07197117E-02-1.44494048E-01 2.99356340E-01 1.32964200E-01 0.00000000E+00
 8  2 0.00000000E+00-6.01710182E-02 0.00000000E+00 0.00000000E+00 1.15212976E-01
 8  3 0.00000000E+00 0.00000000E+00-3.00697589E-03 4.18486378E-02-3.27814421E-02
 8  4-9.06719573E-03 0.00000000E+00 0.00000000E+00 0.00000000E+00-1.22377601E-01
 8  5 2.41333680E-01 2.78825912E-01 1.04902280E-01 0.00000000E+00-5.44826684E-02
 8  6 4.36704170E-02 0.00000000E+00-1.93392899E-02 1.07887251E-02-6.09552291E-03
 8  7-4.69320217E-03 0.00000000E+00-1.04484009E-02 0.00000000E+00-1.22377601E-01
 8  8 2.41333680E-01 2.78825912E-01-1.04902280E-01 0.00000000E+00-5.44826684E-02
 8  9-4.36704170E-02 0.00000000E+00-1.93392899E-02 1.07887251E-02-6.09552291E-03
 8 10-4.69320217E-03 0.00000000E+00 1.04484009E-02 0.00000000E+00
 9  1 0.00000000E+00 0.00000000E+00 0.00000000E+00 0.00000000E+00 1.25815241E-01
 9  2 0.00000000E+00 0.00000000E+00-2.46257461E-01 0.00000000E+00 0.00000000E+00
 9  3-2.43725158E-02 0.00000000E+00 0.00000000E+00 0.00000000E+00 0.00000000E+00
 9  4 0.00000000E+00 0.00000000E+00-7.29646069E-02 0.00000000E+00-1.45559085E-01
 9  5 2.94424813E-01 3.39522105E-01 9.12445655E-02 0.00000000E+00-5.83226297E-02
 9  6 3.02910317E-02 0.00000000E+00-2.25438425E-02 3.48051933E-03-2.67757401E-03
 9  7-8.02945323E-04 0.00000000E+00-8.02095738E-03 0.00000000E+00 1.45559085E-01
 9  8-2.94424813E-01-3.39522105E-01 9.12445655E-02 0.00000000E+00 5.83226297E-02
 9  9 3.02910317E-02 0.00000000E+00 2.25438425E-02-3.48051933E-03 2.67757401E-03
 9 10 8.02945323E-04 0.00000000E+00-8.02095738E-03 0.00000000E+00
10  1 6.63468869E-02-1.82252885E-01 4.27178478E-01 3.83387764E-01 0.00000000E+00
10  2 0.00000000E+00 4.28821681E-02 0.00000000E+00 0.00000000E+00-8.48982631E-02
10  3 0.00000000E+00 0.00000000E+00-6.96837798E-02-1.45031870E-02 2.05177612E-02
10  4-6.01457424E-03 0.00000000E+00 0.00000000E+00 0.00000000E+00 1.02849257E-01
10  5-2.12040286E-01-3.40310000E-01 1.26913259E-01 0.00000000E+00-9.56458169E-02
10  6 6.10979042E-02 0.00000000E+00-4.06652048E-02 4.81740202E-03-6.01945487E-03
10  7 1.20205285E-03 0.00000000E+00-8.49533737E-03 0.00000000E+00 1.02849257E-01
10  8-2.12040286E-01-3.40310000E-01-1.26913259E-01 0.00000000E+00-9.56458169E-02
10  9-6.10979042E-02 0.00000000E+00-4.06652048E-02 4.81740202E-03-6.01945487E-03
10 10 1.20205285E-03 0.00000000E+00 8.49533737E-03 0.00000000E+00
11  1 0.00000000E+00 0.00000000E+00 0.00000000E+00 0.00000000E+00-1.69732899E-01
11  2 0.00000000E+00 0.00000000E+00 4.04295869E-01 0.00000000E+00 0.00000000E+00
11  3 6.11512177E-02 0.00000000E+00 0.00000000E+00 0.00000000E+00 0.00000000E+00
11  4 0.00000000E+00 0.00000000E+00 4.04093658E-02 0.00000000E+00-6.69918450E-02
11  5 1.33792451E-01 2.54560052E-01-2.78505459E-01 0.00000000E+00 2.46328335E-01
11  6-1.51602433E-01 0.00000000E+00 1.45406981E-01-3.48297082E-03 7.98510568E-03
11  7-4.50213486E-03 0.00000000E+00 1.39011763E-02 0.00000000E+00 6.69918450E-02
11  8-1.33792451E-01-2.54560052E-01-2.78505459E-01 0.00000000E+00-2.46328335E-01
11  9-1.51602433E-01 0.00000000E+00-1.45406981E-01 3.48297082E-03-7.98510568E-03
11 10 4.50213486E-03 0.00000000E+00 1.39011763E-02 0.00000000E+00
12  1 0.00000000E+00 0.00000000E+00 0.00000000E+00 0.00000000E+00 0.00000000E+00
12  2-2.05200121E-01 0.00000000E+00 0.00000000E+00 4.79239684E-01 0.00000000E+00
12  3 0.00000000E+00 2.56378228E-01 0.00000000E+00 0.00000000E+00 0.00000000E+00
12  4 0.00000000E+00 0.00000000E+00 0.00000000E+00 5.05715289E-02 0.00000000E+00
12  5 0.00000000E+00 0.00000000E+00 0.00000000E+00 3.04041779E-01 0.00000000E+00
12  6 0.00000000E+00 1.79133730E-01 0.00000000E+00 0.00000000E+00 0.00000000E+00
12  7 0.00000000E+00 1.99277670E-02 0.00000000E+00-1.07877591E-02 0.00000000E+00
12  8 0.00000000E+00 0.00000000E+00 0.00000000E+00 3.04041779E-01 0.00000000E+00
12  9 0.00000000E+00 1.79133730E-01 0.00000000E+00 0.00000000E+00 0.00000000E+00
12 10 0.00000000E+00-1.99277670E-02 0.00000000E+00-1.07877591E-02
13  1-7.26331003E-03 4.25885964E-02-1.66844069E-02-2.21159530E-01 0.00000000E+00
13  2 0.00000000E+00-1.95780629E-01 0.00000000E+00 0.00000000E+00 4.55235876E-01
13  3 0.00000000E+00 0.00000000E+00 1.93883344E-01-4.62205027E-02-1.60482849E-02
13  4 6.22687877E-02 0.00000000E+00 0.00000000E+00 0.00000000E+00 2.95151603E-02
13  5-6.00753045E-02-1.05288273E-01 2.85885707E-01 0.00000000E+00 1.42748265E-01
13  6 1.81352110E-01 0.00000000E+00 8.61479502E-02 2.03359671E-02-5.59057144E-03
13  7-1.47453957E-02 0.00000000E+00 2.75715432E-03 0.00000000E+00 2.95151603E-02
13  8-6.00753045E-02-1.05288273E-01-2.85885707E-01 0.00000000E+00 1.42748265E-01
13  9-1.81352110E-01 0.00000000E+00 8.61479502E-02 2.03359671E-02-5.59057144E-03
13 10-1.47453957E-02 0.00000000E+00-2.75715432E-03 0.00000000E+00
14  1 0.00000000E+00 0.00000000E+00 0.00000000E+00 0.00000000E+00 0.00000000E+00
14  2 0.00000000E+00 0.00000000E+00 0.00000000E+00 0.00000000E+00 0.00000000E+00
14  3 0.00000000E+00 0.00000000E+00 0.00000000E+00 0.00000000E+00 0.00000000E+00
14  4 0.00000000E+00-1.23991405E-01 0.00000000E+00 0.00000000E+00 0.00000000E+00
14  5 0.00000000E+00 0.00000000E+00 0.00000000E+00 4.64654529E-01 0.00000000E+00
14  6 0.00000000E+00 3.28624709E-01 0.00000000E+00 0.00000000E+00 0.00000000E+00
14  7 0.00000000E+00 1.77352082E-02 0.00000000E+00-1.12149592E-02 0.00000000E+00
14  8 0.00000000E+00 0.00000000E+00 0.00000000E+00-4.64654529E-01 0.00000000E+00
14  9 0.00000000E+00-3.28624709E-01 0.00000000E+00 0.00000000E+00 0.00000000E+00
14 10 0.00000000E+00 1.77352082E-02 0.00000000E+00 1.12149592E-02
15  1 0.00000000E+00 0.00000000E+00 0.00000000E+00 0.00000000E+00-1.29547907E-02
15  2 0.00000000E+00 0.00000000E+00 2.28228608E-02 0.00000000E+00 0.00000000E+00
15  3 1.25084430E-01 0.00000000E+00 0.00000000E+00 0.00000000E+00 0.00000000E+00
15  4 0.00000000E+00 0.00000000E+00-1.13019421E-01 0.00000000E+00-6.09549039E-04
15  5 6.82294003E-04 3.17178381E-02 3.37823709E-01 0.00000000E+00 3.29078562E-01
15  6 2.26545635E-01 0.00000000E+00 2.28108330E-01 1.58365234E-02 4.95896327E-04
15  7-1.63324198E-02 0.00000000E+00 9.23125697E-03 0.00000000E+00 6.09549039E-04
15  8-6.82294003E-04-3.17178381E-02 3.37823709E-01 0.00000000E+00-3.29078562E-01
15  9 2.26545635E-01 0.00000000E+00-2.28108330E-01-1.58365234E-02-4.95896327E-04
15 10 1.63324198E-02 0.00000000E+00 9.23125697E-03 0.00000000E+00
16  1 1.90204240E-02-9.64403494E-02 6.86542009E-02 5.15687450E-01 0.00000000E+00
16  2 0.00000000E+00 1.04063055E-01 0.00000000E+00 0.00000000E+00-2.49746020E-01
16  3 0.00000000E+00 0.00000000E+00-8.70880847E-02-1.46630296E-01 5.96877993E-02
16  4 8.69424968E-02 0.00000000E+00 0.00000000E+00 0.00000000E+00 6.55901288E-04
16  5-2.94387200E-03-4.12259164E-02-7.40428768E-02 0.00000000E+00 4.25511590E-01
16  6-5.39289963E-02 0.00000000E+00 3.14189772E-01 2.50975774E-03 3.96124285E-03
16  7-6.47100060E-03 0.00000000E+00 1.14579095E-02 0.00000000E+00 6.55901288E-04
16  8-2.94387200E-03-4.12259164E-02 7.40428768E-02 0.00000000E+00 4.25511590E-01
16  9 5.39289963E-02 0.00000000E+00 3.14189772E-01 2.50975774E-03 3.96124285E-03
16 10-6.47100060E-03 0.00000000E+00-1.14579095E-02 0.00000000E+00
17  1 0.00000000E+00 0.00000000E+00 0.00000000E+00 0.00000000E+00 0.00000000E+00
17  2-2.09821198E-01 0.00000000E+00 0.00000000E+00 5.31898643E-01 0.00000000E+00
17  3 0.00000000E+00 4.74927136E-01 0.00000000E+00 0.00000000E+00 0.00000000E+00
17  4 0.00000000E+00 0.00000000E+00 0.00000000E+00-6.58452045E-02 0.00000000E+00
17  5 0.00000000E+00 0.00000000E+00 0.00000000E+00-3.85975966E-01 0.00000000E+00
17  6 0.00000000E+00-3.30632950E-01 0.00000000E+00 0.00000000E+00 0.00000000E+00
17  7 0.00000000E+00-2.97727241E-03 0.00000000E+00 6.43067831E-05 0.00000000E+00
17  8 0.00000000E+00 0.00000000E+00 0.00000000E+00-3.85975966E-01 0.00000000E+00
17  9 0.00000000E+00-3.30632950E-01 0.00000000E+00 0.00000000E+00 0.00000000E+00
17 10 0.00000000E+00 2.97727241E-03 0.00000000E+00 6.43067831E-05
18  1 2.60473676E-02-1.23452128E-01 1.16720849E-01 8.68364032E-01 0.00000000E+00
18  2 0.00000000E+00-1.63129874E-01 0.00000000E+00 0.00000000E+00 4.33460461E-01
18  3 0.00000000E+00 0.00000000E+00 7.90348880E-01-1.48549008E-01 1.93629557E-01
18  4-4.50805500E-02 0.00000000E+00 0.00000000E+00 0.00000000E+00 5.07774637E-02
18  5-9.50966575E-02-4.57246356E-01-3.59070163E-01 0.00000000E+00-3.56332900E-02
18  6-4.08706764E-01 0.00000000E+00-3.20923737E-02 9.09238711E-04 5.48178235E-03
18  7-6.39102106E-03 0.00000000E+00 3.95093160E-03 0.00000000E+00 5.07774637E-02
18  8-9.50966575E-02-4.57246356E-01 3.59070163E-01 0.00000000E+00-3.56332900E-02
18  9 4.08706764E-01 0.00000000E+00-3.20923737E-02 9.09238711E-04 5.48178235E-03
18 10-6.39102106E-03 0.00000000E+00-3.95093160E-03 0.00000000E+00
19  1 0.00000000E+00 0.00000000E+00 0.00000000E+00 0.00000000E+00-1.67837523E-01
19  2 0.00000000E+00 0.00000000E+00 4.30355692E-01 0.00000000E+00 0.00000000E+00
19  3 1.14194271E+00 0.00000000E+00 0.00000000E+00 0.00000000E+00 0.00000000E+00
19  4 0.00000000E+00 0.00000000E+00-2.18834736E-01 0.00000000E+00-5.29968180E-02
19  5 8.48149495E-02 5.73188029E-01 8.12738190E-02 0.00000000E+00-2.79089753E-01
19  6 1.38261145E-01 0.00000000E+00-3.02543823E-01 4.33276136E-03 1.87679356E-03
19  7-6.20955492E-03 0.00000000E+00 1.29982888E-03 0.00000000E+00 5.29968180E-02
19  8-8.48149495E-02-5.73188029E-01 8.12738190E-02 0.00000000E+00 2.79089753E-01
19  9 1.38261145E-01 0.00000000E+00 3.02543823E-01-4.33276136E-03-1.87679356E-03
19 10 6.20955492E-03 0.00000000E+00 1.29982888E-03 0.00000000E+00
20  1 0.00000000E+00 0.00000000E+00 0.00000000E+00 0.00000000E+00 0.00000000E+00
20  2 2.83552293E-01 0.00000000E+00 0.00000000E+00-1.09781525E+00 0.00000000E+00
20  3 0.00000000E+00 1.24221620E+00 0.00000000E+00 0.00000000E+00 0.00000000E+00
20  4 0.00000000E+00 0.00000000E+00 0.00000000E+00-2.24745809E-01 0.00000000E+00
20  5 0.00000000E+00 0.00000000E+00 0.00000000E+00-2.71738232E-02 0.00000000E+00
20  6 0.00000000E+00-1.13679651E-01 0.00000000E+00 0.00000000E+00 0.00000000E+00
20  7 0.00000000E+00-2.98813461E-02 0.00000000E+00 1.03736105E-02 0.00000000E+00
20  8 0.00000000E+00 0.00000000E+00 0.00000000E+00-2.71738232E-02 0.00000000E+00
20  9 0.00000000E+00-1.13679651E-01 0.00000000E+00 0.00000000E+00 0.00000000E+00
20 10 0.00000000E+00 2.98813461E-02 0.00000000E+00 1.03736105E-02
21  1 3.44112760E-03-2.14356708E-02 1.50368036E-02 3.07144439E-01 0.00000000E+00
21  2 0.00000000E+00 2.79482696E-01 0.00000000E+00 0.00000000E+00-1.05207579E+00
21  3 0.00000000E+00 0.00000000E+00 1.33034393E+00 2.54967167E-01-3.78001373E-03
21  4-2.51187153E-01 0.00000000E+00 0.00000000E+00 0.00000000E+00 1.03272078E-02
21  5 3.17437374E-02-3.64376532E-01 1.46237423E-01 0.00000000E+00-4.61243818E-02
21  6-1.55105554E-01 0.00000000E+00-3.38808308E-02-4.25362703E-02 1.68353733E-02
21  7 2.57008970E-02 0.00000000E+00 1.28592239E-03 0.00000000E+00 1.03272078E-02
21  8 3.17437374E-02-3.64376532E-01-1.46237423E-01 0.00000000E+00-4.61243818E-02
21  9 1.55105554E-01 0.00000000E+00-3.38808308E-02-4.25362703E-02 1.68353733E-02
21 10 2.57008970E-02 0.00000000E+00-1.28592239E-03 0.00000000E+00
22  1 0.00000000E+00 0.00000000E+00 0.00000000E+00 0.00000000E+00 2.90394822E-01
22  2 0.00000000E+00 0.00000000E+00-1.06013702E+00 0.00000000E+00 0.00000000E+00
22  3 1.49862360E+00 0.00000000E+00 0.00000000E+00 0.00000000E+00 0.00000000E+00
22  4 0.00000000E+00 0.00000000E+00 2.83001533E-01 0.00000000E+00-1.24215151E-02
22  5-4.35093544E-02 5.52501726E-01-2.47796797E-01 0.00000000E+00 1.18183291E-01
22  6 7.98953540E-02 0.00000000E+00-1.05320359E-01 1.93863608E-02-2.89488921E-02
22  7 9.56253132E-03 0.00000000E+00-4.85825410E-02 0.00000000E+00 1.24215151E-02
22  8 4.35093544E-02-5.52501726E-01-2.47796797E-01 0.00000000E+00-1.18183291E-01
22  9 7.98953540E-02 0.00000000E+00 1.05320359E-01-1.93863608E-02 2.89488921E-02
22 10-9.56253132E-03 0.00000000E+00-4.85825410E-02 0.00000000E+00
23  1-1.16521507E-01-4.08779001E-01-1.77863409E+00 2.32857075E+00 0.00000000E+00
23  2 0.00000000E+00-1.01508329E-02 0.00000000E+00 0.00000000E+00 5.97226944E-02
23  3 0.00000000E+00 0.00000000E+00 2.39981735E-01-2.13468386E-02 1.03972581E-01
23  4-8.26257428E-02 0.00000000E+00 0.00000000E+00 0.00000000E+00 1.77764513E-02
23  5-3.02939502E-02-4.17469325E-01 1.44790490E-01 0.00000000E+00-1.21813912E-01
23  6-1.86628774E-01 0.00000000E+00 8.82655802E-02-3.63967823E-02 3.39930727E-02
23  7 2.40370960E-03 0.00000000E+00 4.28950935E-02 0.00000000E+00 1.77764513E-02
23  8-3.02939502E-02-4.17469325E-01-1.44790490E-01 0.00000000E+00-1.21813912E-01
23  9 1.86628774E-01 0.00000000E+00 8.82655802E-02-3.63967823E-02 3.39930727E-02
23 10 2.40370960E-03 0.00000000E+00-4.28950935E-02 0.00000000E+00
24  1 0.00000000E+00 0.00000000E+00 0.00000000E+00 0.00000000E+00 0.00000000E+00
24  2 6.58012987E-02 0.00000000E+00 0.00000000E+00-2.67284347E-01 0.00000000E+00
24  3 0.00000000E+00 2.73966527E-01 0.00000000E+00 0.00000000E+00 0.00000000E+00
24  4 0.00000000E+00 0.00000000E+00 0.00000000E+00 9.15078302E-01 0.00000000E+00
24  5 0.00000000E+00 0.00000000E+00 0.00000000E+00-2.60217083E-01 0.00000000E+00
24  6 0.00000000E+00 6.47514825E-02 0.00000000E+00 0.00000000E+00 0.00000000E+00
24  7 0.00000000E+00 3.70616162E-02 0.00000000E+00 1.19059047E-02 0.00000000E+00
24  8 0.00000000E+00 0.00000000E+00 0.00000000E+00-2.60217083E-01 0.00000000E+00
24  9 0.00000000E+00 6.47514825E-02 0.00000000E+00 0.00000000E+00 0.00000000E+00
24 10 0.00000000E+00-3.70616162E-02 0.00000000E+00 1.19059047E-02
25  1 0.00000000E+00 0.00000000E+00 0.00000000E+00 0.00000000E+00 0.00000000E+00
25  2 0.00000000E+00 0.00000000E+00 0.00000000E+00 0.00000000E+00 0.00000000E+00
25  3 0.00000000E+00 0.00000000E+00 0.00000000E+00 0.00000000E+00 0.00000000E+00
25  4 0.00000000E+00 8.96516532E-01 0.00000000E+00 0.00000000E+00 0.00000000E+00
25  5 0.00000000E+00 0.00000000E+00 0.00000000E+00 3.44533022E-01 0.00000000E+00
25  6 0.00000000E+00-8.05181518E-02 0.00000000E+00 0.00000000E+00 0.00000000E+00
25  7 0.00000000E+00-4.23006125E-02 0.00000000E+00 4.37198187E-02 0.00000000E+00
25  8 0.00000000E+00 0.00000000E+00 0.00000000E+00-3.44533022E-01 0.00000000E+00
25  9 0.00000000E+00 8.05181518E-02 0.00000000E+00 0.00000000E+00 0.00000000E+00
25 10 0.00000000E+00-4.23006125E-02 0.00000000E+00-4.37198187E-02
26  1-6.04208627E-03-4.90768053E-02-1.26383123E-01 3.82461915E-01 0.00000000E+00
26  2 0.00000000E+00 5.38340228E-02 0.00000000E+00 0.00000000E+00-2.15244072E-01
26  3 0.00000000E+00 0.00000000E+00 3.58579930E-01-1.61419612E-01-6.66559849E-01
26  4 8.27979461E-01 0.00000000E+00 0.00000000E+00 0.00000000E+00 1.27397964E-02
26  5-4.51849004E-02-1.46147717E-01-1.28677400E-01 0.00000000E+00-2.95522890E-01
26  6-5.71564080E-02 0.00000000E+00 1.38809467E-01 2.20766976E-02-1.47602344E-02
26  7-7.31646317E-03 0.00000000E+00 4.09982347E-02 0.00000000E+00 1.27397964E-02
26  8-4.51849004E-02-1.46147717E-01 1.28677400E-01 0.00000000E+00-2.95522890E-01
26  9 5.71564080E-02 0.00000000E+00 1.38809467E-01 2.20766976E-02-1.47602344E-02
26 10-7.31646317E-03 0.00000000E+00-4.09982347E-02 0.00000000E+00
27  1 1.27696509E-02-1.82533492E-02 1.32385812E-01 1.29842820E+00 0.00000000E+00
27  2 0.00000000E+00-1.02426574E-01 0.00000000E+00 0.00000000E+00 5.13094447E-01
27  3 0.00000000E+00 0.00000000E+00 2.43652803E-01 6.19949965E-01-5.30685930E-01
27  4-8.92640348E-02 0.00000000E+00 0.00000000E+00 0.00000000E+00 6.21140601E-02
27  5-1.73495364E-01-5.12448921E-01 3.24427621E-01 0.00000000E+00 2.19294720E-02
27  6-9.64016784E-01 0.00000000E+00 3.80964653E-01-4.63937934E-03-1.18704783E-02
27  7 1.65098577E-02 0.00000000E+00-1.15546485E-02 0.00000000E+00 6.21140601E-02
27  8-1.73495364E-01-5.12448921E-01-3.24427621E-01 0.00000000E+00 2.19294720E-02
27  9 9.64016784E-01 0.00000000E+00 3.80964653E-01-4.63937934E-03-1.18704783E-02
27 10 1.65098577E-02 0.00000000E+00 1.15546485E-02 0.00000000E+00
28  1 0.00000000E+00 0.00000000E+00 0.00000000E+00 0.00000000E+00-1.50434575E-01
28  2 0.00000000E+00 0.00000000E+00 7.77405037E-01 0.00000000E+00 0.00000000E+00
28  3 3.24515975E-01 0.00000000E+00 0.00000000E+00 0.00000000E+00 0.00000000E+00
28  4 0.00000000E+00 0.00000000E+00 6.46773461E-01 0.00000000E+00-6.11012471E-02
28  5 1.78776058E-01 4.13229980E-01-1.58358188E-01 0.00000000E+00 2.19746450E-01
28  6 8.30812768E-01 0.00000000E+00-5.68708350E-01-2.43767662E-02 6.96302180E-03
28  7 1.74137444E-02 0.00000000E+00 1.17513572E-02 0.00000000E+00 6.11012471E-02
28  8-1.78776058E-01-4.13229980E-01-1.58358188E-01 0.00000000E+00-2.19746450E-01
28  9 8.30812768E-01 0.00000000E+00 5.68708350E-01 2.43767662E-02-6.96302180E-03
28 10-1.74137444E-02 0.00000000E+00 1.17513572E-02 0.00000000E+00
29  1 0.00000000E+00 0.00000000E+00 0.00000000E+00 0.00000000E+00 0.00000000E+00
29  2 0.00000000E+00 0.00000000E+00 0.00000000E+00 0.00000000E+00 0.00000000E+00
29  3 0.00000000E+00 0.00000000E+00 0.00000000E+00 0.00000000E+00 0.00000000E+00
29  4 0.00000000E+00 4.70662949E-01 0.00000000E+00 0.00000000E+00 0.00000000E+00
29  5 0.00000000E+00 0.00000000E+00 0.00000000E+00-5.59289899E-01 0.00000000E+00
29  6 0.00000000E+00 7.96865488E-01 0.00000000E+00 0.00000000E+00 0.00000000E+00
29  7 0.00000000E+00-4.62690040E-02 0.00000000E+00 3.36090965E-02 0.00000000E+00
29  8 0.00000000E+00 0.00000000E+00 0.00000000E+00 5.59289899E-01 0.00000000E+00
29  9 0.00000000E+00-7.96865488E-01 0.00000000E+00 0.00000000E+00 0.00000000E+00
29 10 0.00000000E+00-4.62690040E-02 0.00000000E+00-3.36090965E-02
30  1 1.04164011E-02 5.72953548E-02 1.90221097E-01-6.29111165E-02 0.00000000E+00
30  2 0.00000000E+00-3.93452148E-02 0.00000000E+00 0.00000000E+00 1.90008029E-01
30  3 0.00000000E+00 0.00000000E+00-6.50976667E-01 3.76152509E-01 1.11841202E-01
30  4-4.87993711E-01 0.00000000E+00 0.00000000E+00 0.00000000E+00 1.30664762E-04
30  5 5.03789618E-02 1.66442612E-02-2.29996251E-01 0.00000000E+00-4.76784920E-01
30  6 2.76252249E-01 0.00000000E+00 8.38275684E-01-2.88521576E-02-8.32963429E-03
30  7 3.71817919E-02 0.00000000E+00-4.67526047E-02 0.00000000E+00 1.30664762E-04
30  8 5.03789618E-02 1.66442612E-02 2.29996251E-01 0.00000000E+00-4.76784920E-01
30  9-2.76252249E-01 0.00000000E+00 8.38275684E-01-2.88521576E-02-8.32963429E-03
30 10 3.71817919E-02 0.00000000E+00 4.67526047E-02 0.00000000E+00
31  1 0.00000000E+00 0.00000000E+00 0.00000000E+00 0.00000000E+00 0.00000000E+00
31  2-2.71879785E-02 0.00000000E+00 0.00000000E+00 1.11563228E-01 0.00000000E+00
31  3 0.00000000E+00-7.19471362E-01 0.00000000E+00 0.00000000E+00 0.00000000E+00
31  4 0.00000000E+00 0.00000000E+00 0.00000000E+00-3.56428807E-01 0.00000000E+00
31  5 0.00000000E+00 0.00000000E+00 0.00000000E+00-5.89502877E-01 0.00000000E+00
31  6 0.00000000E+00 9.35539577E-01 0.00000000E+00 0.00000000E+00 0.00000000E+00
31  7 0.00000000E+00-4.70765840E-02 0.00000000E+00 1.49586512E-02 0.00000000E+00
31  8 0.00000000E+00 0.00000000E+00 0.00000000E+00-5.89502877E-01 0.00000000E+00
31  9 0.00000000E+00 9.35539577E-01 0.00000000E+00 0.00000000E+00 0.00000000E+00
31 10 0.00000000E+00 4.70765840E-02 0.00000000E+00 1.49586512E-02
32  1 0.00000000E+00 0.00000000E+00 0.00000000E+00 0.00000000E+00-3.35421840E-02
32  2 0.00000000E+00 0.00000000E+00 1.55604067E-01 0.00000000E+00 0.00000000E+00
32  3-4.07890538E-01 0.00000000E+00 0.00000000E+00 0.00000000E+00 0.00000000E+00
32  4 0.00000000E+00 0.00000000E+00 2.58189410E-01 0.00000000E+00-2.63221670E-05
32  5-4.76590465E-02-1.49072279E-02-2.67299795E-01 0.00000000E+00-5.56146147E-01
32  6 5.00506160E-01 0.00000000E+00 7.05110656E-01-4.41427977E-02 1.29244385E-02
32  7 3.12183592E-02 0.00000000E+00-1.11171212E-02 0.00000000E+00 2.63221670E-05
32  8 4.76590465E-02 1.49072279E-02-2.67299795E-01 0.00000000E+00 5.56146147E-01
32  9 5.00506160E-01 0.00000000E+00-7.05110656E-01 4.41427977E-02-1.29244385E-02
32 10-3.12183592E-02 0.00000000E+00-1.11171212E-02 0.00000000E+00
33  1-2.34705477E-02-2.25792013E-01-5.54329954E-01 5.89987877E-01 0.00000000E+00
33  2 0.00000000E+00-4.88500188E-02 0.00000000E+00 0.00000000E+00 7.54263107E-02
33  3 0.00000000E+00 0.00000000E+00 1.36501931E-01 7.85392873E-01-6.18149055E-01
33  4-1.67243819E-01 0.00000000E+00 0.00000000E+00 0.00000000E+00 2.53377094E-02
33  5-1.45457793E-01-1.81885185E-01-4.53341188E-01 0.00000000E+00 3.36318117E-01
33  6 3.33471043E-01 0.00000000E+00-1.72526444E-01-5.76653929E-02-5.36702147E-03
33  7 6.30324144E-02 0.00000000E+00 1.35190407E-02 0.00000000E+00 2.53377094E-02
33  8-1.45457793E-01-1.81885185E-01 4.53341188E-01 0.00000000E+00 3.36318117E-01
33  9-3.33471043E-01 0.00000000E+00-1.72526444E-01-5.76653929E-02-5.36702147E-03
33 10 6.30324144E-02 0.00000000E+00-1.35190407E-02 0.00000000E+00
34  1 0.00000000E+00 0.00000000E+00 0.00000000E+00 0.00000000E+00-6.05104445E-02
34  2 0.00000000E+00 0.00000000E+00 3.30402352E-02 0.00000000E+00 0.00000000E+00
34  3 5.36532327E-01 0.00000000E+00 0.00000000E+00 0.00000000E+00 0.00000000E+00
34  4 0.00000000E+00 0.00000000E+00 8.69580528E-01 0.00000000E+00-3.02340939E-02
34  5 8.98494681E-02 3.66267267E-01 5.81544648E-01 0.00000000E+00-1.93832864E-01
34  6-3.61741212E-01 0.00000000E+00 8.13137777E-02-3.05237805E-02-2.88331219E-02
34  7 5.93569025E-02 0.00000000E+00-1.59411030E-02 0.00000000E+00 3.02340939E-02
34  8-8.98494681E-02-3.66267267E-01 5.81544648E-01 0.00000000E+00 1.93832864E-01
34  9-3.61741212E-01 0.00000000E+00-8.13137777E-02 3.05237805E-02 2.88331219E-02
34 10-5.93569025E-02 0.00000000E+00-1.59411030E-02 0.00000000E+00
35  1 0.00000000E+00 0.00000000E+00 0.00000000E+00 0.00000000E+00-2.42750050E-02
35  2 0.00000000E+00 0.00000000E+00 2.71334251E-01 0.00000000E+00 0.00000000E+00
35  3 1.18319215E+00 0.00000000E+00 0.00000000E+00 0.00000000E+00 0.00000000E+00
35  4 0.00000000E+00 0.00000000E+00 2.70486605E-01 0.00000000E+00 5.92510259E-03
35  5-1.21344284E+00 1.91991704E+00 1.32415954E-02 0.00000000E+00 7.04388930E-02
35  6 3.51748298E-01 0.00000000E+00-4.41678897E-01-8.06861431E-02 9.52888390E-02
35  7-1.46026958E-02 0.00000000E+00 1.52127421E-01 0.00000000E+00-5.92510259E-03
35  8 1.21344284E+00-1.91991704E+00 1.32415954E-02 0.00000000E+00-7.04388930E-02
35  9 3.51748298E-01 0.00000000E+00 4.41678897E-01 8.06861431E-02-9.52888390E-02
35 10 1.46026958E-02 0.00000000E+00 1.52127421E-01 0.00000000E+00
36  1-2.41012272E-02-2.36977033E-01-5.42810989E-01 2.31343180E+00 0.00000000E+00
36  2 0.00000000E+00-2.01999992E-02 0.00000000E+00 0.00000000E+00 1.80347838E-01
36  3 0.00000000E+00 0.00000000E+00 9.14073494E-01 3.04669983E-01-3.11952256E-01
36  4 7.28227355E-03 0.00000000E+00 0.00000000E+00 0.00000000E+00 5.00080336E-03
36  5 1.20024369E+00-2.09125886E+00 1.77469168E-02 0.00000000E+00 5.68298946E-02
36  6-6.83580500E-01 0.00000000E+00 1.34043524E-01 1.90255833E-01-1.13701576E-01
36  7-7.65542573E-02 0.00000000E+00-1.28531808E-01 0.00000000E+00 5.00080336E-03
36  8 1.20024369E+00-2.09125886E+00-1.77469168E-02 0.00000000E+00 5.68298946E-02
36  9 6.83580500E-01 0.00000000E+00 1.34043524E-01 1.90255833E-01-1.13701576E-01
36 10-7.65542573E-02 0.00000000E+00 1.28531808E-01 0.00000000E+00
37  1 0.00000000E+00 0.00000000E+00 0.00000000E+00 0.00000000E+00 0.00000000E+00
37  2 0.00000000E+00 0.00000000E+00 0.00000000E+00 0.00000000E+00 0.00000000E+00
37  3 0.00000000E+00 0.00000000E+00 0.00000000E+00 0.00000000E+00 0.00000000E+00
37  4 0.00000000E+00 3.04317557E-02 0.00000000E+00 0.00000000E+00 0.00000000E+00
37  5 0.00000000E+00 0.00000000E+00 0.00000000E+00-1.24978445E-02 0.00000000E+00
37  6 0.00000000E+00 1.97211529E-02 0.00000000E+00 0.00000000E+00 0.00000000E+00
37  7 0.00000000E+00 4.74631324E-01 0.00000000E+00 5.24564950E-01 0.00000000E+00
37  8 0.00000000E+00 0.00000000E+00 0.00000000E+00 1.24978445E-02 0.00000000E+00
37  9 0.00000000E+00-1.97211529E-02 0.00000000E+00 0.00000000E+00 0.00000000E+00
37 10 0.00000000E+00 4.74631324E-01 0.00000000E+00-5.24564950E-01
38  1 0.00000000E+00 0.00000000E+00 0.00000000E+00 0.00000000E+00-4.06526344E-03
38  2 0.00000000E+00 0.00000000E+00-1.36875780E-03 0.00000000E+00 0.00000000E+00
38  3 5.62573198E-02 0.00000000E+00 0.00000000E+00 0.00000000E+00 0.00000000E+00
38  4 0.00000000E+00 0.00000000E+00-2.54778867E-02 0.00000000E+00-5.90441616E-05
38  5-2.89182173E-03 1.79844830E-02 2.72201850E-02 0.00000000E+00 2.15703657E-02
38  6-4.57404010E-02 0.00000000E+00-3.51222551E-02-3.22199901E-01 5.94070384E-01
38  7-2.71870482E-01 0.00000000E+00-3.83447927E-01 0.00000000E+00 5.90441616E-05
38  8 2.89182173E-03-1.79844830E-02 2.72201850E-02 0.00000000E+00-2.15703657E-02
38  9-4.57404010E-02 0.00000000E+00 3.51222551E-02 3.22199901E-01-5.94070384E-01
38 10 2.71870482E-01 0.00000000E+00-3.83447927E-01 0.00000000E+00
39  1 0.00000000E+00 0.00000000E+00 0.00000000E+00 0.00000000E+00 0.00000000E+00
39  2-1.86048372E-02 0.00000000E+00 0.00000000E+00 6.10546027E-02 0.00000000E+00
39  3 0.00000000E+00 3.10568760E-02 0.00000000E+00 0.00000000E+00 0.00000000E+00
39  4 0.00000000E+00 0.00000000E+00 0.00000000E+00-2.05873262E-02 0.00000000E+00
39  5 0.00000000E+00 0.00000000E+00 0.00000000E+00 2.17648079E-02 0.00000000E+00
39  6 0.00000000E+00-3.63725905E-02 0.00000000E+00 0.00000000E+00 0.00000000E+00
39  7 0.00000000E+00 1.45287466E-01 0.00000000E+00 6.92986517E-01 0.00000000E+00
39  8 0.00000000E+00 0.00000000E+00 0.00000000E+00 2.17648079E-02 0.00000000E+00
39  9 0.00000000E+00-3.63725905E-02 0.00000000E+00 0.00000000E+00 0.00000000E+00
39 10 0.00000000E+00-1.45287466E-01 0.00000000E+00 6.92986517E-01
40  1-1.94731597E-03-1.14200315E-02-3.79029743E-02 1.17002495E-02 0.00000000E+00
40  2 0.00000000E+00 3.30134268E-03 0.00000000E+00 0.00000000E+00-2.10994608E-02
40  3 0.00000000E+00 0.00000000E+00 2.02346416E-03 5.30550264E-02-1.11314941E-01
40  4 5.82599141E-02 0.00000000E+00 0.00000000E+00 0.00000000E+00 2.10095111E-03
40  5-3.37379604E-02 1.88252992E-02-2.90211898E-02 0.00000000E+00 8.03930390E-03
40  6 2.88080129E-02 0.00000000E+00-4.12525983E-03-1.17791822E-01 6.00079943E-01
40  7-4.82288121E-01 0.00000000E+00-3.09282721E-01 0.00000000E+00 2.10095111E-03
40  8-3.37379604E-02 1.88252992E-02 2.90211898E-02 0.00000000E+00 8.03930390E-03
40  9-2.88080129E-02 0.00000000E+00-4.12525983E-03-1.17791822E-01 6.00079943E-01
40 10-4.82288121E-01 0.00000000E+00 3.09282721E-01 0.00000000E+00
41  1 0.00000000E+00 0.00000000E+00 0.00000000E+00 0.00000000E+00-3.57285716E-02
41  2 0.00000000E+00 0.00000000E+00 1.64487464E-01 0.00000000E+00 0.00000000E+00
41  3 1.05093260E-01 0.00000000E+00 0.00000000E+00 0.00000000E+00 0.00000000E+00
41  4 0.00000000E+00 0.00000000E+00-2.49947015E-01 0.00000000E+00 2.24422474E-03
41  5-1.47045340E-01 1.81075009E-01-2.32707973E-02 0.00000000E+00 7.88141727E-02
41  6 1.38161101E-02 0.00000000E+00-1.41731291E-01-4.38527830E-01-2.04634552E-01
41  7 6.43162382E-01 0.00000000E+00-2.80539723E-01 0.00000000E+00-2.24422474E-03
41  8 1.47045340E-01-1.81075009E-01-2.32707973E-02 0.00000000E+00-7.88141727E-02
41  9 1.38161101E-02 0.00000000E+00 1.41731291E-01 4.38527830E-01 2.04634552E-01
41 10-6.43162382E-01 0.00000000E+00-2.80539723E-01 0.00000000E+00
42  1 0.00000000E+00 0.00000000E+00 0.00000000E+00 0.00000000E+00 0.00000000E+00
42  2 5.52625405E-02 0.00000000E+00 0.00000000E+00-1.76316691E-01 0.00000000E+00
42  3 0.00000000E+00-1.59217825E-01 0.00000000E+00 0.00000000E+00 0.00000000E+00
42  4 0.00000000E+00 0.00000000E+00 0.00000000E+00-2.91116154E-01 0.00000000E+00
42  5 0.00000000E+00 0.00000000E+00 0.00000000E+00-6.36902998E-02 0.00000000E+00
42  6 0.00000000E+00 1.71237694E-01 0.00000000E+00 0.00000000E+00 0.00000000E+00
42  7 0.00000000E+00 7.12366546E-01 0.00000000E+00-1.57494718E-01 0.00000000E+00
42  8 0.00000000E+00 0.00000000E+00 0.00000000E+00-6.36902998E-02 0.00000000E+00
42  9 0.00000000E+00 1.71237694E-01 0.00000000E+00 0.00000000E+00 0.00000000E+00
42 10 0.00000000E+00-7.12366546E-01 0.00000000E+00-1.57494718E-01
43  1 0.00000000E+00 0.00000000E+00 0.00000000E+00 0.00000000E+00 0.00000000E+00
43  2 0.00000000E+00 0.00000000E+00 0.00000000E+00 0.00000000E+00 0.00000000E+00
43  3 0.00000000E+00 0.00000000E+00 0.00000000E+00 0.00000000E+00 0.00000000E+00
43  4 0.00000000E+00 4.60204884E-01 0.00000000E+00 0.00000000E+00 0.00000000E+00
43  5 0.00000000E+00 0.00000000E+00 0.00000000E+00-3.91941890E-02 0.00000000E+00
43  6 0.00000000E+00 1.42961866E-01 0.00000000E+00 0.00000000E+00 0.00000000E+00
43  7 0.00000000E+00 5.51951152E-01 0.00000000E+00-4.90319378E-01 0.00000000E+00
43  8 0.00000000E+00 0.00000000E+00 0.00000000E+00 3.91941890E-02 0.00000000E+00
43  9 0.00000000E+00-1.42961866E-01 0.00000000E+00 0.00000000E+00 0.00000000E+00
43 10 0.00000000E+00 5.51951152E-01 0.00000000E+00 4.90319378E-01
44  1-2.63038215E-04 2.73982847E-02 2.32413542E-02-4.00375362E-01 0.00000000E+00
44  2 0.00000000E+00 5.89688028E-02 0.00000000E+00 0.00000000E+00-2.24298434E-01
44  3 0.00000000E+00 0.00000000E+00-3.24145395E-01 3.55785785E-01 6.80804400E-02
44  4-4.23866225E-01 0.00000000E+00 0.00000000E+00 0.00000000E+00-1.85667597E-03
44  5-2.35524233E-01 4.04834980E-01-6.41410461E-02 0.00000000E+00-1.96898948E-02
44  6 2.50192702E-01 0.00000000E+00 1.26821408E-01 5.93449610E-01-5.24983145E-02
44  7-5.40951295E-01 0.00000000E+00 3.48947409E-01 0.00000000E+00-1.85667597E-03
44  8-2.35524233E-01 4.04834980E-01 6.41410461E-02 0.00000000E+00-1.96898948E-02
44  9-2.50192702E-01 0.00000000E+00 1.26821408E-01 5.93449610E-01-5.24983145E-02
44 10-5.40951295E-01 0.00000000E+00-3.48947409E-01 0.00000000E+00
45  1-3.99302164E-02 2.19299673E-02-4.70640174E-01-1.34029026E+00 0.00000000E+00
45  2 0.00000000E+00 1.15160488E-01 0.00000000E+00 0.00000000E+00-6.40144712E-01
45  3 0.00000000E+00 0.00000000E+00-3.22162015E-01-6.04267905E-01 4.60097336E-01
45  4 1.44170569E-01 0.00000000E+00 0.00000000E+00 0.00000000E+00-3.06190560E-02
45  5-6.54258942E-01 1.39694231E+00-9.26436050E-05 0.00000000E+00-1.04273841E-02
45  6 6.86169624E-01 0.00000000E+00-3.75346589E-01 4.31604080E-01-4.20051391E-01
45  7-1.15526890E-02 0.00000000E+00-6.31351767E-01 0.00000000E+00-3.06190560E-02
45  8-6.54258942E-01 1.39694231E+00 9.26436050E-05 0.00000000E+00-1.04273841E-02
45  9-6.86169624E-01 0.00000000E+00-3.75346589E-01 4.31604080E-01-4.20051391E-01
45 10-1.15526890E-02 0.00000000E+00 6.31351767E-01 0.00000000E+00
46  1 0.00000000E+00 0.00000000E+00 0.00000000E+00 0.00000000E+00-2.10148450E-01
46  2 0.00000000E+00 0.00000000E+00 1.12405070E+00 0.00000000E+00 0.00000000E+00
46  3 4.19066423E-01 0.00000000E+00 0.00000000E+00 0.00000000E+00 0.00000000E+00
46  4 0.00000000E+00 0.00000000E+00 6.90195909E-01 0.00000000E+00-3.23987692E-02
46  5-5.34017512E-01 1.20289177E+00 5.25374125E-02 0.00000000E+00-2.23913061E-02
46  6 6.03855344E-01 0.00000000E+00-3.59458386E-01 5.63164484E-01-3.84468437E-01
46  7-1.78696047E-01 0.00000000E+00-6.10815733E-01 0.00000000E+00 3.23987692E-02
46  8 5.34017512E-01-1.20289177E+00 5.25374125E-02 0.00000000E+00 2.23913061E-02
46  9 6.03855344E-01 0.00000000E+00 3.59458386E-01-5.63164484E-01 3.84468437E-01
46 10 1.78696047E-01 0.00000000E+00-6.10815733E-01 0.00000000E+00
 $END   
 POPULATION ANALYSIS
S           15.17735   0.82265  15.21195   0.78805
O            8.41132  -0.41132   8.39403  -0.39403
O            8.41132  -0.41132   8.39403  -0.39403
 MOMENTS AT POINT    1 X,Y,Z=  0.000000  0.000000  0.000000
 DIPOLE       0.000000  0.000000 -1.817466
