 $DATA  
Title                                                                           
CNV      2

S          16.0      0.0000000000      0.0000000000     -0.1812236088
   PC1     0
        
O           8.0      1.3522961568      0.0000000000      0.1811230543
   PC1     0
        
 $END      
 $ZMAT   IZMAT(1)=
         1,   3,   1,
         1,   2,   1,
         2,   2,   1,   3,
 $END
--- CLOSED SHELL ORBITALS --- GENERATED AT Thu Feb 26 00:16:00 2015
Title                                                                           
E(R-PBE)=     -548.1985029970, E(NUC)=  109.2860021777,   18 ITERS
 $VEC   
 1  1 1.00298921E+00-1.02694956E-02 1.93308792E-03-4.18384796E-04 0.00000000E+00
 1  2 0.00000000E+00 6.79418465E-05 0.00000000E+00 0.00000000E+00 9.30851829E-05
 1  3 0.00000000E+00 0.00000000E+00 3.54631730E-05 2.93176321E-04-1.57778694E-04
 1  4-1.35397627E-04 0.00000000E+00 0.00000000E+00 0.00000000E+00 1.99419048E-05
 1  5 6.19658383E-05-3.39226065E-04-1.03786537E-04 0.00000000E+00 3.23053273E-05
 1  6-2.95290535E-04 0.00000000E+00 9.29043760E-05-1.59404567E-04 9.52780157E-05
 1  7 6.41265512E-05 0.00000000E+00 1.00267568E-04 0.00000000E+00 1.99419048E-05
 1  8 6.19658383E-05-3.39226065E-04 1.03786537E-04 0.00000000E+00 3.23053273E-05
 1  9 2.95290535E-04 0.00000000E+00 9.29043760E-05-1.59404567E-04 9.52780157E-05
 1 10 6.41265512E-05 0.00000000E+00-1.00267568E-04 0.00000000E+00
 2  1 0.00000000E+00 0.00000000E+00 0.00000000E+00 0.00000000E+00-8.19218736E-05
 2  2 0.00000000E+00 0.00000000E+00-1.73184438E-03 0.00000000E+00 0.00000000E+00
 2  3-8.29739075E-03 0.00000000E+00 0.00000000E+00 0.00000000E+00 0.00000000E+00
 2  4 0.00000000E+00 0.00000000E+00-5.26523690E-05 0.00000000E+00 7.03300830E-01
 2  5 2.66153320E-02-1.51968488E-02 9.11124254E-04 0.00000000E+00-2.88021129E-04
 2  6-2.88428485E-03 0.00000000E+00 1.65213965E-03-1.85591504E-04 1.58232966E-04
 2  7 2.73585380E-05 0.00000000E+00 2.75861207E-04 0.00000000E+00-7.03300830E-01
 2  8-2.66153320E-02 1.51968488E-02 9.11124254E-04 0.00000000E+00 2.88021129E-04
 2  9-2.88428485E-03 0.00000000E+00-1.65213965E-03 1.85591504E-04-1.58232966E-04
 2 10-2.73585380E-05 0.00000000E+00 2.75861207E-04 0.00000000E+00
 3  1-4.22499254E-05 1.53502419E-04-1.68592921E-04 8.88807769E-03 0.00000000E+00
 3  2 0.00000000E+00 9.66766898E-06 0.00000000E+00 0.00000000E+00 5.29744782E-04
 3  3 0.00000000E+00 0.00000000E+00 2.23661096E-03-1.47575854E-04-5.92562391E-05
 3  4 2.06832093E-04 0.00000000E+00 0.00000000E+00 0.00000000E+00 7.03236465E-01
 3  5 2.59546437E-02-1.24025650E-02 1.22301928E-03 0.00000000E+00-5.01583572E-05
 3  6-3.68293851E-03 0.00000000E+00 1.32100447E-05-3.64263496E-04 1.66762723E-04
 3  7 1.97500773E-04 0.00000000E+00-2.18283755E-05 0.00000000E+00 7.03236465E-01
 3  8 2.59546437E-02-1.24025650E-02-1.22301928E-03 0.00000000E+00-5.01583572E-05
 3  9 3.68293851E-03 0.00000000E+00 1.32100447E-05-3.64263496E-04 1.66762723E-04
 3 10 1.97500773E-04 0.00000000E+00 2.18283755E-05 0.00000000E+00
 4  1-2.73999485E-01 1.03935852E+00 4.14664125E-02-8.64305400E-03 0.00000000E+00
 4  2 0.00000000E+00 1.42990172E-02 0.00000000E+00 0.00000000E+00 1.81507364E-03
 4  3 0.00000000E+00 0.00000000E+00-2.32710541E-04 2.61565882E-03-1.31661442E-03
 4  4-1.29904440E-03 0.00000000E+00 0.00000000E+00 0.00000000E+00-1.50156753E-04
 4  5 6.95424152E-05-1.82508166E-03-5.79826620E-04 0.00000000E+00 1.72257251E-04
 4  6-2.21463404E-03 0.00000000E+00 7.94394670E-04-3.60667455E-04 2.40623471E-04
 4  7 1.20043984E-04 0.00000000E+00 3.21457655E-04 0.00000000E+00-1.50156753E-04
 4  8 6.95424152E-05-1.82508166E-03 5.79826620E-04 0.00000000E+00 1.72257251E-04
 4  9 2.21463404E-03 0.00000000E+00 7.94394670E-04-3.60667455E-04 2.40623471E-04
 4 10 1.20043984E-04 0.00000000E+00-3.21457655E-04 0.00000000E+00
 5  1 0.00000000E+00 0.00000000E+00 0.00000000E+00 0.00000000E+00 9.96326981E-01
 5  2 0.00000000E+00 0.00000000E+00 9.79283415E-03 0.00000000E+00 0.00000000E+00
 5  3-5.45042966E-04 0.00000000E+00 0.00000000E+00 0.00000000E+00 0.00000000E+00
 5  4 0.00000000E+00 0.00000000E+00 1.42958464E-03 0.00000000E+00 7.12702349E-04
 5  5-6.29950233E-04-4.52057312E-04-1.35459932E-03 0.00000000E+00 4.23777937E-04
 5  6-8.61175197E-05 0.00000000E+00 2.97797325E-04-8.37662247E-04 5.38016038E-04
 5  7 2.99646209E-04 0.00000000E+00 6.78535937E-04 0.00000000E+00-7.12702349E-04
 5  8 6.29950233E-04 4.52057312E-04-1.35459932E-03 0.00000000E+00-4.23777937E-04
 5  9-8.61175197E-05 0.00000000E+00-2.97797325E-04 8.37662247E-04-5.38016038E-04
 5 10-2.99646209E-04 0.00000000E+00 6.78535937E-04 0.00000000E+00
 6  1 0.00000000E+00 0.00000000E+00 0.00000000E+00 0.00000000E+00 0.00000000E+00
 6  2 9.96886720E-01 0.00000000E+00 0.00000000E+00 8.93002363E-03 0.00000000E+00
 6  3 0.00000000E+00-2.09306473E-04 0.00000000E+00 0.00000000E+00 0.00000000E+00
 6  4 0.00000000E+00 0.00000000E+00 0.00000000E+00 9.80833581E-04 0.00000000E+00
 6  5 0.00000000E+00 0.00000000E+00 0.00000000E+00 1.47182546E-04 0.00000000E+00
 6  6 0.00000000E+00-2.63330403E-05 0.00000000E+00 0.00000000E+00 0.00000000E+00
 6  7 0.00000000E+00 2.35852611E-04 0.00000000E+00-1.01711290E-04 0.00000000E+00
 6  8 0.00000000E+00 0.00000000E+00 0.00000000E+00 1.47182546E-04 0.00000000E+00
 6  9 0.00000000E+00-2.63330403E-05 0.00000000E+00 0.00000000E+00 0.00000000E+00
 6 10 0.00000000E+00-2.35852611E-04 0.00000000E+00-1.01711290E-04
 7  1 4.08329859E-03-1.53638106E-02 4.61993032E-04-1.30736256E-03 0.00000000E+00
 7  2 0.00000000E+00 9.96837659E-01 0.00000000E+00 0.00000000E+00 8.62593839E-03
 7  3 0.00000000E+00 0.00000000E+00-2.64946383E-04-9.22850733E-04-3.86894998E-04
 7  4 1.30974573E-03 0.00000000E+00 0.00000000E+00 0.00000000E+00-2.01929080E-04
 7  5 1.14330859E-04 8.03145287E-04 5.44580015E-04 0.00000000E+00-1.12702060E-05
 7  6 3.66044695E-04 0.00000000E+00-1.57273302E-04 4.20363804E-04-1.54328460E-04
 7  7-2.66035344E-04 0.00000000E+00 7.33532080E-06 0.00000000E+00-2.01929080E-04
 7  8 1.14330859E-04 8.03145287E-04-5.44580015E-04 0.00000000E+00-1.12702060E-05
 7  9-3.66044695E-04 0.00000000E+00-1.57273302E-04 4.20363804E-04-1.54328460E-04
 7 10-2.66035344E-04 0.00000000E+00-7.33532080E-06 0.00000000E+00
 8  1 5.36494222E-02-1.57184592E-01 3.07548678E-01 1.36604671E-01 0.00000000E+00
 8  2 0.00000000E+00-4.26105234E-02 0.00000000E+00 0.00000000E+00 8.32547574E-02
 8  3 0.00000000E+00 0.00000000E+00-3.21593666E-04 7.63844571E-02-4.22199936E-02
 8  4-3.41644634E-02 0.00000000E+00 0.00000000E+00 0.00000000E+00-1.23592258E-01
 8  5 2.44441583E-01 2.54120161E-01 1.21216144E-01 0.00000000E+00-2.39403458E-02
 8  6 3.91418515E-02 0.00000000E+00-1.43373373E-03 1.32018117E-02-5.31981498E-03
 8  7-7.88199674E-03 0.00000000E+00-9.08203472E-04 0.00000000E+00-1.23592258E-01
 8  8 2.44441583E-01 2.54120161E-01-1.21216144E-01 0.00000000E+00-2.39403458E-02
 8  9-3.91418515E-02 0.00000000E+00-1.43373373E-03 1.32018117E-02-5.31981498E-03
 8 10-7.88199674E-03 0.00000000E+00 9.08203472E-04 0.00000000E+00
 9  1 0.00000000E+00 0.00000000E+00 0.00000000E+00 0.00000000E+00 1.53905543E-01
 9  2 0.00000000E+00 0.00000000E+00-2.85536650E-01 0.00000000E+00 0.00000000E+00
 9  3-2.63305454E-03 0.00000000E+00 0.00000000E+00 0.00000000E+00 0.00000000E+00
 9  4 0.00000000E+00 0.00000000E+00-5.23594889E-02 0.00000000E+00-1.43413950E-01
 9  5 2.85432900E-01 3.25392799E-01 1.19137114E-01 0.00000000E+00-2.76617166E-02
 9  6 3.44685361E-02 0.00000000E+00-1.17922515E-02 9.84685961E-03-5.06398756E-03
 9  7-4.78287205E-03 0.00000000E+00-6.20230450E-03 0.00000000E+00 1.43413950E-01
 9  8-2.85432900E-01-3.25392799E-01 1.19137114E-01 0.00000000E+00 2.76617166E-02
 9  9 3.44685361E-02 0.00000000E+00 1.17922515E-02-9.84685961E-03 5.06398756E-03
 9 10 4.78287205E-03 0.00000000E+00-6.20230450E-03 0.00000000E+00
10  1 5.96535433E-02-1.60385170E-01 3.88355804E-01 3.05719542E-01 0.00000000E+00
10  2 0.00000000E+00 1.06855796E-03 0.00000000E+00 0.00000000E+00 7.55227719E-03
10  3 0.00000000E+00 0.00000000E+00-2.35480401E-02-2.53750925E-02 1.75129182E-02
10  4 7.86217435E-03 0.00000000E+00 0.00000000E+00 0.00000000E+00 1.06530703E-01
10  5-2.19238159E-01-3.68444569E-01 2.16648615E-01 0.00000000E+00-5.73331108E-02
10  6 1.10529267E-01 0.00000000E+00-2.37883980E-02 1.24712240E-02-7.70978202E-03
10  7-4.76144193E-03 0.00000000E+00-6.57010742E-03 0.00000000E+00 1.06530703E-01
10  8-2.19238159E-01-3.68444569E-01-2.16648615E-01 0.00000000E+00-5.73331108E-02
10  9-1.10529267E-01 0.00000000E+00-2.37883980E-02 1.24712240E-02-7.70978202E-03
10 10-4.76144193E-03 0.00000000E+00 6.57010742E-03 0.00000000E+00
11  1 0.00000000E+00 0.00000000E+00 0.00000000E+00 0.00000000E+00 0.00000000E+00
11  2-1.99631605E-01 0.00000000E+00 0.00000000E+00 4.59733524E-01 0.00000000E+00
11  3 0.00000000E+00 2.17352177E-01 0.00000000E+00 0.00000000E+00 0.00000000E+00
11  4 0.00000000E+00 0.00000000E+00 0.00000000E+00 4.26850013E-02 0.00000000E+00
11  5 0.00000000E+00 0.00000000E+00 0.00000000E+00 3.23052732E-01 0.00000000E+00
11  6 0.00000000E+00 1.86873845E-01 0.00000000E+00 0.00000000E+00 0.00000000E+00
11  7 0.00000000E+00 2.51160758E-02 0.00000000E+00-5.23304827E-03 0.00000000E+00
11  8 0.00000000E+00 0.00000000E+00 0.00000000E+00 3.23052732E-01 0.00000000E+00
11  9 0.00000000E+00 1.86873845E-01 0.00000000E+00 0.00000000E+00 0.00000000E+00
11 10 0.00000000E+00-2.51160758E-02 0.00000000E+00-5.23304827E-03
12  1 0.00000000E+00 0.00000000E+00 0.00000000E+00 0.00000000E+00-1.59910890E-01
12  2 0.00000000E+00 0.00000000E+00 3.73705563E-01 0.00000000E+00 0.00000000E+00
12  3-2.46159230E-02 0.00000000E+00 0.00000000E+00 0.00000000E+00 0.00000000E+00
12  4 0.00000000E+00 0.00000000E+00 3.07357387E-02 0.00000000E+00-6.81258767E-02
12  5 1.41517392E-01 2.41593667E-01-3.69203849E-01 0.00000000E+00 1.28635901E-01
12  6-1.96841384E-01 0.00000000E+00 8.05792832E-02-1.33782137E-02 8.79631667E-03
12  7 4.58189698E-03 0.00000000E+00 1.08650815E-02 0.00000000E+00 6.81258767E-02
12  8-1.41517392E-01-2.41593667E-01-3.69203849E-01 0.00000000E+00-1.28635901E-01
12  9-1.96841384E-01 0.00000000E+00-8.05792832E-02 1.33782137E-02-8.79631667E-03
12 10-4.58189698E-03 0.00000000E+00 1.08650815E-02 0.00000000E+00
13  1-8.75496091E-03 2.97610600E-02-4.92406438E-02-1.16065740E-01 0.00000000E+00
13  2 0.00000000E+00-1.92931759E-01 0.00000000E+00 0.00000000E+00 4.40883201E-01
13  3 0.00000000E+00 0.00000000E+00 2.02885437E-01-5.45302520E-02-9.24137103E-03
13  4 6.37716230E-02 0.00000000E+00 0.00000000E+00 0.00000000E+00 8.68816483E-03
13  5-1.89941312E-02-2.34994501E-02 1.30668312E-01 0.00000000E+00 2.99503354E-01
13  6 8.81188152E-02 0.00000000E+00 1.72842760E-01 1.54757172E-02-4.10460004E-03
13  7-1.13711172E-02 0.00000000E+00 1.88028301E-02 0.00000000E+00 8.68816483E-03
13  8-1.89941312E-02-2.34994501E-02-1.30668312E-01 0.00000000E+00 2.99503354E-01
13  9-8.81188152E-02 0.00000000E+00 1.72842760E-01 1.54757172E-02-4.10460004E-03
13 10-1.13711172E-02 0.00000000E+00-1.88028301E-02 0.00000000E+00
14  1 0.00000000E+00 0.00000000E+00 0.00000000E+00 0.00000000E+00 0.00000000E+00
14  2 0.00000000E+00 0.00000000E+00 0.00000000E+00 0.00000000E+00 0.00000000E+00
14  3 0.00000000E+00 0.00000000E+00 0.00000000E+00 0.00000000E+00 0.00000000E+00
14  4 0.00000000E+00-1.49094529E-01 0.00000000E+00 0.00000000E+00 0.00000000E+00
14  5 0.00000000E+00 0.00000000E+00 0.00000000E+00 4.58575944E-01 0.00000000E+00
14  6 0.00000000E+00 3.13882785E-01 0.00000000E+00 0.00000000E+00 0.00000000E+00
14  7 0.00000000E+00 1.98754439E-02 0.00000000E+00-4.05239365E-03 0.00000000E+00
14  8 0.00000000E+00 0.00000000E+00 0.00000000E+00-4.58575944E-01 0.00000000E+00
14  9 0.00000000E+00-3.13882785E-01 0.00000000E+00 0.00000000E+00 0.00000000E+00
14 10 0.00000000E+00 1.98754439E-02 0.00000000E+00 4.05239365E-03
15  1 0.00000000E+00 0.00000000E+00 0.00000000E+00 0.00000000E+00-1.34593051E-02
15  2 0.00000000E+00 0.00000000E+00 2.44075952E-02 0.00000000E+00 0.00000000E+00
15  3 4.91134925E-02 0.00000000E+00 0.00000000E+00 0.00000000E+00 0.00000000E+00
15  4 0.00000000E+00 0.00000000E+00-1.43857508E-01 0.00000000E+00 1.13611862E-03
15  5-4.26624869E-03 4.42465243E-03 1.64346572E-01 0.00000000E+00 4.29861155E-01
15  6 1.06336858E-01 0.00000000E+00 2.94652720E-01 6.15398835E-03 6.79540078E-04
15  7-6.83352843E-03 0.00000000E+00 2.00924818E-02 0.00000000E+00-1.13611862E-03
15  8 4.26624869E-03-4.42465243E-03 1.64346572E-01 0.00000000E+00-4.29861155E-01
15  9 1.06336858E-01 0.00000000E+00-2.94652720E-01-6.15398835E-03-6.79540078E-04
15 10 6.83352843E-03 0.00000000E+00 2.00924818E-02 0.00000000E+00
16  1 2.73110889E-02-1.42118029E-01 9.63580595E-02 8.08950680E-01 0.00000000E+00
16  2 0.00000000E+00 1.10410710E-01 0.00000000E+00 0.00000000E+00-2.65448373E-01
16  3 0.00000000E+00 0.00000000E+00-1.31523726E-01-2.06193724E-01 1.06885119E-01
16  4 9.93086047E-02 0.00000000E+00 0.00000000E+00 0.00000000E+00 1.99308188E-02
16  5-4.56840989E-02-1.35826246E-01-2.63223609E-01 0.00000000E+00 2.95753876E-01
16  6-1.98341518E-01 0.00000000E+00 2.26919383E-01-4.72252630E-03 2.36841884E-03
16  7 2.35410746E-03 0.00000000E+00 3.43393500E-03 0.00000000E+00 1.99308188E-02
16  8-4.56840989E-02-1.35826246E-01 2.63223609E-01 0.00000000E+00 2.95753876E-01
16  9 1.98341518E-01 0.00000000E+00 2.26919383E-01-4.72252630E-03 2.36841884E-03
16 10 2.35410746E-03 0.00000000E+00-3.43393500E-03 0.00000000E+00
17  1 0.00000000E+00 0.00000000E+00 0.00000000E+00 0.00000000E+00 0.00000000E+00
17  2-2.15368497E-01 0.00000000E+00 0.00000000E+00 5.52681185E-01 0.00000000E+00
17  3 0.00000000E+00 5.42773941E-01 0.00000000E+00 0.00000000E+00 0.00000000E+00
17  4 0.00000000E+00 0.00000000E+00 0.00000000E+00-2.47317237E-02 0.00000000E+00
17  5 0.00000000E+00 0.00000000E+00 0.00000000E+00-3.92299221E-01 0.00000000E+00
17  6 0.00000000E+00-3.51112637E-01 0.00000000E+00 0.00000000E+00 0.00000000E+00
17  7 0.00000000E+00-1.36690987E-03 0.00000000E+00-1.08318665E-03 0.00000000E+00
17  8 0.00000000E+00 0.00000000E+00 0.00000000E+00-3.92299221E-01 0.00000000E+00
17  9 0.00000000E+00-3.51112637E-01 0.00000000E+00 0.00000000E+00 0.00000000E+00
17 10 0.00000000E+00 1.36690987E-03 0.00000000E+00-1.08318665E-03
18  1 1.54731291E-02-9.79793481E-02 3.77433474E-02 7.16068042E-01 0.00000000E+00
18  2 0.00000000E+00-1.82959922E-01 0.00000000E+00 0.00000000E+00 4.83474962E-01
18  3 0.00000000E+00 0.00000000E+00 6.20036468E-01-1.53643866E-01 1.12171390E-01
18  4 4.14724765E-02 0.00000000E+00 0.00000000E+00 0.00000000E+00 3.50625967E-02
18  5-7.32897898E-02-2.88117138E-01-2.96299346E-01 0.00000000E+00-2.55861108E-01
18  6-2.90070853E-01 0.00000000E+00-2.41374252E-01-2.75091016E-03 3.09581013E-03
18  7-3.44899968E-04 0.00000000E+00 1.93614998E-03 0.00000000E+00 3.50625967E-02
18  8-7.32897898E-02-2.88117138E-01 2.96299346E-01 0.00000000E+00-2.55861108E-01
18  9 2.90070853E-01 0.00000000E+00-2.41374252E-01-2.75091016E-03 3.09581013E-03
18 10-3.44899968E-04 0.00000000E+00-1.93614998E-03 0.00000000E+00
19  1 0.00000000E+00 0.00000000E+00 0.00000000E+00 0.00000000E+00-9.03126639E-02
19  2 0.00000000E+00 0.00000000E+00 2.38737853E-01 0.00000000E+00 0.00000000E+00
19  3 1.85565695E+00 0.00000000E+00 0.00000000E+00 0.00000000E+00 0.00000000E+00
19  4 0.00000000E+00 0.00000000E+00-1.37610539E-01 0.00000000E+00-7.68722020E-02
19  5 1.11079575E-01 1.03907559E+00 5.82434380E-02 0.00000000E+00-1.63397265E-01
19  6 2.96313500E-01 0.00000000E+00-2.25859499E-01 1.79447323E-02-7.01540620E-03
19  7-1.09293261E-02 0.00000000E+00-1.54475794E-03 0.00000000E+00 7.68722020E-02
19  8-1.11079575E-01-1.03907559E+00 5.82434380E-02 0.00000000E+00 1.63397265E-01
19  9 2.96313500E-01 0.00000000E+00 2.25859499E-01-1.79447323E-02 7.01540620E-03
19 10 1.09293261E-02 0.00000000E+00-1.54475794E-03 0.00000000E+00
20  1 0.00000000E+00 0.00000000E+00 0.00000000E+00 0.00000000E+00 0.00000000E+00
20  2 2.84035035E-01 0.00000000E+00 0.00000000E+00-1.09962653E+00 0.00000000E+00
20  3 0.00000000E+00 1.25910454E+00 0.00000000E+00 0.00000000E+00 0.00000000E+00
20  4 0.00000000E+00 0.00000000E+00 0.00000000E+00-1.69229650E-01 0.00000000E+00
20  5 0.00000000E+00 0.00000000E+00 0.00000000E+00-5.13505424E-02 0.00000000E+00
20  6 0.00000000E+00-9.92177694E-02 0.00000000E+00 0.00000000E+00 0.00000000E+00
20  7 0.00000000E+00-3.42911616E-02 0.00000000E+00 3.18445580E-03 0.00000000E+00
20  8 0.00000000E+00 0.00000000E+00 0.00000000E+00-5.13505424E-02 0.00000000E+00
20  9 0.00000000E+00-9.92177694E-02 0.00000000E+00 0.00000000E+00 0.00000000E+00
20 10 0.00000000E+00 3.42911616E-02 0.00000000E+00 3.18445580E-03
21  1-2.07626144E-02-9.22869370E-02-3.36366512E-01 7.92940561E-01 0.00000000E+00
21  2 0.00000000E+00 2.69934121E-01 0.00000000E+00 0.00000000E+00-1.02564408E+00
21  3 0.00000000E+00 0.00000000E+00 1.27683539E+00 2.21217762E-01 2.08002337E-02
21  4-2.42017996E-01 0.00000000E+00 0.00000000E+00 0.00000000E+00 1.31284251E-02
21  5 9.72425068E-03-3.64324176E-01 9.93398729E-02 0.00000000E+00-6.81041531E-02
21  6-1.81648010E-01 0.00000000E+00-3.70071390E-02-4.49364515E-02 2.18753033E-02
21  7 2.30611482E-02 0.00000000E+00-1.34111331E-02 0.00000000E+00 1.31284251E-02
21  8 9.72425068E-03-3.64324176E-01-9.93398729E-02 0.00000000E+00-6.81041531E-02
21  9 1.81648010E-01 0.00000000E+00-3.70071390E-02-4.49364515E-02 2.18753033E-02
21 10 2.30611482E-02 0.00000000E+00 1.34111331E-02 0.00000000E+00
22  1-1.12634218E-01-3.68641618E-01-1.68105047E+00 2.36833146E+00 0.00000000E+00
22  2 0.00000000E+00-7.10156521E-02 0.00000000E+00 0.00000000E+00 3.01804945E-01
22  3 0.00000000E+00 0.00000000E+00-1.69719913E-01 1.58776397E-01-1.27789573E-01
22  4-3.09868234E-02 0.00000000E+00 0.00000000E+00 0.00000000E+00 1.66919595E-02
22  5-1.33986519E-02-4.70964150E-01 1.90559045E-01 0.00000000E+00-6.76856063E-02
22  6-2.59769655E-01 0.00000000E+00 1.00057074E-01-5.46766925E-02 3.16449137E-02
22  7 2.30317788E-02 0.00000000E+00 3.83723900E-02 0.00000000E+00 1.66919595E-02
22  8-1.33986519E-02-4.70964150E-01-1.90559045E-01 0.00000000E+00-6.76856063E-02
22  9 2.59769655E-01 0.00000000E+00 1.00057074E-01-5.46766925E-02 3.16449137E-02
22 10 2.30317788E-02 0.00000000E+00-3.83723900E-02 0.00000000E+00
23  1 0.00000000E+00 0.00000000E+00 0.00000000E+00 0.00000000E+00 2.82681814E-01
23  2 0.00000000E+00 0.00000000E+00-9.86177238E-01 0.00000000E+00 0.00000000E+00
23  3 1.10211505E+00 0.00000000E+00 0.00000000E+00 0.00000000E+00 0.00000000E+00
23  4 0.00000000E+00 0.00000000E+00 5.38631538E-01 0.00000000E+00 1.72724737E-03
23  5-7.03574797E-02 4.13481195E-01-2.92722469E-01 0.00000000E+00 2.04866337E-01
23  6 6.62779263E-02 0.00000000E+00 3.57886618E-02 3.62829354E-02-3.27574051E-02
23  7-3.52553025E-03 0.00000000E+00-5.25180933E-02 0.00000000E+00-1.72724737E-03
23  8 7.03574797E-02-4.13481195E-01-2.92722469E-01 0.00000000E+00-2.04866337E-01
23  9 6.62779263E-02 0.00000000E+00-3.57886618E-02-3.62829354E-02 3.27574051E-02
23 10 3.52553025E-03 0.00000000E+00-5.25180933E-02 0.00000000E+00
24  1 0.00000000E+00 0.00000000E+00 0.00000000E+00 0.00000000E+00 0.00000000E+00
24  2 5.22188137E-02 0.00000000E+00 0.00000000E+00-2.06718870E-01 0.00000000E+00
24  3 0.00000000E+00 2.20024701E-01 0.00000000E+00 0.00000000E+00 0.00000000E+00
24  4 0.00000000E+00 0.00000000E+00 0.00000000E+00 9.66560279E-01 0.00000000E+00
24  5 0.00000000E+00 0.00000000E+00 0.00000000E+00-1.44758870E-01 0.00000000E+00
24  6 0.00000000E+00 1.10103302E-02 0.00000000E+00 0.00000000E+00 0.00000000E+00
24  7 0.00000000E+00 1.76742457E-02 0.00000000E+00 3.82626894E-02 0.00000000E+00
24  8 0.00000000E+00 0.00000000E+00 0.00000000E+00-1.44758870E-01 0.00000000E+00
24  9 0.00000000E+00 1.10103302E-02 0.00000000E+00 0.00000000E+00 0.00000000E+00
24 10 0.00000000E+00-1.76742457E-02 0.00000000E+00 3.82626894E-02
25  1-5.74109192E-03-4.25615743E-03-6.92964601E-02-1.03836458E-01 0.00000000E+00
25  2 0.00000000E+00-4.62302854E-02 0.00000000E+00 0.00000000E+00 1.78278942E-01
25  3 0.00000000E+00 0.00000000E+00-2.32806040E-01-2.44464662E-02 8.48998612E-01
25  4-8.24552146E-01 0.00000000E+00 0.00000000E+00 0.00000000E+00-6.77443876E-03
25  5 1.71892317E-02 8.17907537E-02 3.48014069E-02 0.00000000E+00 1.44554700E-01
25  6 7.48915808E-02 0.00000000E+00-3.53860998E-02-6.84489322E-04 3.30681490E-02
25  7-3.23836597E-02 0.00000000E+00-2.01418820E-02 0.00000000E+00-6.77443876E-03
25  8 1.71892317E-02 8.17907537E-02-3.48014069E-02 0.00000000E+00 1.44554700E-01
25  9-7.48915808E-02 0.00000000E+00-3.53860998E-02-6.84489322E-04 3.30681490E-02
25 10-3.23836597E-02 0.00000000E+00 2.01418820E-02 0.00000000E+00
26  1 0.00000000E+00 0.00000000E+00 0.00000000E+00 0.00000000E+00 0.00000000E+00
26  2 0.00000000E+00 0.00000000E+00 0.00000000E+00 0.00000000E+00 0.00000000E+00
26  3 0.00000000E+00 0.00000000E+00 0.00000000E+00 0.00000000E+00 0.00000000E+00
26  4 0.00000000E+00 8.83476473E-01 0.00000000E+00 0.00000000E+00 0.00000000E+00
26  5 0.00000000E+00 0.00000000E+00 0.00000000E+00 4.06304519E-01 0.00000000E+00
26  6 0.00000000E+00-6.95325765E-02 0.00000000E+00 0.00000000E+00 0.00000000E+00
26  7 0.00000000E+00-6.17548799E-02 0.00000000E+00 2.80407657E-02 0.00000000E+00
26  8 0.00000000E+00 0.00000000E+00 0.00000000E+00-4.06304519E-01 0.00000000E+00
26  9 0.00000000E+00 6.95325765E-02 0.00000000E+00 0.00000000E+00 0.00000000E+00
26 10 0.00000000E+00-6.17548799E-02 0.00000000E+00-2.80407657E-02
27  1-4.26452472E-02-1.52356559E-01-6.77812300E-01-1.07182011E+00 0.00000000E+00
27  2 0.00000000E+00 6.47838026E-02 0.00000000E+00 0.00000000E+00-3.47260996E-01
27  3 0.00000000E+00 0.00000000E+00-3.75649501E-02-5.70887210E-01 2.79998883E-01
27  4 2.90888326E-01 0.00000000E+00 0.00000000E+00 0.00000000E+00-6.07367260E-02
27  5 1.19957168E-01 6.22841992E-01-3.12164789E-01 0.00000000E+00 1.35527822E-02
27  6 1.16092290E+00 0.00000000E+00-2.83965223E-01 1.41037141E-03-1.01503561E-03
27  7-3.95335797E-04 0.00000000E+00-8.36470501E-04 0.00000000E+00-6.07367260E-02
27  8 1.19957168E-01 6.22841992E-01 3.12164789E-01 0.00000000E+00 1.35527822E-02
27  9-1.16092290E+00 0.00000000E+00-2.83965223E-01 1.41037141E-03-1.01503561E-03
27 10-3.95335797E-04 0.00000000E+00 8.36470501E-04 0.00000000E+00
28  1 0.00000000E+00 0.00000000E+00 0.00000000E+00 0.00000000E+00-2.08600878E-01
28  2 0.00000000E+00 0.00000000E+00 1.07563712E+00 0.00000000E+00 0.00000000E+00
28  3 5.29639651E-02 0.00000000E+00 0.00000000E+00 0.00000000E+00 0.00000000E+00
28  4 0.00000000E+00 0.00000000E+00 4.73480588E-01 0.00000000E+00-5.41498797E-02
28  5 1.30928399E-01 4.15902508E-01-1.39376232E-01 0.00000000E+00 2.12678130E-01
28  6 9.49860378E-01 0.00000000E+00-3.14343626E-01-4.16335346E-02 1.54992918E-02
28  7 2.61342427E-02 0.00000000E+00 9.38790309E-04 0.00000000E+00 5.41498797E-02
28  8-1.30928399E-01-4.15902508E-01-1.39376232E-01 0.00000000E+00-2.12678130E-01
28  9 9.49860378E-01 0.00000000E+00 3.14343626E-01 4.16335346E-02-1.54992918E-02
28 10-2.61342427E-02 0.00000000E+00 9.38790309E-04 0.00000000E+00
29  1 0.00000000E+00 0.00000000E+00 0.00000000E+00 0.00000000E+00 0.00000000E+00
29  2 0.00000000E+00 0.00000000E+00 0.00000000E+00 0.00000000E+00 0.00000000E+00
29  3 0.00000000E+00 0.00000000E+00 0.00000000E+00 0.00000000E+00 0.00000000E+00
29  4 0.00000000E+00 5.20313027E-01 0.00000000E+00 0.00000000E+00 0.00000000E+00
29  5 0.00000000E+00 0.00000000E+00 0.00000000E+00-5.21159084E-01 0.00000000E+00
29  6 0.00000000E+00 8.14782776E-01 0.00000000E+00 0.00000000E+00 0.00000000E+00
29  7 0.00000000E+00-5.29431819E-02 0.00000000E+00 1.97424400E-02 0.00000000E+00
29  8 0.00000000E+00 0.00000000E+00 0.00000000E+00 5.21159084E-01 0.00000000E+00
29  9 0.00000000E+00-8.14782776E-01 0.00000000E+00 0.00000000E+00 0.00000000E+00
29 10 0.00000000E+00-5.29431819E-02 0.00000000E+00-1.97424400E-02
30  1 0.00000000E+00 0.00000000E+00 0.00000000E+00 0.00000000E+00-1.58801586E-02
30  2 0.00000000E+00 0.00000000E+00 1.50521695E-01 0.00000000E+00 0.00000000E+00
30  3-2.51376428E-01 0.00000000E+00 0.00000000E+00 0.00000000E+00 0.00000000E+00
30  4 0.00000000E+00 0.00000000E+00 2.12637316E-01 0.00000000E+00 3.62295991E-03
30  5-9.62769465E-02 5.76659971E-02-2.25669402E-01 0.00000000E+00-5.67821822E-01
30  6 4.07574832E-01 0.00000000E+00 7.23621486E-01-1.97427840E-02 5.21638531E-03
30  7 1.45263986E-02 0.00000000E+00-1.77182776E-02 0.00000000E+00-3.62295991E-03
30  8 9.62769465E-02-5.76659971E-02-2.25669402E-01 0.00000000E+00 5.67821822E-01
30  9 4.07574832E-01 0.00000000E+00-7.23621486E-01 1.97427840E-02-5.21638531E-03
30 10-1.45263986E-02 0.00000000E+00-1.77182776E-02 0.00000000E+00
31  1 6.94416457E-03 3.92954578E-02 1.28758734E-01-5.87785608E-02 0.00000000E+00
31  2 0.00000000E+00-3.09996728E-02 0.00000000E+00 0.00000000E+00 1.15478463E-01
31  3 0.00000000E+00 0.00000000E+00-7.90180720E-01 1.47787434E-01 8.50831324E-02
31  4-2.32870566E-01 0.00000000E+00 0.00000000E+00 0.00000000E+00-6.13150032E-03
31  5 1.08034581E-01-5.74745434E-02-1.75296716E-01 0.00000000E+00-5.78355773E-01
31  6 1.84476246E-01 0.00000000E+00 9.58639508E-01-9.02880642E-03 3.37962754E-03
31  7 5.64917888E-03 0.00000000E+00-4.04322916E-02 0.00000000E+00-6.13150032E-03
31  8 1.08034581E-01-5.74745434E-02 1.75296716E-01 0.00000000E+00-5.78355773E-01
31  9-1.84476246E-01 0.00000000E+00 9.58639508E-01-9.02880642E-03 3.37962754E-03
31 10 5.64917888E-03 0.00000000E+00 4.04322916E-02 0.00000000E+00
32  1 0.00000000E+00 0.00000000E+00 0.00000000E+00 0.00000000E+00 0.00000000E+00
32  2-2.78794275E-02 0.00000000E+00 0.00000000E+00 9.11812718E-02 0.00000000E+00
32  3 0.00000000E+00-8.12012810E-01 0.00000000E+00 0.00000000E+00 0.00000000E+00
32  4 0.00000000E+00 0.00000000E+00 0.00000000E+00-1.81269867E-01 0.00000000E+00
32  5 0.00000000E+00 0.00000000E+00 0.00000000E+00-6.18906585E-01 0.00000000E+00
32  6 0.00000000E+00 9.96984637E-01 0.00000000E+00 0.00000000E+00 0.00000000E+00
32  7 0.00000000E+00-4.28907022E-02 0.00000000E+00 6.95771492E-04 0.00000000E+00
32  8 0.00000000E+00 0.00000000E+00 0.00000000E+00-6.18906585E-01 0.00000000E+00
32  9 0.00000000E+00 9.96984637E-01 0.00000000E+00 0.00000000E+00 0.00000000E+00
32 10 0.00000000E+00 4.28907022E-02 0.00000000E+00 6.95771492E-04
33  1 0.00000000E+00 0.00000000E+00 0.00000000E+00 0.00000000E+00-1.35216857E-01
33  2 0.00000000E+00 0.00000000E+00 3.03068839E-01 0.00000000E+00 0.00000000E+00
33  3 2.04889030E-01 0.00000000E+00 0.00000000E+00 0.00000000E+00 0.00000000E+00
33  4 0.00000000E+00 0.00000000E+00 7.65397181E-01 0.00000000E+00-2.32807936E-02
33  5 1.29616370E-01 2.02436659E-01 5.97334810E-01 0.00000000E+00-9.05666897E-02
33  6-3.42578359E-01 0.00000000E+00 2.48743560E-01-4.22026767E-02-1.15136278E-02
33  7 5.37163045E-02 0.00000000E+00-7.68258243E-02 0.00000000E+00 2.32807936E-02
33  8-1.29616370E-01-2.02436659E-01 5.97334810E-01 0.00000000E+00 9.05666897E-02
33  9-3.42578359E-01 0.00000000E+00-2.48743560E-01 4.22026767E-02 1.15136278E-02
33 10-5.37163045E-02 0.00000000E+00-7.68258243E-02 0.00000000E+00
34  1-3.89204559E-03-2.27142657E-01-3.25754460E-01 1.21659409E+00 0.00000000E+00
34  2 0.00000000E+00-6.62654669E-02 0.00000000E+00 0.00000000E+00 2.39191286E-01
34  3 0.00000000E+00 0.00000000E+00 1.37535197E-01 1.17647113E+00-6.55658664E-01
34  4-5.20812462E-01 0.00000000E+00 0.00000000E+00 0.00000000E+00 3.71211244E-02
34  5-4.21255972E-02-7.30407432E-01-5.52355028E-01 0.00000000E+00 2.50032373E-01
34  6-1.72609505E-02 0.00000000E+00-1.43709257E-02-2.42122744E-02-2.86635627E-02
34  7 5.28758371E-02 0.00000000E+00-9.51117595E-02 0.00000000E+00 3.71211244E-02
34  8-4.21255972E-02-7.30407432E-01 5.52355028E-01 0.00000000E+00 2.50032373E-01
34  9 1.72609505E-02 0.00000000E+00-1.43709257E-02-2.42122744E-02-2.86635627E-02
34 10 5.28758371E-02 0.00000000E+00 9.51117595E-02 0.00000000E+00
35  1-9.24227985E-03-7.63503372E-02-1.75991582E-01 1.95072119E+00 0.00000000E+00
35  2 0.00000000E+00 2.22956126E-03 0.00000000E+00 0.00000000E+00 7.88654826E-02
35  3 0.00000000E+00 0.00000000E+00 4.98287881E-01 1.74854136E-01-1.19409126E-01
35  4-5.54450098E-02 0.00000000E+00 0.00000000E+00 0.00000000E+00-5.58331123E-03
35  5 1.21611823E+00-1.93973205E+00 7.13831002E-02 0.00000000E+00 5.39298978E-02
35  6-7.12962484E-01 0.00000000E+00-3.86407676E-02 1.92551539E-01-8.80324943E-02
35  7-1.04519044E-01 0.00000000E+00 1.11071168E-02 0.00000000E+00-5.58331123E-03
35  8 1.21611823E+00-1.93973205E+00-7.13831002E-02 0.00000000E+00 5.39298978E-02
35  9 7.12962484E-01 0.00000000E+00-3.86407676E-02 1.92551539E-01-8.80324943E-02
35 10-1.04519044E-01 0.00000000E+00-1.11071168E-02 0.00000000E+00
36  1 0.00000000E+00 0.00000000E+00 0.00000000E+00 0.00000000E+00-2.11568917E-02
36  2 0.00000000E+00 0.00000000E+00 3.16379394E-01 0.00000000E+00 0.00000000E+00
36  3 1.70343981E+00 0.00000000E+00 0.00000000E+00 0.00000000E+00 0.00000000E+00
36  4 0.00000000E+00 0.00000000E+00 1.73974375E-01 0.00000000E+00-7.09284367E-03
36  5-1.28059730E+00 2.36133182E+00 5.38973938E-02 0.00000000E+00 7.08656272E-02
36  6 4.14099813E-01 0.00000000E+00-3.22114835E-01-1.61745283E-01 9.66160228E-02
36  7 6.51292601E-02 0.00000000E+00 1.42930082E-01 0.00000000E+00 7.09284367E-03
36  8 1.28059730E+00-2.36133182E+00 5.38973938E-02 0.00000000E+00-7.08656272E-02
36  9 4.14099813E-01 0.00000000E+00 3.22114835E-01 1.61745283E-01-9.66160228E-02
36 10-6.51292601E-02 0.00000000E+00 1.42930082E-01 0.00000000E+00
37  1 0.00000000E+00 0.00000000E+00 0.00000000E+00 0.00000000E+00 0.00000000E+00
37  2 0.00000000E+00 0.00000000E+00 0.00000000E+00 0.00000000E+00 0.00000000E+00
37  3 0.00000000E+00 0.00000000E+00 0.00000000E+00 0.00000000E+00 0.00000000E+00
37  4 0.00000000E+00 2.43251492E-02 0.00000000E+00 0.00000000E+00 0.00000000E+00
37  5 0.00000000E+00 0.00000000E+00 0.00000000E+00-5.87906184E-03 0.00000000E+00
37  6 0.00000000E+00 1.04920884E-02 0.00000000E+00 0.00000000E+00 0.00000000E+00
37  7 0.00000000E+00 2.65380412E-01 0.00000000E+00 6.55641879E-01 0.00000000E+00
37  8 0.00000000E+00 0.00000000E+00 0.00000000E+00 5.87906184E-03 0.00000000E+00
37  9 0.00000000E+00-1.04920884E-02 0.00000000E+00 0.00000000E+00 0.00000000E+00
37 10 0.00000000E+00 2.65380412E-01 0.00000000E+00-6.55641879E-01
38  1 0.00000000E+00 0.00000000E+00 0.00000000E+00 0.00000000E+00 8.73641686E-05
38  2 0.00000000E+00 0.00000000E+00-3.88114001E-03 0.00000000E+00 0.00000000E+00
38  3 4.39351788E-02 0.00000000E+00 0.00000000E+00 0.00000000E+00 0.00000000E+00
38  4 0.00000000E+00 0.00000000E+00-2.29397584E-02 0.00000000E+00 1.30608788E-04
38  5-2.45769512E-02 4.28884163E-02 2.83103978E-03 0.00000000E+00 9.11384895E-03
38  6-3.82441706E-03 0.00000000E+00-1.73356142E-02-9.50955534E-02 6.15431403E-01
38  7-5.20335849E-01 0.00000000E+00-2.47365092E-01 0.00000000E+00-1.30608788E-04
38  8 2.45769512E-02-4.28884163E-02 2.83103978E-03 0.00000000E+00-9.11384895E-03
38  9-3.82441706E-03 0.00000000E+00 1.73356142E-02 9.50955534E-02-6.15431403E-01
38 10 5.20335849E-01 0.00000000E+00-2.47365092E-01 0.00000000E+00
39  1 0.00000000E+00 0.00000000E+00 0.00000000E+00 0.00000000E+00 0.00000000E+00
39  2-3.00073553E-02 0.00000000E+00 0.00000000E+00 1.11950014E-01 0.00000000E+00
39  3 0.00000000E+00 2.07376317E-02 0.00000000E+00 0.00000000E+00 0.00000000E+00
39  4 0.00000000E+00 0.00000000E+00 0.00000000E+00-9.10295968E-02 0.00000000E+00
39  5 0.00000000E+00 0.00000000E+00 0.00000000E+00 2.62165730E-02 0.00000000E+00
39  6 0.00000000E+00-4.44344299E-02 0.00000000E+00 0.00000000E+00 0.00000000E+00
39  7 0.00000000E+00-9.24341439E-02 0.00000000E+00 7.03740885E-01 0.00000000E+00
39  8 0.00000000E+00 0.00000000E+00 0.00000000E+00 2.62165730E-02 0.00000000E+00
39  9 0.00000000E+00-4.44344299E-02 0.00000000E+00 0.00000000E+00 0.00000000E+00
39 10 0.00000000E+00 9.24341439E-02 0.00000000E+00 7.03740885E-01
40  1 2.09469156E-03 1.87442590E-02 4.98122337E-02-3.09961075E-02 0.00000000E+00
40  2 0.00000000E+00-8.63446557E-03 0.00000000E+00 0.00000000E+00 3.95999967E-02
40  3 0.00000000E+00 0.00000000E+00-8.95684844E-03-6.82982413E-02 1.58129833E-01
40  4-8.98315913E-02 0.00000000E+00 0.00000000E+00 0.00000000E+00-1.95809576E-03
40  5 4.14756449E-02-1.63600998E-02 3.43353050E-02 0.00000000E+00-4.96670893E-03
40  6-2.69611762E-02 0.00000000E+00 1.45050477E-03-2.15945436E-02-5.93556559E-01
40  7 6.15151102E-01 0.00000000E+00 1.18383923E-01 0.00000000E+00-1.95809576E-03
40  8 4.14756449E-02-1.63600998E-02-3.43353050E-02 0.00000000E+00-4.96670893E-03
40  9 2.69611762E-02 0.00000000E+00 1.45050477E-03-2.15945436E-02-5.93556559E-01
40 10 6.15151102E-01 0.00000000E+00-1.18383923E-01 0.00000000E+00
41  1 0.00000000E+00 0.00000000E+00 0.00000000E+00 0.00000000E+00 0.00000000E+00
41  2 7.16862421E-02 0.00000000E+00 0.00000000E+00-2.65060525E-01 0.00000000E+00
41  3 0.00000000E+00-1.22236341E-01 0.00000000E+00 0.00000000E+00 0.00000000E+00
41  4 0.00000000E+00 0.00000000E+00 0.00000000E+00-2.05745551E-01 0.00000000E+00
41  5 0.00000000E+00 0.00000000E+00 0.00000000E+00-7.17238122E-02 0.00000000E+00
41  6 0.00000000E+00 1.75243862E-01 0.00000000E+00 0.00000000E+00 0.00000000E+00
41  7 0.00000000E+00 7.25473703E-01 0.00000000E+00 8.52720471E-02 0.00000000E+00
41  8 0.00000000E+00 0.00000000E+00 0.00000000E+00-7.17238122E-02 0.00000000E+00
41  9 0.00000000E+00 1.75243862E-01 0.00000000E+00 0.00000000E+00 0.00000000E+00
41 10 0.00000000E+00-7.25473703E-01 0.00000000E+00 8.52720471E-02
42  1-8.32242700E-03-5.29454280E-02-1.76285840E-01-2.38711765E-01 0.00000000E+00
42  2 0.00000000E+00 7.43667340E-02 0.00000000E+00 0.00000000E+00-3.16607889E-01
42  3 0.00000000E+00 0.00000000E+00-2.04397503E-01 2.86338150E-01 9.39357301E-03
42  4-2.95731723E-01 0.00000000E+00 0.00000000E+00 0.00000000E+00 1.67601123E-03
42  5-3.05827870E-01 3.83168516E-01-1.34441699E-01 0.00000000E+00-3.35966464E-02
42  6 2.71218244E-01 0.00000000E+00 1.70113641E-01 4.27640500E-01-1.44155392E-01
42  7-2.83485108E-01 0.00000000E+00 5.81972896E-01 0.00000000E+00 1.67601123E-03
42  8-3.05827870E-01 3.83168516E-01 1.34441699E-01 0.00000000E+00-3.35966464E-02
42  9-2.71218244E-01 0.00000000E+00 1.70113641E-01 4.27640500E-01-1.44155392E-01
42 10-2.83485108E-01 0.00000000E+00-5.81972896E-01 0.00000000E+00
43  1 0.00000000E+00 0.00000000E+00 0.00000000E+00 0.00000000E+00 3.39966368E-02
43  2 0.00000000E+00 0.00000000E+00-2.55773374E-01 0.00000000E+00 0.00000000E+00
43  3-1.16187462E-01 0.00000000E+00 0.00000000E+00 0.00000000E+00 0.00000000E+00
43  4 0.00000000E+00 0.00000000E+00 5.56659863E-01 0.00000000E+00 1.00957655E-04
43  5 2.38541397E-01-3.08619021E-01 8.10149701E-02 0.00000000E+00-4.81892254E-02
43  6-1.10996411E-01 0.00000000E+00 2.34438004E-01 2.17743336E-01 1.30331142E-01
43  7-3.48074478E-01 0.00000000E+00 6.64898521E-01 0.00000000E+00-1.00957655E-04
43  8-2.38541397E-01 3.08619021E-01 8.10149701E-02 0.00000000E+00 4.81892254E-02
43  9-1.10996411E-01 0.00000000E+00-2.34438004E-01-2.17743336E-01-1.30331142E-01
43 10 3.48074478E-01 0.00000000E+00 6.64898521E-01 0.00000000E+00
44  1 0.00000000E+00 0.00000000E+00 0.00000000E+00 0.00000000E+00 0.00000000E+00
44  2 0.00000000E+00 0.00000000E+00 0.00000000E+00 0.00000000E+00 0.00000000E+00
44  3 0.00000000E+00 0.00000000E+00 0.00000000E+00 0.00000000E+00 0.00000000E+00
44  4 0.00000000E+00 6.48995706E-01 0.00000000E+00 0.00000000E+00 0.00000000E+00
44  5 0.00000000E+00 0.00000000E+00 0.00000000E+00-1.27869139E-02 0.00000000E+00
44  6 0.00000000E+00 2.11069879E-01 0.00000000E+00 0.00000000E+00 0.00000000E+00
44  7 0.00000000E+00 7.24739883E-01 0.00000000E+00-2.84145445E-01 0.00000000E+00
44  8 0.00000000E+00 0.00000000E+00 0.00000000E+00 1.27869139E-02 0.00000000E+00
44  9 0.00000000E+00-2.11069879E-01 0.00000000E+00 0.00000000E+00 0.00000000E+00
44 10 0.00000000E+00 7.24739883E-01 0.00000000E+00 2.84145445E-01
45  1-5.81308344E-02-1.01741331E-01-8.68159831E-01-1.48135471E+00 0.00000000E+00
45  2 0.00000000E+00 5.63197644E-02 0.00000000E+00 0.00000000E+00-3.96092427E-01
45  3 0.00000000E+00 0.00000000E+00-1.33469565E-01-1.04268947E+00 5.46743286E-01
45  4 4.95946180E-01 0.00000000E+00 0.00000000E+00 0.00000000E+00-4.37371273E-02
45  5-5.38908293E-01 1.58255887E+00 1.73574560E-01 0.00000000E+00-7.04625679E-02
45  6 8.57108078E-01 0.00000000E+00-2.57454147E-01 7.16737921E-01-4.55175375E-01
45  7-2.61562546E-01 0.00000000E+00-5.37722576E-01 0.00000000E+00-4.37371273E-02
45  8-5.38908293E-01 1.58255887E+00-1.73574560E-01 0.00000000E+00-7.04625679E-02
45  9-8.57108078E-01 0.00000000E+00-2.57454147E-01 7.16737921E-01-4.55175375E-01
45 10-2.61562546E-01 0.00000000E+00 5.37722576E-01 0.00000000E+00
46  1 0.00000000E+00 0.00000000E+00 0.00000000E+00 0.00000000E+00-2.27452437E-01
46  2 0.00000000E+00 0.00000000E+00 1.48877397E+00 0.00000000E+00 0.00000000E+00
46  3 4.92137633E-01 0.00000000E+00 0.00000000E+00 0.00000000E+00 0.00000000E+00
46  4 0.00000000E+00 0.00000000E+00 4.97507966E-01 0.00000000E+00-3.77317104E-02
46  5-5.79853322E-01 1.44700218E+00 1.06541460E-01 0.00000000E+00-1.37866082E-03
46  6 7.60732836E-01 0.00000000E+00-1.85484011E-01 8.23648002E-01-3.94927879E-01
46  7-4.28720122E-01 0.00000000E+00-2.30583261E-01 0.00000000E+00 3.77317104E-02
46  8 5.79853322E-01-1.44700218E+00 1.06541460E-01 0.00000000E+00 1.37866082E-03
46  9 7.60732836E-01 0.00000000E+00 1.85484011E-01-8.23648002E-01 3.94927879E-01
46 10 4.28720122E-01 0.00000000E+00-2.30583261E-01 0.00000000E+00
 $END   
 POPULATION ANALYSIS
S           15.36111   0.63889  15.33673   0.66327
O            8.31944  -0.31944   8.33164  -0.33164
O            8.31944  -0.31944   8.33164  -0.33164
 MOMENTS AT POINT    1 X,Y,Z=  0.000000  0.000000  0.000000
 DIPOLE       0.000000  0.000000 -0.115195
