 $DATA  
Title                                                                           
CNV      2

S          16.0      0.0000000000      0.0000000000     -0.2394805399
   PC1     0
        
O           8.0      1.3155696691      0.0000000000      0.2393476608
   PC1     0
        
 $END      
 $ZMAT   IZMAT(1)=
         1,   3,   1,
         1,   2,   1,
         2,   2,   1,   3,
 $END
--- CLOSED SHELL ORBITALS --- GENERATED AT Thu Feb 26 00:15:52 2015
Title                                                                           
E(R-PBE)=     -548.2227489769, E(NUC)=  109.6355808060,   22 ITERS
 $VEC   
 1  1 1.00298742E+00-1.02645854E-02 1.92339106E-03-4.72115059E-04 0.00000000E+00
 1  2 0.00000000E+00 6.61920489E-05 0.00000000E+00 0.00000000E+00 1.21804210E-04
 1  3 0.00000000E+00 0.00000000E+00 3.53531342E-05 2.47469105E-04-1.42208624E-04
 1  4-1.05260481E-04 0.00000000E+00 0.00000000E+00 0.00000000E+00 1.85990777E-05
 1  5 5.66018150E-05-2.99272733E-04-9.15812487E-05 0.00000000E+00 3.69124530E-05
 1  6-2.63212804E-04 0.00000000E+00 1.13255664E-04-1.32522489E-04 8.98141437E-05
 1  7 4.27083449E-05 0.00000000E+00 1.14483370E-04 0.00000000E+00 1.85990777E-05
 1  8 5.66018150E-05-2.99272733E-04 9.15812487E-05 0.00000000E+00 3.69124530E-05
 1  9 2.63212804E-04 0.00000000E+00 1.13255664E-04-1.32522489E-04 8.98141437E-05
 1 10 4.27083449E-05 0.00000000E+00-1.14483370E-04 0.00000000E+00
 2  1 0.00000000E+00 0.00000000E+00 0.00000000E+00 0.00000000E+00-1.23886003E-04
 2  2 0.00000000E+00 0.00000000E+00-1.42556432E-03 0.00000000E+00 0.00000000E+00
 2  3-7.25909479E-03 0.00000000E+00 0.00000000E+00 0.00000000E+00 0.00000000E+00
 2  4 0.00000000E+00 0.00000000E+00 6.07543209E-05 0.00000000E+00 7.03273518E-01
 2  5 2.63272951E-02-1.41354405E-02 9.93690658E-04 0.00000000E+00-4.24802161E-04
 2  6-2.51853426E-03 0.00000000E+00 1.92268673E-03-8.73019957E-05 1.42628120E-04
 2  7-5.53261238E-05 0.00000000E+00 2.82014393E-04 0.00000000E+00-7.03273518E-01
 2  8-2.63272951E-02 1.41354405E-02 9.93690658E-04 0.00000000E+00 4.24802161E-04
 2  9-2.51853426E-03 0.00000000E+00-1.92268673E-03 8.73019957E-05-1.42628120E-04
 2 10 5.53261238E-05 0.00000000E+00 2.82014393E-04 0.00000000E+00
 3  1-4.58193559E-05 4.75354967E-05-3.25486623E-04 1.00889453E-02 0.00000000E+00
 3  2 0.00000000E+00-6.61290681E-06 0.00000000E+00 0.00000000E+00 8.19785382E-04
 3  3 0.00000000E+00 0.00000000E+00 3.12327122E-03 6.14722865E-05-2.81128052E-04
 3  4 2.19655765E-04 0.00000000E+00 0.00000000E+00 0.00000000E+00 7.03263164E-01
 3  5 2.61702842E-02-1.33178302E-02 1.18894932E-03 0.00000000E+00-1.43500447E-04
 3  6-4.02078050E-03 0.00000000E+00 2.48990467E-04-4.37907382E-04 1.99137505E-04
 3  7 2.38769877E-04 0.00000000E+00 4.22962840E-05 0.00000000E+00 7.03263164E-01
 3  8 2.61702842E-02-1.33178302E-02-1.18894932E-03 0.00000000E+00-1.43500447E-04
 3  9 4.02078050E-03 0.00000000E+00 2.48990467E-04-4.37907382E-04 1.99137505E-04
 3 10 2.38769877E-04 0.00000000E+00-4.22962840E-05 0.00000000E+00
 4  1-2.73992708E-01 1.03938645E+00 4.15905826E-02-9.13139636E-03 0.00000000E+00
 4  2 0.00000000E+00 1.43155749E-02 0.00000000E+00 0.00000000E+00 2.00472043E-03
 4  3 0.00000000E+00 0.00000000E+00-2.55660688E-04 2.26722886E-03-1.18010591E-03
 4  4-1.08712296E-03 0.00000000E+00 0.00000000E+00 0.00000000E+00-1.59591126E-04
 4  5 3.72459298E-05-1.52099539E-03-4.96231191E-04 0.00000000E+00 1.92702121E-04
 4  6-1.98875618E-03 0.00000000E+00 9.74613715E-04-2.44117087E-04 2.10957620E-04
 4  7 3.31594678E-05 0.00000000E+00 3.38214468E-04 0.00000000E+00-1.59591126E-04
 4  8 3.72459298E-05-1.52099539E-03 4.96231191E-04 0.00000000E+00 1.92702121E-04
 4  9 1.98875618E-03 0.00000000E+00 9.74613715E-04-2.44117087E-04 2.10957620E-04
 4 10 3.31594678E-05 0.00000000E+00-3.38214468E-04 0.00000000E+00
 5  1 0.00000000E+00 0.00000000E+00 0.00000000E+00 0.00000000E+00 9.96277447E-01
 5  2 0.00000000E+00 0.00000000E+00 1.00663435E-02 0.00000000E+00 0.00000000E+00
 5  3-3.80375849E-04 0.00000000E+00 0.00000000E+00 0.00000000E+00 0.00000000E+00
 5  4 0.00000000E+00 0.00000000E+00 1.52786994E-03 0.00000000E+00 6.87157896E-04
 5  5-6.42545126E-04-1.76671179E-04-1.21386415E-03 0.00000000E+00 5.21052063E-04
 5  6 3.80051875E-05 0.00000000E+00 2.29109388E-04-6.56583148E-04 5.02340250E-04
 5  7 1.54242898E-04 0.00000000E+00 7.42502947E-04 0.00000000E+00-6.87157896E-04
 5  8 6.42545126E-04 1.76671179E-04-1.21386415E-03 0.00000000E+00-5.21052063E-04
 5  9 3.80051875E-05 0.00000000E+00-2.29109388E-04 6.56583148E-04-5.02340250E-04
 5 10-1.54242898E-04 0.00000000E+00 7.42502947E-04 0.00000000E+00
 6  1 0.00000000E+00 0.00000000E+00 0.00000000E+00 0.00000000E+00 0.00000000E+00
 6  2 9.96822433E-01 0.00000000E+00 0.00000000E+00 9.12922594E-03 0.00000000E+00
 6  3 0.00000000E+00-2.45229519E-04 0.00000000E+00 0.00000000E+00 0.00000000E+00
 6  4 0.00000000E+00 0.00000000E+00 0.00000000E+00 9.70317029E-04 0.00000000E+00
 6  5 0.00000000E+00 0.00000000E+00 0.00000000E+00 1.45239366E-04 0.00000000E+00
 6  6 0.00000000E+00-5.52305080E-05 0.00000000E+00 0.00000000E+00 0.00000000E+00
 6  7 0.00000000E+00 2.02733575E-04 0.00000000E+00-1.12856240E-04 0.00000000E+00
 6  8 0.00000000E+00 0.00000000E+00 0.00000000E+00 1.45239366E-04 0.00000000E+00
 6  9 0.00000000E+00-5.52305080E-05 0.00000000E+00 0.00000000E+00 0.00000000E+00
 6 10 0.00000000E+00-2.02733575E-04 0.00000000E+00-1.12856240E-04
 7  1 4.09340106E-03-1.54492994E-02 3.84734627E-04-1.23324170E-03 0.00000000E+00
 7  2 0.00000000E+00 9.96769995E-01 0.00000000E+00 0.00000000E+00 8.77146527E-03
 7  3 0.00000000E+00 0.00000000E+00-3.22714203E-04-8.50452374E-04-4.15694275E-04
 7  4 1.26614665E-03 0.00000000E+00 0.00000000E+00 0.00000000E+00-2.63472753E-04
 7  5 1.65771736E-04 8.06203652E-04 6.43921058E-04 0.00000000E+00-1.03692828E-04
 7  6 3.38483776E-04 0.00000000E+00-2.22932775E-04 4.67903043E-04-2.00030058E-04
 7  7-2.67872985E-04 0.00000000E+00-1.42796778E-04 0.00000000E+00-2.63472753E-04
 7  8 1.65771736E-04 8.06203652E-04-6.43921058E-04 0.00000000E+00-1.03692828E-04
 7  9-3.38483776E-04 0.00000000E+00-2.22932775E-04 4.67903043E-04-2.00030058E-04
 7 10-2.67872985E-04 0.00000000E+00 1.42796778E-04 0.00000000E+00
 8  1 5.36716238E-02-1.56162494E-01 3.08836986E-01 1.26158371E-01 0.00000000E+00
 8  2 0.00000000E+00-5.25003721E-02 0.00000000E+00 0.00000000E+00 9.98048840E-02
 8  3 0.00000000E+00 0.00000000E+00-3.06453305E-03 6.68477633E-02-3.99312167E-02
 8  4-2.69165466E-02 0.00000000E+00 0.00000000E+00 0.00000000E+00-1.22931882E-01
 8  5 2.42021003E-01 2.57616302E-01 1.21673780E-01 0.00000000E+00-3.57343982E-02
 8  6 4.21043100E-02 0.00000000E+00-5.76448097E-03 1.41610448E-02-5.92957828E-03
 8  7-8.23146650E-03 0.00000000E+00-4.23055123E-03 0.00000000E+00-1.22931882E-01
 8  8 2.42021003E-01 2.57616302E-01-1.21673780E-01 0.00000000E+00-3.57343982E-02
 8  9-4.21043100E-02 0.00000000E+00-5.76448097E-03 1.41610448E-02-5.92957828E-03
 8 10-8.23146650E-03 0.00000000E+00 4.23055123E-03 0.00000000E+00
 9  1 0.00000000E+00 0.00000000E+00 0.00000000E+00 0.00000000E+00 1.52493656E-01
 9  2 0.00000000E+00 0.00000000E+00-2.85856088E-01 0.00000000E+00 0.00000000E+00
 9  3-8.94244390E-03 0.00000000E+00 0.00000000E+00 0.00000000E+00 0.00000000E+00
 9  4 0.00000000E+00 0.00000000E+00-6.52116927E-02 0.00000000E+00-1.43390803E-01
 9  5 2.86124332E-01 3.19171529E-01 1.15926377E-01 0.00000000E+00-4.05999353E-02
 9  6 3.14960774E-02 0.00000000E+00-1.54518517E-02 7.72550842E-03-4.50587370E-03
 9  7-3.21963471E-03 0.00000000E+00-7.89889047E-03 0.00000000E+00 1.43390803E-01
 9  8-2.86124332E-01-3.19171529E-01 1.15926377E-01 0.00000000E+00 4.05999353E-02
 9  9 3.14960774E-02 0.00000000E+00 1.54518517E-02-7.72550842E-03 4.50587370E-03
 9 10 3.21963471E-03 0.00000000E+00-7.89889047E-03 0.00000000E+00
10  1 6.04306885E-02-1.61892852E-01 3.94381675E-01 3.13032680E-01 0.00000000E+00
10  2 0.00000000E+00 1.70283692E-02 0.00000000E+00 0.00000000E+00-2.75200240E-02
10  3 0.00000000E+00 0.00000000E+00-4.52851055E-02-2.17830816E-02 1.97168134E-02
10  4 2.06626824E-03 0.00000000E+00 0.00000000E+00 0.00000000E+00 1.05932105E-01
10  5-2.17918438E-01-3.64398213E-01 1.99600096E-01 0.00000000E+00-8.49516254E-02
10  6 1.01741593E-01 0.00000000E+00-3.64735856E-02 1.01950800E-02-7.45646845E-03
10  7-2.73861151E-03 0.00000000E+00-8.58598536E-03 0.00000000E+00 1.05932105E-01
10  8-2.17918438E-01-3.64398213E-01-1.99600096E-01 0.00000000E+00-8.49516254E-02
10  9-1.01741593E-01 0.00000000E+00-3.64735856E-02 1.01950800E-02-7.45646845E-03
10 10-2.73861151E-03 0.00000000E+00 8.58598536E-03 0.00000000E+00
11  1 0.00000000E+00 0.00000000E+00 0.00000000E+00 0.00000000E+00 0.00000000E+00
11  2-2.00995768E-01 0.00000000E+00 0.00000000E+00 4.63579570E-01 0.00000000E+00
11  3 0.00000000E+00 2.18546959E-01 0.00000000E+00 0.00000000E+00 0.00000000E+00
11  4 0.00000000E+00 0.00000000E+00 0.00000000E+00 4.91884410E-02 0.00000000E+00
11  5 0.00000000E+00 0.00000000E+00 0.00000000E+00 3.20098918E-01 0.00000000E+00
11  6 0.00000000E+00 1.84506455E-01 0.00000000E+00 0.00000000E+00 0.00000000E+00
11  7 0.00000000E+00 2.45972805E-02 0.00000000E+00-7.58418908E-03 0.00000000E+00
11  8 0.00000000E+00 0.00000000E+00 0.00000000E+00 3.20098918E-01 0.00000000E+00
11  9 0.00000000E+00 1.84506455E-01 0.00000000E+00 0.00000000E+00 0.00000000E+00
11 10 0.00000000E+00-2.45972805E-02 0.00000000E+00-7.58418908E-03
12  1-8.03571890E-03 3.25385377E-02-3.84197847E-02-1.50084865E-01 0.00000000E+00
12  2 0.00000000E+00-1.91989989E-01 0.00000000E+00 0.00000000E+00 4.38671427E-01
12  3 0.00000000E+00 0.00000000E+00 1.91124336E-01-6.17638846E-02-1.01434556E-02
12  4 7.19073401E-02 0.00000000E+00 0.00000000E+00 0.00000000E+00 1.59935452E-02
12  5-3.36926422E-02-5.01228624E-02 1.89048713E-01 0.00000000E+00 2.66996209E-01
12  6 1.22740979E-01 0.00000000E+00 1.54126623E-01 1.91600061E-02-4.97376559E-03
12  7-1.41862405E-02 0.00000000E+00 1.41251691E-02 0.00000000E+00 1.59935452E-02
12  8-3.36926422E-02-5.01228624E-02-1.89048713E-01 0.00000000E+00 2.66996209E-01
12  9-1.22740979E-01 0.00000000E+00 1.54126623E-01 1.91600061E-02-4.97376559E-03
12 10-1.41862405E-02 0.00000000E+00-1.41251691E-02 0.00000000E+00
13  1 0.00000000E+00 0.00000000E+00 0.00000000E+00 0.00000000E+00-1.60688235E-01
13  2 0.00000000E+00 0.00000000E+00 3.77074499E-01 0.00000000E+00 0.00000000E+00
13  3-8.79954721E-03 0.00000000E+00 0.00000000E+00 0.00000000E+00 0.00000000E+00
13  4 0.00000000E+00 0.00000000E+00 3.30440341E-02 0.00000000E+00-6.86125593E-02
13  5 1.40537936E-01 2.51847768E-01-3.44590739E-01 0.00000000E+00 1.78300964E-01
13  6-1.81279843E-01 0.00000000E+00 1.08748324E-01-1.05401773E-02 8.87283968E-03
13  7 1.66733765E-03 0.00000000E+00 1.36836112E-02 0.00000000E+00 6.86125593E-02
13  8-1.40537936E-01-2.51847768E-01-3.44590739E-01 0.00000000E+00-1.78300964E-01
13  9-1.81279843E-01 0.00000000E+00-1.08748324E-01 1.05401773E-02-8.87283968E-03
13 10-1.66733765E-03 0.00000000E+00 1.36836112E-02 0.00000000E+00
14  1 0.00000000E+00 0.00000000E+00 0.00000000E+00 0.00000000E+00 0.00000000E+00
14  2 0.00000000E+00 0.00000000E+00 0.00000000E+00 0.00000000E+00 0.00000000E+00
14  3 0.00000000E+00 0.00000000E+00 0.00000000E+00 0.00000000E+00 0.00000000E+00
14  4 0.00000000E+00-1.47619844E-01 0.00000000E+00 0.00000000E+00 0.00000000E+00
14  5 0.00000000E+00 0.00000000E+00 0.00000000E+00 4.59278416E-01 0.00000000E+00
14  6 0.00000000E+00 3.15723129E-01 0.00000000E+00 0.00000000E+00 0.00000000E+00
14  7 0.00000000E+00 2.02571895E-02 0.00000000E+00-6.55343463E-03 0.00000000E+00
14  8 0.00000000E+00 0.00000000E+00 0.00000000E+00-4.59278416E-01 0.00000000E+00
14  9 0.00000000E+00-3.15723129E-01 0.00000000E+00 0.00000000E+00 0.00000000E+00
14 10 0.00000000E+00 2.02571895E-02 0.00000000E+00 6.55343463E-03
15  1 0.00000000E+00 0.00000000E+00 0.00000000E+00 0.00000000E+00-1.23642695E-02
15  2 0.00000000E+00 0.00000000E+00 2.04811768E-02 0.00000000E+00 0.00000000E+00
15  3 7.29465182E-02 0.00000000E+00 0.00000000E+00 0.00000000E+00 0.00000000E+00
15  4 0.00000000E+00 0.00000000E+00-1.40613352E-01 0.00000000E+00 1.44889206E-03
15  5-4.93135283E-03 7.27287581E-03 2.28285738E-01 0.00000000E+00 4.02519060E-01
15  6 1.46446137E-01 0.00000000E+00 2.77113585E-01 1.04588684E-02 6.99950249E-04
15  7-1.11588186E-02 0.00000000E+00 1.88446842E-02 0.00000000E+00-1.44889206E-03
15  8 4.93135283E-03-7.27287581E-03 2.28285738E-01 0.00000000E+00-4.02519060E-01
15  9 1.46446137E-01 0.00000000E+00-2.77113585E-01-1.04588684E-02-6.99950249E-04
15 10 1.11588186E-02 0.00000000E+00 1.88446842E-02 0.00000000E+00
16  1 2.51153193E-02-1.31093307E-01 8.77718539E-02 7.41716821E-01 0.00000000E+00
16  2 0.00000000E+00 1.19388878E-01 0.00000000E+00 0.00000000E+00-2.85530532E-01
16  3 0.00000000E+00 0.00000000E+00-1.28828653E-01-1.87356821E-01 9.30489728E-02
16  4 9.43078482E-02 0.00000000E+00 0.00000000E+00 0.00000000E+00 1.44619250E-02
16  5-3.30015130E-02-1.08302281E-01-2.04707361E-01 0.00000000E+00 3.44752459E-01
16  6-1.52410106E-01 0.00000000E+00 2.60656288E-01-4.23242941E-03 3.15628780E-03
16  7 1.07614161E-03 0.00000000E+00 6.77135954E-03 0.00000000E+00 1.44619250E-02
16  8-3.30015130E-02-1.08302281E-01 2.04707361E-01 0.00000000E+00 3.44752459E-01
16  9 1.52410106E-01 0.00000000E+00 2.60656288E-01-4.23242941E-03 3.15628780E-03
16 10 1.07614161E-03 0.00000000E+00-6.77135954E-03 0.00000000E+00
17  1 0.00000000E+00 0.00000000E+00 0.00000000E+00 0.00000000E+00 0.00000000E+00
17  2-2.14400351E-01 0.00000000E+00 0.00000000E+00 5.49977742E-01 0.00000000E+00
17  3 0.00000000E+00 5.41924625E-01 0.00000000E+00 0.00000000E+00 0.00000000E+00
17  4 0.00000000E+00 0.00000000E+00 0.00000000E+00-4.37227560E-02 0.00000000E+00
17  5 0.00000000E+00 0.00000000E+00 0.00000000E+00-3.89418248E-01 0.00000000E+00
17  6 0.00000000E+00-3.50999277E-01 0.00000000E+00 0.00000000E+00 0.00000000E+00
17  7 0.00000000E+00-2.13158309E-03 0.00000000E+00-1.01290720E-03 0.00000000E+00
17  8 0.00000000E+00 0.00000000E+00 0.00000000E+00-3.89418248E-01 0.00000000E+00
17  9 0.00000000E+00-3.50999277E-01 0.00000000E+00 0.00000000E+00 0.00000000E+00
17 10 0.00000000E+00 2.13158309E-03 0.00000000E+00-1.01290720E-03
18  1 1.76907049E-02-1.15965615E-01 3.90872114E-02 8.73496707E-01 0.00000000E+00
18  2 0.00000000E+00-1.70543680E-01 0.00000000E+00 0.00000000E+00 4.57217430E-01
18  3 0.00000000E+00 0.00000000E+00 7.02396295E-01-1.68205812E-01 1.52315900E-01
18  4 1.58899119E-02 0.00000000E+00 0.00000000E+00 0.00000000E+00 4.39455805E-02
18  5-8.94322810E-02-3.83131668E-01-3.27153998E-01 0.00000000E+00-1.91257833E-01
18  6-3.47448845E-01 0.00000000E+00-1.87310111E-01-3.00733111E-03 4.83640973E-03
18  7-1.82907862E-03 0.00000000E+00 4.04454099E-03 0.00000000E+00 4.39455805E-02
18  8-8.94322810E-02-3.83131668E-01 3.27153998E-01 0.00000000E+00-1.91257833E-01
18  9 3.47448845E-01 0.00000000E+00-1.87310111E-01-3.00733111E-03 4.83640973E-03
18 10-1.82907862E-03 0.00000000E+00-4.04454099E-03 0.00000000E+00
19  1 0.00000000E+00 0.00000000E+00 0.00000000E+00 0.00000000E+00-1.07906995E-01
19  2 0.00000000E+00 0.00000000E+00 2.82836877E-01 0.00000000E+00 0.00000000E+00
19  3 1.66671080E+00 0.00000000E+00 0.00000000E+00 0.00000000E+00 0.00000000E+00
19  4 0.00000000E+00 0.00000000E+00-1.76024705E-01 0.00000000E+00-7.03357578E-02
19  5 1.02503129E-01 9.15909168E-01 5.57065761E-02 0.00000000E+00-2.06474589E-01
19  6 2.24359664E-01 0.00000000E+00-2.70380761E-01 1.32606075E-02-3.98675623E-03
19  7-9.27385130E-03 0.00000000E+00-2.34345602E-03 0.00000000E+00 7.03357578E-02
19  8-1.02503129E-01-9.15909168E-01 5.57065761E-02 0.00000000E+00 2.06474589E-01
19  9 2.24359664E-01 0.00000000E+00 2.70380761E-01-1.32606075E-02 3.98675623E-03
19 10 9.27385130E-03 0.00000000E+00-2.34345602E-03 0.00000000E+00
20  1 0.00000000E+00 0.00000000E+00 0.00000000E+00 0.00000000E+00 0.00000000E+00
20  2 2.83270870E-01 0.00000000E+00 0.00000000E+00-1.09531171E+00 0.00000000E+00
20  3 0.00000000E+00 1.25019446E+00 0.00000000E+00 0.00000000E+00 0.00000000E+00
20  4 0.00000000E+00 0.00000000E+00 0.00000000E+00-1.91003940E-01 0.00000000E+00
20  5 0.00000000E+00 0.00000000E+00 0.00000000E+00-3.87581273E-02 0.00000000E+00
20  6 0.00000000E+00-9.80984334E-02 0.00000000E+00 0.00000000E+00 0.00000000E+00
20  7 0.00000000E+00-3.45013949E-02 0.00000000E+00 5.76889255E-03 0.00000000E+00
20  8 0.00000000E+00 0.00000000E+00 0.00000000E+00-3.87581273E-02 0.00000000E+00
20  9 0.00000000E+00-9.80984334E-02 0.00000000E+00 0.00000000E+00 0.00000000E+00
20 10 0.00000000E+00 3.45013949E-02 0.00000000E+00 5.76889255E-03
21  1-9.03990869E-03-5.47327789E-02-1.61689656E-01 5.90752397E-01 0.00000000E+00
21  2 0.00000000E+00 2.73862149E-01 0.00000000E+00 0.00000000E+00-1.03191031E+00
21  3 0.00000000E+00 0.00000000E+00 1.29535304E+00 2.51928686E-01 9.73331942E-03
21  4-2.61662005E-01 0.00000000E+00 0.00000000E+00 0.00000000E+00 1.24578716E-02
21  5 1.83172070E-02-3.73429091E-01 1.11724387E-01 0.00000000E+00-5.30850938E-02
21  6-1.68501216E-01 0.00000000E+00-2.09673152E-02-4.46154871E-02 2.02855213E-02
21  7 2.43299658E-02 0.00000000E+00-9.43948039E-03 0.00000000E+00 1.24578716E-02
21  8 1.83172070E-02-3.73429091E-01-1.11724387E-01 0.00000000E+00-5.30850938E-02
21  9 1.68501216E-01 0.00000000E+00-2.09673152E-02-4.46154871E-02 2.02855213E-02
21 10 2.43299658E-02 0.00000000E+00 9.43948039E-03 0.00000000E+00
22  1-1.15003821E-01-3.79559724E-01-1.72101273E+00 2.41461550E+00 0.00000000E+00
22  2 0.00000000E+00-4.59470479E-02 0.00000000E+00 0.00000000E+00 2.11976142E-01
22  3 0.00000000E+00 0.00000000E+00-6.77831616E-03 1.49601793E-01-9.71204501E-02
22  4-5.24813429E-02 0.00000000E+00 0.00000000E+00 0.00000000E+00 1.74456808E-02
22  5-1.64766350E-02-4.86862417E-01 1.88979348E-01 0.00000000E+00-9.58576858E-02
22  6-2.46512566E-01 0.00000000E+00 1.11444182E-01-4.99768853E-02 3.26453028E-02
22  7 1.73315825E-02 0.00000000E+00 4.19596359E-02 0.00000000E+00 1.74456808E-02
22  8-1.64766350E-02-4.86862417E-01-1.88979348E-01 0.00000000E+00-9.58576858E-02
22  9 2.46512566E-01 0.00000000E+00 1.11444182E-01-4.99768853E-02 3.26453028E-02
22 10 1.73315825E-02 0.00000000E+00-4.19596359E-02 0.00000000E+00
23  1 0.00000000E+00 0.00000000E+00 0.00000000E+00 0.00000000E+00 2.74879087E-01
23  2 0.00000000E+00 0.00000000E+00-9.47658938E-01 0.00000000E+00 0.00000000E+00
23  3 1.26436430E+00 0.00000000E+00 0.00000000E+00 0.00000000E+00 0.00000000E+00
23  4 0.00000000E+00 0.00000000E+00 5.23189768E-01 0.00000000E+00-6.54148477E-03
23  5-5.82224655E-02 5.24583815E-01-2.76534478E-01 0.00000000E+00 1.84602779E-01
23  6 1.30728928E-01 0.00000000E+00-4.15743081E-03 3.20575569E-02-3.42191369E-02
23  7 2.16158004E-03 0.00000000E+00-5.33446678E-02 0.00000000E+00 6.54148477E-03
23  8 5.82224655E-02-5.24583815E-01-2.76534478E-01 0.00000000E+00-1.84602779E-01
23  9 1.30728928E-01 0.00000000E+00 4.15743081E-03-3.20575569E-02 3.42191369E-02
23 10-2.16158004E-03 0.00000000E+00-5.33446678E-02 0.00000000E+00
24  1 0.00000000E+00 0.00000000E+00 0.00000000E+00 0.00000000E+00 0.00000000E+00
24  2 5.63706651E-02 0.00000000E+00 0.00000000E+00-2.28165242E-01 0.00000000E+00
24  3 0.00000000E+00 2.55270356E-01 0.00000000E+00 0.00000000E+00 0.00000000E+00
24  4 0.00000000E+00 0.00000000E+00 0.00000000E+00 9.53729401E-01 0.00000000E+00
24  5 0.00000000E+00 0.00000000E+00 0.00000000E+00-1.90247396E-01 0.00000000E+00
24  6 0.00000000E+00 1.73890953E-02 0.00000000E+00 0.00000000E+00 0.00000000E+00
24  7 0.00000000E+00 2.45730497E-02 0.00000000E+00 3.39231676E-02 0.00000000E+00
24  8 0.00000000E+00 0.00000000E+00 0.00000000E+00-1.90247396E-01 0.00000000E+00
24  9 0.00000000E+00 1.73890953E-02 0.00000000E+00 0.00000000E+00 0.00000000E+00
24 10 0.00000000E+00-2.45730497E-02 0.00000000E+00 3.39231676E-02
25  1-5.39548018E-03 4.17625192E-03-5.58568397E-02-2.30171460E-01 0.00000000E+00
25  2 0.00000000E+00-4.10272303E-02 0.00000000E+00 0.00000000E+00 1.57992674E-01
25  3 0.00000000E+00 0.00000000E+00-2.77549402E-01-1.83804437E-02 8.34692536E-01
25  4-8.16312093E-01 0.00000000E+00 0.00000000E+00 0.00000000E+00-1.15168187E-02
25  5 3.19309008E-02 1.36666336E-01 5.80179707E-02 0.00000000E+00 1.93693532E-01
25  6 1.18272438E-01 0.00000000E+00-7.05012418E-02-4.07025798E-03 2.99454012E-02
25  7-2.58751432E-02 0.00000000E+00-2.98214506E-02 0.00000000E+00-1.15168187E-02
25  8 3.19309008E-02 1.36666336E-01-5.80179707E-02 0.00000000E+00 1.93693532E-01
25  9-1.18272438E-01 0.00000000E+00-7.05012418E-02-4.07025798E-03 2.99454012E-02
25 10-2.58751432E-02 0.00000000E+00 2.98214506E-02 0.00000000E+00
26  1 0.00000000E+00 0.00000000E+00 0.00000000E+00 0.00000000E+00 0.00000000E+00
26  2 0.00000000E+00 0.00000000E+00 0.00000000E+00 0.00000000E+00 0.00000000E+00
26  3 0.00000000E+00 0.00000000E+00 0.00000000E+00 0.00000000E+00 0.00000000E+00
26  4 0.00000000E+00 9.01343074E-01 0.00000000E+00 0.00000000E+00 0.00000000E+00
26  5 0.00000000E+00 0.00000000E+00 0.00000000E+00 3.86197353E-01 0.00000000E+00
26  6 0.00000000E+00-4.70828635E-02 0.00000000E+00 0.00000000E+00 0.00000000E+00
26  7 0.00000000E+00-5.55843653E-02 0.00000000E+00 3.63762483E-02 0.00000000E+00
26  8 0.00000000E+00 0.00000000E+00 0.00000000E+00-3.86197353E-01 0.00000000E+00
26  9 0.00000000E+00 4.70828635E-02 0.00000000E+00 0.00000000E+00 0.00000000E+00
26 10 0.00000000E+00-5.55843653E-02 0.00000000E+00-3.63762483E-02
27  1-3.98697184E-02-1.42993899E-01-6.34852681E-01-1.08736521E+00 0.00000000E+00
27  2 0.00000000E+00 8.33476645E-02 0.00000000E+00 0.00000000E+00-4.48729648E-01
27  3 0.00000000E+00 0.00000000E+00-6.61683907E-02-5.46144561E-01 2.78923093E-01
27  4 2.67221467E-01 0.00000000E+00 0.00000000E+00 0.00000000E+00-6.01405806E-02
27  5 1.17172721E-01 6.17741809E-01-3.24069899E-01 0.00000000E+00 1.74019138E-03
27  6 1.12450619E+00 0.00000000E+00-3.45317885E-01-1.76715037E-03 1.57158252E-03
27  7 1.95567851E-04 0.00000000E+00 3.63536443E-03 0.00000000E+00-6.01405806E-02
27  8 1.17172721E-01 6.17741809E-01 3.24069899E-01 0.00000000E+00 1.74019138E-03
27  9-1.12450619E+00 0.00000000E+00-3.45317885E-01-1.76715037E-03 1.57158252E-03
27 10 1.95567851E-04 0.00000000E+00-3.63536443E-03 0.00000000E+00
28  1 0.00000000E+00 0.00000000E+00 0.00000000E+00 0.00000000E+00-2.03393913E-01
28  2 0.00000000E+00 0.00000000E+00 1.06654644E+00 0.00000000E+00 0.00000000E+00
28  3 8.25222945E-02 0.00000000E+00 0.00000000E+00 0.00000000E+00 0.00000000E+00
28  4 0.00000000E+00 0.00000000E+00 4.49607602E-01 0.00000000E+00-5.59321902E-02
28  5 1.32875281E-01 4.44358351E-01-1.56046166E-01 0.00000000E+00 2.01659187E-01
28  6 9.65376788E-01 0.00000000E+00-4.14418864E-01-3.23620619E-02 1.35164649E-02
28  7 1.88455970E-02 0.00000000E+00 1.19828813E-02 0.00000000E+00 5.59321902E-02
28  8-1.32875281E-01-4.44358351E-01-1.56046166E-01 0.00000000E+00-2.01659187E-01
28  9 9.65376788E-01 0.00000000E+00 4.14418864E-01 3.23620619E-02-1.35164649E-02
28 10-1.88455970E-02 0.00000000E+00 1.19828813E-02 0.00000000E+00
29  1 0.00000000E+00 0.00000000E+00 0.00000000E+00 0.00000000E+00 0.00000000E+00
29  2 0.00000000E+00 0.00000000E+00 0.00000000E+00 0.00000000E+00 0.00000000E+00
29  3 0.00000000E+00 0.00000000E+00 0.00000000E+00 0.00000000E+00 0.00000000E+00
29  4 0.00000000E+00 4.86828473E-01 0.00000000E+00 0.00000000E+00 0.00000000E+00
29  5 0.00000000E+00 0.00000000E+00 0.00000000E+00-5.36249137E-01 0.00000000E+00
29  6 0.00000000E+00 8.17118157E-01 0.00000000E+00 0.00000000E+00 0.00000000E+00
29  7 0.00000000E+00-4.84698414E-02 0.00000000E+00 2.40799616E-02 0.00000000E+00
29  8 0.00000000E+00 0.00000000E+00 0.00000000E+00 5.36249137E-01 0.00000000E+00
29  9 0.00000000E+00-8.17118157E-01 0.00000000E+00 0.00000000E+00 0.00000000E+00
29 10 0.00000000E+00-4.84698414E-02 0.00000000E+00-2.40799616E-02
30  1 0.00000000E+00 0.00000000E+00 0.00000000E+00 0.00000000E+00-3.33784583E-02
30  2 0.00000000E+00 0.00000000E+00 1.90810980E-01 0.00000000E+00 0.00000000E+00
30  3-3.42463651E-01 0.00000000E+00 0.00000000E+00 0.00000000E+00 0.00000000E+00
30  4 0.00000000E+00 0.00000000E+00 2.32370874E-01 0.00000000E+00 3.63558332E-03
30  5-9.60315801E-02 4.38235402E-02-2.07234609E-01 0.00000000E+00-5.71991427E-01
30  6 4.30580472E-01 0.00000000E+00 7.28558116E-01-2.89145009E-02 7.73145574E-03
30  7 2.11830452E-02 0.00000000E+00-1.80553983E-02 0.00000000E+00-3.63558332E-03
30  8 9.60315801E-02-4.38235402E-02-2.07234609E-01 0.00000000E+00 5.71991427E-01
30  9 4.30580472E-01 0.00000000E+00-7.28558116E-01 2.89145009E-02-7.73145574E-03
30 10-2.11830452E-02 0.00000000E+00-1.80553983E-02 0.00000000E+00
31  1 9.57418254E-03 5.56258236E-02 1.78504151E-01-8.61155377E-02 0.00000000E+00
31  2 0.00000000E+00-3.42936864E-02 0.00000000E+00 0.00000000E+00 1.37295103E-01
31  3 0.00000000E+00 0.00000000E+00-7.81307101E-01 1.99838626E-01 1.14803454E-01
31  4-3.14642079E-01 0.00000000E+00 0.00000000E+00 0.00000000E+00-5.85299465E-03
31  5 1.08829136E-01-4.18715709E-02-2.08761388E-01 0.00000000E+00-5.45379126E-01
31  6 2.24443913E-01 0.00000000E+00 9.36804991E-01-1.19271813E-02 1.62321435E-03
31  7 1.03039669E-02 0.00000000E+00-4.20002230E-02 0.00000000E+00-5.85299465E-03
31  8 1.08829136E-01-4.18715709E-02 2.08761388E-01 0.00000000E+00-5.45379126E-01
31  9-2.24443913E-01 0.00000000E+00 9.36804991E-01-1.19271813E-02 1.62321435E-03
31 10 1.03039669E-02 0.00000000E+00 4.20002230E-02 0.00000000E+00
32  1 0.00000000E+00 0.00000000E+00 0.00000000E+00 0.00000000E+00 0.00000000E+00
32  2-2.87745387E-02 0.00000000E+00 0.00000000E+00 9.48933547E-02 0.00000000E+00
32  3 0.00000000E+00-8.14617371E-01 0.00000000E+00 0.00000000E+00 0.00000000E+00
32  4 0.00000000E+00 0.00000000E+00 0.00000000E+00-2.40479814E-01 0.00000000E+00
32  5 0.00000000E+00 0.00000000E+00 0.00000000E+00-6.09543348E-01 0.00000000E+00
32  6 0.00000000E+00 9.95145533E-01 0.00000000E+00 0.00000000E+00 0.00000000E+00
32  7 0.00000000E+00-4.55725973E-02 0.00000000E+00 3.61126140E-03 0.00000000E+00
32  8 0.00000000E+00 0.00000000E+00 0.00000000E+00-6.09543348E-01 0.00000000E+00
32  9 0.00000000E+00 9.95145533E-01 0.00000000E+00 0.00000000E+00 0.00000000E+00
32 10 0.00000000E+00 4.55725973E-02 0.00000000E+00 3.61126140E-03
33  1 0.00000000E+00 0.00000000E+00 0.00000000E+00 0.00000000E+00-1.40827222E-01
33  2 0.00000000E+00 0.00000000E+00 3.50409295E-01 0.00000000E+00 0.00000000E+00
33  3 3.44944955E-01 0.00000000E+00 0.00000000E+00 0.00000000E+00 0.00000000E+00
33  4 0.00000000E+00 0.00000000E+00 8.31203155E-01 0.00000000E+00-3.01531916E-02
33  5 1.47960147E-01 3.16679699E-01 6.12405715E-01 0.00000000E+00-9.66400860E-02
33  6-2.84360840E-01 0.00000000E+00 1.48165081E-01-5.84201490E-02-1.76020034E-02
33  7 7.60221523E-02 0.00000000E+00-6.21910706E-02 0.00000000E+00 3.01531916E-02
33  8-1.47960147E-01-3.16679699E-01 6.12405715E-01 0.00000000E+00 9.66400860E-02
33  9-2.84360840E-01 0.00000000E+00-1.48165081E-01 5.84201490E-02 1.76020034E-02
33 10-7.60221523E-02 0.00000000E+00-6.21910706E-02 0.00000000E+00
34  1-3.57323957E-03-2.16782466E-01-3.11400977E-01 9.85548985E-01 0.00000000E+00
34  2 0.00000000E+00-7.96987644E-02 0.00000000E+00 0.00000000E+00 2.73149158E-01
34  3 0.00000000E+00 0.00000000E+00 1.18484308E-01 1.09421435E+00-6.56075636E-01
34  4-4.38138710E-01 0.00000000E+00 0.00000000E+00 0.00000000E+00 3.62920040E-02
34  5-1.34679866E-01-5.28874940E-01-5.13290538E-01 0.00000000E+00 3.00332499E-01
34  6 7.11539547E-02 0.00000000E+00-2.04852028E-02-5.52267648E-02-2.42053848E-02
34  7 7.94321496E-02 0.00000000E+00-6.83821047E-02 0.00000000E+00 3.62920040E-02
34  8-1.34679866E-01-5.28874940E-01 5.13290538E-01 0.00000000E+00 3.00332499E-01
34  9-7.11539547E-02 0.00000000E+00-2.04852028E-02-5.52267648E-02-2.42053848E-02
34 10 7.94321496E-02 0.00000000E+00 6.83821047E-02 0.00000000E+00
35  1-1.30380514E-02-1.21609782E-01-2.76151261E-01 2.18306282E+00 0.00000000E+00
35  2 0.00000000E+00-6.69317231E-03 0.00000000E+00 0.00000000E+00 1.34382122E-01
35  3 0.00000000E+00 0.00000000E+00 6.75014580E-01 2.64445180E-01-1.99382245E-01
35  4-6.50629351E-02 0.00000000E+00 0.00000000E+00 0.00000000E+00 7.95677158E-04
35  5 1.20987830E+00-2.07122589E+00 2.56321136E-02 0.00000000E+00 7.81215808E-02
35  6-7.24401248E-01 0.00000000E+00-1.19808880E-02 2.10596789E-01-1.03428887E-01
35  7-1.07167902E-01 0.00000000E+00-3.08229759E-02 0.00000000E+00 7.95677158E-04
35  8 1.20987830E+00-2.07122589E+00-2.56321136E-02 0.00000000E+00 7.81215808E-02
35  9 7.24401248E-01 0.00000000E+00-1.19808880E-02 2.10596789E-01-1.03428887E-01
35 10-1.07167902E-01 0.00000000E+00 3.08229759E-02 0.00000000E+00
36  1 0.00000000E+00 0.00000000E+00 0.00000000E+00 0.00000000E+00-2.11301500E-02
36  2 0.00000000E+00 0.00000000E+00 3.20676403E-01 0.00000000E+00 0.00000000E+00
36  3 1.56499774E+00 0.00000000E+00 0.00000000E+00 0.00000000E+00 0.00000000E+00
36  4 0.00000000E+00 0.00000000E+00 2.06650966E-01 0.00000000E+00-3.57697260E-03
36  5-1.26111439E+00 2.25961933E+00 6.09007156E-02 0.00000000E+00 7.53564319E-02
36  6 3.74766844E-01 0.00000000E+00-3.92387653E-01-1.15794183E-01 8.91611813E-02
36  7 2.66330014E-02 0.00000000E+00 1.61241067E-01 0.00000000E+00 3.57697260E-03
36  8 1.26111439E+00-2.25961933E+00 6.09007156E-02 0.00000000E+00-7.53564319E-02
36  9 3.74766844E-01 0.00000000E+00 3.92387653E-01 1.15794183E-01-8.91611813E-02
36 10-2.66330014E-02 0.00000000E+00 1.61241067E-01 0.00000000E+00
37  1 0.00000000E+00 0.00000000E+00 0.00000000E+00 0.00000000E+00 0.00000000E+00
37  2 0.00000000E+00 0.00000000E+00 0.00000000E+00 0.00000000E+00 0.00000000E+00
37  3 0.00000000E+00 0.00000000E+00 0.00000000E+00 0.00000000E+00 0.00000000E+00
37  4 0.00000000E+00 2.90103094E-02 0.00000000E+00 0.00000000E+00 0.00000000E+00
37  5 0.00000000E+00 0.00000000E+00 0.00000000E+00-8.61544947E-03 0.00000000E+00
37  6 0.00000000E+00 1.48664494E-02 0.00000000E+00 0.00000000E+00 0.00000000E+00
37  7 0.00000000E+00 3.45631691E-01 0.00000000E+00 6.17247537E-01 0.00000000E+00
37  8 0.00000000E+00 0.00000000E+00 0.00000000E+00 8.61544947E-03 0.00000000E+00
37  9 0.00000000E+00-1.48664494E-02 0.00000000E+00 0.00000000E+00 0.00000000E+00
37 10 0.00000000E+00 3.45631691E-01 0.00000000E+00-6.17247537E-01
38  1 0.00000000E+00 0.00000000E+00 0.00000000E+00 0.00000000E+00-9.41254271E-04
38  2 0.00000000E+00 0.00000000E+00-4.74016380E-03 0.00000000E+00 0.00000000E+00
38  3 5.54129183E-02 0.00000000E+00 0.00000000E+00 0.00000000E+00 0.00000000E+00
38  4 0.00000000E+00 0.00000000E+00-2.72021662E-02 0.00000000E+00 1.11270919E-04
38  5-2.56276890E-02 4.63570293E-02 8.69797381E-03 0.00000000E+00 1.44598363E-02
38  6-1.50730972E-02 0.00000000E+00-2.60739967E-02-1.61531015E-01 6.13827889E-01
38  7-4.52296874E-01 0.00000000E+00-3.09046582E-01 0.00000000E+00-1.11270919E-04
38  8 2.56276890E-02-4.63570293E-02 8.69797381E-03 0.00000000E+00-1.44598363E-02
38  9-1.50730972E-02 0.00000000E+00 2.60739967E-02 1.61531015E-01-6.13827889E-01
38 10 4.52296874E-01 0.00000000E+00-3.09046582E-01 0.00000000E+00
39  1 0.00000000E+00 0.00000000E+00 0.00000000E+00 0.00000000E+00 0.00000000E+00
39  2-2.97645581E-02 0.00000000E+00 0.00000000E+00 1.11042055E-01 0.00000000E+00
39  3 0.00000000E+00 2.09685745E-02 0.00000000E+00 0.00000000E+00 0.00000000E+00
39  4 0.00000000E+00 0.00000000E+00 0.00000000E+00-6.96043292E-02 0.00000000E+00
39  5 0.00000000E+00 0.00000000E+00 0.00000000E+00 2.69504384E-02 0.00000000E+00
39  6 0.00000000E+00-4.45784556E-02 0.00000000E+00 0.00000000E+00 0.00000000E+00
39  7 0.00000000E+00-2.93872701E-02 0.00000000E+00 7.08860884E-01 0.00000000E+00
39  8 0.00000000E+00 0.00000000E+00 0.00000000E+00 2.69504384E-02 0.00000000E+00
39  9 0.00000000E+00-4.45784556E-02 0.00000000E+00 0.00000000E+00 0.00000000E+00
39 10 0.00000000E+00 2.93872701E-02 0.00000000E+00 7.08860884E-01
40  1-2.49179141E-03-2.25648122E-02-5.93103640E-02 4.83722012E-02 0.00000000E+00
40  2 0.00000000E+00 6.18729057E-03 0.00000000E+00 0.00000000E+00-3.36933328E-02
40  3 0.00000000E+00 0.00000000E+00 1.74367199E-02 7.96144918E-02-1.62827917E-01
40  4 8.32134257E-02 0.00000000E+00 0.00000000E+00 0.00000000E+00 2.37245434E-03
40  5-4.14628530E-02 6.73080654E-03-3.85590328E-02 0.00000000E+00 1.10535961E-02
40  6 2.66645608E-02 0.00000000E+00-7.22836742E-03-7.06056983E-03 5.92294515E-01
40  7-5.85233945E-01 0.00000000E+00-1.96878325E-01 0.00000000E+00 2.37245434E-03
40  8-4.14628530E-02 6.73080654E-03 3.85590328E-02 0.00000000E+00 1.10535961E-02
40  9-2.66645608E-02 0.00000000E+00-7.22836742E-03-7.06056983E-03 5.92294515E-01
40 10-5.85233945E-01 0.00000000E+00 1.96878325E-01 0.00000000E+00
41  1 0.00000000E+00 0.00000000E+00 0.00000000E+00 0.00000000E+00 0.00000000E+00
41  2 7.15437642E-02 0.00000000E+00 0.00000000E+00-2.63938398E-01 0.00000000E+00
41  3 0.00000000E+00-1.37429306E-01 0.00000000E+00 0.00000000E+00 0.00000000E+00
41  4 0.00000000E+00 0.00000000E+00 0.00000000E+00-2.55664943E-01 0.00000000E+00
41  5 0.00000000E+00 0.00000000E+00 0.00000000E+00-7.04258081E-02 0.00000000E+00
41  6 0.00000000E+00 1.88774007E-01 0.00000000E+00 0.00000000E+00 0.00000000E+00
41  7 0.00000000E+00 7.34365999E-01 0.00000000E+00 1.93576122E-02 0.00000000E+00
41  8 0.00000000E+00 0.00000000E+00 0.00000000E+00-7.04258081E-02 0.00000000E+00
41  9 0.00000000E+00 1.88774007E-01 0.00000000E+00 0.00000000E+00 0.00000000E+00
41 10 0.00000000E+00-7.34365999E-01 0.00000000E+00 1.93576122E-02
42  1 0.00000000E+00 0.00000000E+00 0.00000000E+00 0.00000000E+00 3.30036740E-02
42  2 0.00000000E+00 0.00000000E+00-2.43514663E-01 0.00000000E+00 0.00000000E+00
42  3-1.13518841E-01 0.00000000E+00 0.00000000E+00 0.00000000E+00 0.00000000E+00
42  4 0.00000000E+00 0.00000000E+00 4.99268056E-01 0.00000000E+00-1.45001196E-03
42  5 2.51865907E-01-2.99442474E-01 8.73455273E-02 0.00000000E+00-6.98359161E-02
42  6-9.05174785E-02 0.00000000E+00 2.26441613E-01 3.13140001E-01 1.53092707E-01
42  7-4.66232708E-01 0.00000000E+00 5.64758890E-01 0.00000000E+00 1.45001196E-03
42  8-2.51865907E-01 2.99442474E-01 8.73455273E-02 0.00000000E+00 6.98359161E-02
42  9-9.05174785E-02 0.00000000E+00-2.26441613E-01-3.13140001E-01-1.53092707E-01
42 10 4.66232708E-01 0.00000000E+00 5.64758890E-01 0.00000000E+00
43  1-7.73555829E-03-4.13211245E-02-1.56558114E-01-3.61586604E-01 0.00000000E+00
43  2 0.00000000E+00 7.59953335E-02 0.00000000E+00 0.00000000E+00-3.39704120E-01
43  3 0.00000000E+00 0.00000000E+00-2.70920613E-01 3.38156251E-01 3.23635565E-02
43  4-3.70519807E-01 0.00000000E+00 0.00000000E+00 0.00000000E+00-6.91584042E-04
43  5-3.43023997E-01 4.83697663E-01-1.25286625E-01 0.00000000E+00-1.76051681E-02
43  6 3.21886150E-01 0.00000000E+00 1.68721241E-01 5.16738438E-01-1.31636802E-01
43  7-3.85101636E-01 0.00000000E+00 5.06582349E-01 0.00000000E+00-6.91584042E-04
43  8-3.43023997E-01 4.83697663E-01 1.25286625E-01 0.00000000E+00-1.76051681E-02
43  9-3.21886150E-01 0.00000000E+00 1.68721241E-01 5.16738438E-01-1.31636802E-01
43 10-3.85101636E-01 0.00000000E+00-5.06582349E-01 0.00000000E+00
44  1 0.00000000E+00 0.00000000E+00 0.00000000E+00 0.00000000E+00 0.00000000E+00
44  2 0.00000000E+00 0.00000000E+00 0.00000000E+00 0.00000000E+00 0.00000000E+00
44  3 0.00000000E+00 0.00000000E+00 0.00000000E+00 0.00000000E+00 0.00000000E+00
44  4 0.00000000E+00 6.24168373E-01 0.00000000E+00 0.00000000E+00 0.00000000E+00
44  5 0.00000000E+00 0.00000000E+00 0.00000000E+00-1.68782687E-02 0.00000000E+00
44  6 0.00000000E+00 2.02823633E-01 0.00000000E+00 0.00000000E+00 0.00000000E+00
44  7 0.00000000E+00 6.79965756E-01 0.00000000E+00-3.68943066E-01 0.00000000E+00
44  8 0.00000000E+00 0.00000000E+00 0.00000000E+00 1.68782687E-02 0.00000000E+00
44  9 0.00000000E+00-2.02823633E-01 0.00000000E+00 0.00000000E+00 0.00000000E+00
44 10 0.00000000E+00 6.79965756E-01 0.00000000E+00 3.68943066E-01
45  1-5.63144194E-02-1.03753960E-01-8.48933991E-01-1.46547754E+00 0.00000000E+00
45  2 0.00000000E+00 7.51703086E-02 0.00000000E+00 0.00000000E+00-5.23852151E-01
45  3 0.00000000E+00 0.00000000E+00-1.88631400E-01-9.38825171E-01 5.21761197E-01
45  4 4.17063974E-01 0.00000000E+00 0.00000000E+00 0.00000000E+00-4.18168738E-02
45  5-5.77309181E-01 1.58844795E+00 1.33769903E-01 0.00000000E+00-7.47592434E-02
45  6 8.26352219E-01 0.00000000E+00-3.25499596E-01 6.05431178E-01-4.52319562E-01
45  7-1.53111616E-01 0.00000000E+00-6.22460651E-01 0.00000000E+00-4.18168738E-02
45  8-5.77309181E-01 1.58844795E+00-1.33769903E-01 0.00000000E+00-7.47592434E-02
45  9-8.26352219E-01 0.00000000E+00-3.25499596E-01 6.05431178E-01-4.52319562E-01
45 10-1.53111616E-01 0.00000000E+00 6.22460651E-01 0.00000000E+00
46  1 0.00000000E+00 0.00000000E+00 0.00000000E+00 0.00000000E+00-2.28251264E-01
46  2 0.00000000E+00 0.00000000E+00 1.47659642E+00 0.00000000E+00 0.00000000E+00
46  3 4.58422534E-01 0.00000000E+00 0.00000000E+00 0.00000000E+00 0.00000000E+00
46  4 0.00000000E+00 0.00000000E+00 6.01979753E-01 0.00000000E+00-3.85528175E-02
46  5-5.42337764E-01 1.41767045E+00 1.27860516E-01 0.00000000E+00-1.99634626E-02
46  6 7.40675135E-01 0.00000000E+00-2.56843541E-01 7.83989903E-01-3.93988962E-01
46  7-3.90000941E-01 0.00000000E+00-3.78264628E-01 0.00000000E+00 3.85528175E-02
46  8 5.42337764E-01-1.41767045E+00 1.27860516E-01 0.00000000E+00 1.99634626E-02
46  9 7.40675135E-01 0.00000000E+00 2.56843541E-01-7.83989903E-01 3.93988962E-01
46 10 3.90000941E-01 0.00000000E+00-3.78264628E-01 0.00000000E+00
 $END   
 POPULATION ANALYSIS
S           15.30526   0.69474  15.29983   0.70017
O            8.34737  -0.34737   8.35009  -0.35009
O            8.34737  -0.34737   8.35009  -0.35009
 MOMENTS AT POINT    1 X,Y,Z=  0.000000  0.000000  0.000000
 DIPOLE       0.000000  0.000000 -0.541899
