 $DATA  
Title                                                                           
CNV      2

S          16.0      0.0000000000      0.0000000000     -0.5304772573
   PC1     0
        
O           8.0      1.0606601718      0.0000000000      0.5301829145
   PC1     0
        
 $END      
 $ZMAT   IZMAT(1)=
         1,   3,   1,
         1,   2,   1,
         2,   2,   1,   3,
 $END
--- CLOSED SHELL ORBITALS --- GENERATED AT Thu Feb 26 00:16:28 2015
Title                                                                           
E(R-PBE)=     -548.2118384146, E(NUC)=  106.2781362495,   20 ITERS
 $VEC   
 1  1 1.00298164E+00-1.02622953E-02 1.85611862E-03-8.24062408E-04 0.00000000E+00
 1  2 0.00000000E+00 3.76276802E-05 0.00000000E+00 0.00000000E+00 1.48825552E-04
 1  3 0.00000000E+00 0.00000000E+00-5.63569958E-05 3.51233311E-05-5.65408578E-05
 1  4 2.14175267E-05 0.00000000E+00 0.00000000E+00 0.00000000E+00 9.66280291E-06
 1  5 1.51241418E-05-1.86730015E-05-3.04722379E-05 0.00000000E+00 2.92473768E-05
 1  6-8.71189646E-05 0.00000000E+00 1.05851398E-04-3.35502128E-05 7.03849151E-05
 1  7-3.68347023E-05 0.00000000E+00 1.21028001E-04 0.00000000E+00 9.66280291E-06
 1  8 1.51241418E-05-1.86730015E-05 3.04722379E-05 0.00000000E+00 2.92473768E-05
 1  9 8.71189646E-05 0.00000000E+00 1.05851398E-04-3.35502128E-05 7.03849151E-05
 1 10-3.68347023E-05 0.00000000E+00-1.21028001E-04 0.00000000E+00
 2  1 0.00000000E+00 0.00000000E+00 0.00000000E+00 0.00000000E+00 2.02826240E-05
 2  2 0.00000000E+00 0.00000000E+00-1.48564916E-03 0.00000000E+00 0.00000000E+00
 2  3-3.33850070E-03 0.00000000E+00 0.00000000E+00 0.00000000E+00 0.00000000E+00
 2  4 0.00000000E+00 0.00000000E+00-6.44804137E-04 0.00000000E+00 7.03258926E-01
 2  5 2.58847857E-02-1.18630666E-02 8.17854849E-04 0.00000000E+00-7.91111156E-04
 2  6-2.57617867E-03 0.00000000E+00 2.09888299E-03-3.78312542E-04 4.03607555E-04
 2  7-2.52950134E-05 0.00000000E+00 2.84601547E-04 0.00000000E+00-7.03258926E-01
 2  8-2.58847857E-02 1.18630666E-02 8.17854849E-04 0.00000000E+00 7.91111156E-04
 2  9-2.57617867E-03 0.00000000E+00-2.09888299E-03 3.78312542E-04-4.03607555E-04
 2 10 2.52950134E-05 0.00000000E+00 2.84601547E-04 0.00000000E+00
 3  1-7.76584558E-05-6.83885158E-04-1.54171873E-03 1.07340904E-02 0.00000000E+00
 3  2 0.00000000E+00-5.14790119E-05 0.00000000E+00 0.00000000E+00 1.50269799E-03
 3  3 0.00000000E+00 0.00000000E+00 5.12155118E-03 4.85587192E-04-8.74411267E-04
 3  4 3.88824075E-04 0.00000000E+00 0.00000000E+00 0.00000000E+00 7.03273305E-01
 3  5 2.58464839E-02-1.36052519E-02 5.49469700E-04 0.00000000E+00-7.37735415E-04
 3  6-2.44684260E-03 0.00000000E+00 2.49794409E-03 7.71092780E-05 7.66984579E-05
 3  7-1.53807736E-04 0.00000000E+00 4.55901040E-04 0.00000000E+00 7.03273305E-01
 3  8 2.58464839E-02-1.36052519E-02-5.49469700E-04 0.00000000E+00-7.37735415E-04
 3  9 2.44684260E-03 0.00000000E+00 2.49794409E-03 7.71092780E-05 7.66984579E-05
 3 10-1.53807736E-04 0.00000000E+00-4.55901040E-04 0.00000000E+00
 4  1-2.74037624E-01 1.03961381E+00 4.15253086E-02-1.21247243E-02 0.00000000E+00
 4  2 0.00000000E+00 8.28181913E-03 0.00000000E+00 0.00000000E+00 1.63031936E-03
 4  3 0.00000000E+00 0.00000000E+00-8.49893044E-04 3.76982169E-04-4.73175729E-04
 4  4 9.61935605E-05 0.00000000E+00 0.00000000E+00 0.00000000E+00-4.95797138E-05
 4  5-2.42890982E-04 5.45863326E-04-2.86005310E-04 0.00000000E+00 2.71917747E-04
 4  6-6.71601137E-04 0.00000000E+00 8.66181468E-04-1.55713174E-04 3.22368415E-04
 4  7-1.66655241E-04 0.00000000E+00 5.35513676E-04 0.00000000E+00-4.95797138E-05
 4  8-2.42890982E-04 5.45863326E-04 2.86005310E-04 0.00000000E+00 2.71917747E-04
 4  9 6.71601137E-04 0.00000000E+00 8.66181468E-04-1.55713174E-04 3.22368415E-04
 4 10-1.66655241E-04 0.00000000E+00-5.35513676E-04 0.00000000E+00
 5  1 0.00000000E+00 0.00000000E+00 0.00000000E+00 0.00000000E+00 0.00000000E+00
 5  2 9.96759473E-01 0.00000000E+00 0.00000000E+00 9.34026254E-03 0.00000000E+00
 5  3 0.00000000E+00-3.09917090E-04 0.00000000E+00 0.00000000E+00 0.00000000E+00
 5  4 0.00000000E+00 0.00000000E+00 0.00000000E+00 4.33121708E-04 0.00000000E+00
 5  5 0.00000000E+00 0.00000000E+00 0.00000000E+00 5.64282606E-05 0.00000000E+00
 5  6 0.00000000E+00-5.68102260E-05 0.00000000E+00 0.00000000E+00 0.00000000E+00
 5  7 0.00000000E+00 5.72550172E-05 0.00000000E+00-7.05018490E-05 0.00000000E+00
 5  8 0.00000000E+00 0.00000000E+00 0.00000000E+00 5.64282606E-05 0.00000000E+00
 5  9 0.00000000E+00-5.68102260E-05 0.00000000E+00 0.00000000E+00 0.00000000E+00
 5 10 0.00000000E+00-5.72550172E-05 0.00000000E+00-7.05018490E-05
 6  1 0.00000000E+00 0.00000000E+00 0.00000000E+00 0.00000000E+00 9.96630283E-01
 6  2 0.00000000E+00 0.00000000E+00 9.53642461E-03 0.00000000E+00 0.00000000E+00
 6  3-2.94459188E-04 0.00000000E+00 0.00000000E+00 0.00000000E+00 0.00000000E+00
 6  4 0.00000000E+00 0.00000000E+00 7.03917013E-04 0.00000000E+00 2.80170281E-04
 6  5-1.58194045E-04-1.41431996E-04-3.06117295E-04 0.00000000E+00 3.69992908E-04
 6  6-8.31916076E-05 0.00000000E+00 3.62735663E-05-5.56808734E-05 2.55592439E-04
 6  7-1.99911566E-04 0.00000000E+00 4.16853667E-04 0.00000000E+00-2.80170281E-04
 6  8 1.58194045E-04 1.41431996E-04-3.06117295E-04 0.00000000E+00-3.69992908E-04
 6  9-8.31916076E-05 0.00000000E+00-3.62735663E-05 5.56808734E-05-2.55592439E-04
 6 10 1.99911566E-04 0.00000000E+00 4.16853667E-04 0.00000000E+00
 7  1 2.32985140E-03-9.07446745E-03-3.29519675E-04-2.36270834E-04 0.00000000E+00
 7  2 0.00000000E+00 9.96678904E-01 0.00000000E+00 0.00000000E+00 9.20818138E-03
 7  3 0.00000000E+00 0.00000000E+00-3.45957445E-04-2.93008416E-04-3.03020949E-04
 7  4 5.96029365E-04 0.00000000E+00 0.00000000E+00 0.00000000E+00-2.88894742E-04
 7  5 1.30528584E-04 4.04083731E-04 4.14157656E-04 0.00000000E+00-3.68860876E-04
 7  6 1.05400982E-04 0.00000000E+00-2.45703917E-04 1.45400536E-04-2.79013043E-04
 7  7 1.33612507E-04 0.00000000E+00-5.10830675E-04 0.00000000E+00-2.88894742E-04
 7  8 1.30528584E-04 4.04083731E-04-4.14157656E-04 0.00000000E+00-3.68860876E-04
 7  9-1.05400982E-04 0.00000000E+00-2.45703917E-04 1.45400536E-04-2.79013043E-04
 7 10 1.33612507E-04 0.00000000E+00 5.10830675E-04 0.00000000E+00
 8  1 4.94162413E-02-1.40902861E-01 2.91544263E-01 1.34385214E-01 0.00000000E+00
 8  2 0.00000000E+00-7.97818796E-02 0.00000000E+00 0.00000000E+00 1.51154024E-01
 8  3 0.00000000E+00 0.00000000E+00 1.29684489E-03 1.45155043E-02-3.38193666E-02
 8  4 1.93038623E-02 0.00000000E+00 0.00000000E+00 0.00000000E+00-1.19998747E-01
 8  5 2.36984655E-01 2.63198823E-01 9.17041885E-02 0.00000000E+00-7.99351643E-02
 8  6 3.21049089E-02 0.00000000E+00-3.07052592E-02 2.46992951E-03-5.86966019E-03
 8  7 3.39973067E-03 0.00000000E+00-1.31380511E-02 0.00000000E+00-1.19998747E-01
 8  8 2.36984655E-01 2.63198823E-01-9.17041885E-02 0.00000000E+00-7.99351643E-02
 8  9-3.21049089E-02 0.00000000E+00-3.07052592E-02 2.46992951E-03-5.86966019E-03
 8 10 3.39973067E-03 0.00000000E+00 1.31380511E-02 0.00000000E+00
 9  1 0.00000000E+00 0.00000000E+00 0.00000000E+00 0.00000000E+00 1.14259142E-01
 9  2 0.00000000E+00 0.00000000E+00-2.27077616E-01 0.00000000E+00 0.00000000E+00
 9  3-3.32510858E-02 0.00000000E+00 0.00000000E+00 0.00000000E+00 0.00000000E+00
 9  4 0.00000000E+00 0.00000000E+00-8.54420541E-02 0.00000000E+00-1.49004209E-01
 9  5 3.00242643E-01 3.56064024E-01 5.51730697E-02 0.00000000E+00-8.80447597E-02
 9  6 2.16732720E-02 0.00000000E+00-3.19045428E-02-1.56701221E-03-2.24260421E-03
 9  7 3.80961642E-03 0.00000000E+00-8.50461305E-03 0.00000000E+00 1.49004209E-01
 9  8-3.00242643E-01-3.56064024E-01 5.51730697E-02 0.00000000E+00 8.80447597E-02
 9  9 2.16732720E-02 0.00000000E+00 3.19045428E-02 1.56701221E-03 2.24260421E-03
 9 10-3.80961642E-03 0.00000000E+00-8.50461305E-03 0.00000000E+00
10  1 6.90895047E-02-1.94579618E-01 4.37766083E-01 4.33521116E-01 0.00000000E+00
10  2 0.00000000E+00 7.95597333E-02 0.00000000E+00 0.00000000E+00-1.67217485E-01
10  3 0.00000000E+00 0.00000000E+00-9.67880548E-02 7.53103334E-05 2.15043856E-02
10  4-2.15796960E-02 0.00000000E+00 0.00000000E+00 0.00000000E+00 9.15083022E-02
10  5-1.86922677E-01-2.97119545E-01 4.74405932E-02 0.00000000E+00-1.07310773E-01
10  6 1.75711123E-02 0.00000000E+00-4.71786096E-02-1.06915077E-03-4.59284336E-03
10  7 5.66199413E-03 0.00000000E+00-7.18279120E-03 0.00000000E+00 9.15083022E-02
10  8-1.86922677E-01-2.97119545E-01-4.74405932E-02 0.00000000E+00-1.07310773E-01
10  9-1.75711123E-02 0.00000000E+00-4.71786096E-02-1.06915077E-03-4.59284336E-03
10 10 5.66199413E-03 0.00000000E+00 7.18279120E-03 0.00000000E+00
11  1 0.00000000E+00 0.00000000E+00 0.00000000E+00 0.00000000E+00 0.00000000E+00
11  2-2.08927004E-01 0.00000000E+00 0.00000000E+00 4.89354228E-01 0.00000000E+00
11  3 0.00000000E+00 2.63445074E-01 0.00000000E+00 0.00000000E+00 0.00000000E+00
11  4 0.00000000E+00 0.00000000E+00 0.00000000E+00 6.05617032E-02 0.00000000E+00
11  5 0.00000000E+00 0.00000000E+00 0.00000000E+00 2.92368136E-01 0.00000000E+00
11  6 0.00000000E+00 1.70354830E-01 0.00000000E+00 0.00000000E+00 0.00000000E+00
11  7 0.00000000E+00 1.59424176E-02 0.00000000E+00-1.52519402E-02 0.00000000E+00
11  8 0.00000000E+00 0.00000000E+00 0.00000000E+00 2.92368136E-01 0.00000000E+00
11  9 0.00000000E+00 1.70354830E-01 0.00000000E+00 0.00000000E+00 0.00000000E+00
11 10 0.00000000E+00-1.59424176E-02 0.00000000E+00-1.52519402E-02
12  1-2.57161846E-03 4.07309448E-02 2.89861428E-02-2.64447506E-01 0.00000000E+00
12  2 0.00000000E+00-1.84723884E-01 0.00000000E+00 0.00000000E+00 4.34527339E-01
12  3 0.00000000E+00 0.00000000E+00 1.36819338E-01-4.37887404E-02-1.76033383E-02
12  4 6.13920787E-02 0.00000000E+00 0.00000000E+00 0.00000000E+00 5.27326287E-02
12  5-1.05069920E-01-1.91642227E-01 3.32437132E-01 0.00000000E+00-4.40481806E-02
12  6 1.99916697E-01 0.00000000E+00-2.99628758E-02 1.53780922E-02-6.22061506E-03
12  7-9.15747714E-03 0.00000000E+00-9.74966614E-03 0.00000000E+00 5.27326287E-02
12  8-1.05069920E-01-1.91642227E-01-3.32437132E-01 0.00000000E+00-4.40481806E-02
12  9-1.99916697E-01 0.00000000E+00-2.99628758E-02 1.53780922E-02-6.22061506E-03
12 10-9.15747714E-03 0.00000000E+00 9.74966614E-03 0.00000000E+00
13  1 0.00000000E+00 0.00000000E+00 0.00000000E+00 0.00000000E+00-1.79296034E-01
13  2 0.00000000E+00 0.00000000E+00 4.27420339E-01 0.00000000E+00 0.00000000E+00
13  3 1.31667356E-01 0.00000000E+00 0.00000000E+00 0.00000000E+00 0.00000000E+00
13  4 0.00000000E+00 0.00000000E+00 4.66371072E-02 0.00000000E+00-6.63344571E-02
13  5 1.31550902E-01 2.62584586E-01-1.59296940E-01 0.00000000E+00 3.17541736E-01
13  6-9.51939918E-02 0.00000000E+00 1.75169602E-01 3.41748295E-03 8.08326892E-03
13  7-1.15007519E-02 0.00000000E+00 9.01907968E-03 0.00000000E+00 6.63344571E-02
13  8-1.31550902E-01-2.62584586E-01-1.59296940E-01 0.00000000E+00-3.17541736E-01
13  9-9.51939918E-02 0.00000000E+00-1.75169602E-01-3.41748295E-03-8.08326892E-03
13 10 1.15007519E-02 0.00000000E+00 9.01907968E-03 0.00000000E+00
14  1 1.27951899E-02-6.18697371E-02 5.01306102E-02 3.30089095E-01 0.00000000E+00
14  2 0.00000000E+00 9.59952533E-02 0.00000000E+00 0.00000000E+00-2.27498785E-01
14  3 0.00000000E+00 0.00000000E+00-9.75653012E-02-1.22834698E-01 3.64930926E-02
14  4 8.63416050E-02 0.00000000E+00 0.00000000E+00 0.00000000E+00-1.96508082E-03
14  5 1.93105477E-04-6.13083364E-03 1.38326461E-01 0.00000000E+00 4.06935890E-01
14  6 1.04565255E-01 0.00000000E+00 2.98965912E-01 1.24748732E-02 4.18985612E-03
14  7-1.66647293E-02 0.00000000E+00 8.55738229E-03 0.00000000E+00-1.96508082E-03
14  8 1.93105477E-04-6.13083364E-03-1.38326461E-01 0.00000000E+00 4.06935890E-01
14  9-1.04565255E-01 0.00000000E+00 2.98965912E-01 1.24748732E-02 4.18985612E-03
14 10-1.66647293E-02 0.00000000E+00-8.55738229E-03 0.00000000E+00
15  1 0.00000000E+00 0.00000000E+00 0.00000000E+00 0.00000000E+00 0.00000000E+00
15  2 0.00000000E+00 0.00000000E+00 0.00000000E+00 0.00000000E+00 0.00000000E+00
15  3 0.00000000E+00 0.00000000E+00 0.00000000E+00 0.00000000E+00 0.00000000E+00
15  4 0.00000000E+00-1.12911346E-01 0.00000000E+00 0.00000000E+00 0.00000000E+00
15  5 0.00000000E+00 0.00000000E+00 0.00000000E+00 4.72977237E-01 0.00000000E+00
15  6 0.00000000E+00 3.41295197E-01 0.00000000E+00 0.00000000E+00 0.00000000E+00
15  7 0.00000000E+00 1.26762662E-02 0.00000000E+00-1.74440179E-02 0.00000000E+00
15  8 0.00000000E+00 0.00000000E+00 0.00000000E+00-4.72977237E-01 0.00000000E+00
15  9 0.00000000E+00-3.41295197E-01 0.00000000E+00 0.00000000E+00 0.00000000E+00
15 10 0.00000000E+00 1.26762662E-02 0.00000000E+00 1.74440179E-02
16  1 0.00000000E+00 0.00000000E+00 0.00000000E+00 0.00000000E+00-1.38049822E-02
16  2 0.00000000E+00 0.00000000E+00 2.51966400E-02 0.00000000E+00 0.00000000E+00
16  3 1.89516167E-01 0.00000000E+00 0.00000000E+00 0.00000000E+00 0.00000000E+00
16  4 0.00000000E+00 0.00000000E+00-1.00930302E-01 0.00000000E+00-1.17783605E-02
16  5 2.60076909E-02 8.91851945E-02 4.64135056E-01 0.00000000E+00 1.63182151E-01
16  6 3.26860183E-01 0.00000000E+00 1.13745375E-01 1.55155193E-02-6.76670891E-04
16  7-1.48388484E-02 0.00000000E+00-9.78862457E-03 0.00000000E+00 1.17783605E-02
16  8-2.60076909E-02-8.91851945E-02 4.64135056E-01 0.00000000E+00-1.63182151E-01
16  9 3.26860183E-01 0.00000000E+00-1.13745375E-01-1.55155193E-02 6.76670891E-04
16 10 1.48388484E-02 0.00000000E+00-9.78862457E-03 0.00000000E+00
17  1 0.00000000E+00 0.00000000E+00 0.00000000E+00 0.00000000E+00 0.00000000E+00
17  2-2.03934247E-01 0.00000000E+00 0.00000000E+00 5.14094908E-01 0.00000000E+00
17  3 0.00000000E+00 4.76538759E-01 0.00000000E+00 0.00000000E+00 0.00000000E+00
17  4 0.00000000E+00 0.00000000E+00 0.00000000E+00-1.03564818E-01 0.00000000E+00
17  5 0.00000000E+00 0.00000000E+00 0.00000000E+00-3.67917274E-01 0.00000000E+00
17  6 0.00000000E+00-3.28431546E-01 0.00000000E+00 0.00000000E+00 0.00000000E+00
17  7 0.00000000E+00-5.25939858E-03 0.00000000E+00 1.51383630E-03 0.00000000E+00
17  8 0.00000000E+00 0.00000000E+00 0.00000000E+00-3.67917274E-01 0.00000000E+00
17  9 0.00000000E+00-3.28431546E-01 0.00000000E+00 0.00000000E+00 0.00000000E+00
17 10 0.00000000E+00 5.25939858E-03 0.00000000E+00 1.51383630E-03
18  1 0.00000000E+00 0.00000000E+00 0.00000000E+00 0.00000000E+00-1.77969748E-01
18  2 0.00000000E+00 0.00000000E+00 4.49481225E-01 0.00000000E+00 0.00000000E+00
18  3 8.43351625E-01 0.00000000E+00 0.00000000E+00 0.00000000E+00 0.00000000E+00
18  4 0.00000000E+00 0.00000000E+00-2.21209462E-01 0.00000000E+00-3.39746189E-02
18  5 5.51735983E-02 3.42816860E-01-1.69421140E-02 0.00000000E+00-3.25491256E-01
18  6-2.46152588E-02 0.00000000E+00-3.15769658E-01-1.02755117E-03 2.86676092E-03
18  7-1.83920975E-03 0.00000000E+00 1.32194945E-03 0.00000000E+00 3.39746189E-02
18  8-5.51735983E-02-3.42816860E-01-1.69421140E-02 0.00000000E+00 3.25491256E-01
18  9-2.46152588E-02 0.00000000E+00 3.15769658E-01 1.02755117E-03-2.86676092E-03
18 10 1.83920975E-03 0.00000000E+00 1.32194945E-03 0.00000000E+00
19  1 2.74511506E-02-1.45035766E-01 1.06894388E-01 1.07750155E+00 0.00000000E+00
19  2 0.00000000E+00-1.18141679E-01 0.00000000E+00 0.00000000E+00 3.00527130E-01
19  3 0.00000000E+00 0.00000000E+00 1.16402655E+00-7.71956470E-02 2.47476246E-01
19  4-1.70280599E-01 0.00000000E+00 0.00000000E+00 0.00000000E+00 5.93849295E-02
19  5-7.57207103E-02-7.01666369E-01-2.14572154E-01 0.00000000E+00 1.50472152E-01
19  6-3.70849784E-01 0.00000000E+00 1.83891599E-01-5.09667697E-03 9.81795021E-03
19  7-4.72127324E-03 0.00000000E+00-2.92077356E-03 0.00000000E+00 5.93849295E-02
19  8-7.57207103E-02-7.01666369E-01 2.14572154E-01 0.00000000E+00 1.50472152E-01
19  9 3.70849784E-01 0.00000000E+00 1.83891599E-01-5.09667697E-03 9.81795021E-03
19 10-4.72127324E-03 0.00000000E+00 2.92077356E-03 0.00000000E+00
20  1 0.00000000E+00 0.00000000E+00 0.00000000E+00 0.00000000E+00 0.00000000E+00
20  2 2.85156428E-01 0.00000000E+00 0.00000000E+00-1.09839415E+00 0.00000000E+00
20  3 0.00000000E+00 1.22884153E+00 0.00000000E+00 0.00000000E+00 0.00000000E+00
20  4 0.00000000E+00 0.00000000E+00 0.00000000E+00-2.32161723E-01 0.00000000E+00
20  5 0.00000000E+00 0.00000000E+00 0.00000000E+00 1.37311789E-02 0.00000000E+00
20  6 0.00000000E+00-1.17704314E-01 0.00000000E+00 0.00000000E+00 0.00000000E+00
20  7 0.00000000E+00-2.82126331E-02 0.00000000E+00 1.92111388E-02 0.00000000E+00
20  8 0.00000000E+00 0.00000000E+00 0.00000000E+00 1.37311789E-02 0.00000000E+00
20  9 0.00000000E+00-1.17704314E-01 0.00000000E+00 0.00000000E+00 0.00000000E+00
20 10 0.00000000E+00 2.82126331E-02 0.00000000E+00 1.92111388E-02
21  1 2.31385444E-02 7.05883026E-02 3.45553017E-01-2.69469694E-01 0.00000000E+00
21  2 0.00000000E+00 2.93788223E-01 0.00000000E+00 0.00000000E+00-1.08997658E+00
21  3 0.00000000E+00 0.00000000E+00 1.17952539E+00 2.78949141E-01-2.62449137E-01
21  4-1.65000039E-02 0.00000000E+00 0.00000000E+00 0.00000000E+00-3.80441932E-03
21  5 8.00983405E-02-2.96505348E-01 1.66961120E-01 0.00000000E+00-9.82500860E-02
21  6-3.69751336E-02 0.00000000E+00-4.59870439E-02-3.18550648E-02 8.45596592E-03
21  7 2.33990989E-02 0.00000000E+00 1.99256992E-02 0.00000000E+00-3.80441932E-03
21  8 8.00983405E-02-2.96505348E-01-1.66961120E-01 0.00000000E+00-9.82500860E-02
21  9 3.69751336E-02 0.00000000E+00-4.59870439E-02-3.18550648E-02 8.45596592E-03
21 10 2.33990989E-02 0.00000000E+00-1.99256992E-02 0.00000000E+00
22  1 0.00000000E+00 0.00000000E+00 0.00000000E+00 0.00000000E+00 2.90372938E-01
22  2 0.00000000E+00 0.00000000E+00-1.07986611E+00 0.00000000E+00 0.00000000E+00
22  3 1.42186152E+00 0.00000000E+00 0.00000000E+00 0.00000000E+00 0.00000000E+00
22  4 0.00000000E+00 0.00000000E+00 2.23860839E-01 0.00000000E+00-9.68939676E-03
22  5-4.66356646E-02 4.47308030E-01-2.10225504E-01 0.00000000E+00 1.13524912E-01
22  6 1.52319146E-02 0.00000000E+00-1.34094429E-01-7.15005200E-03-2.23719473E-02
22  7 2.95219993E-02 0.00000000E+00-3.54613869E-02 0.00000000E+00 9.68939676E-03
22  8 4.66356646E-02-4.47308030E-01-2.10225504E-01 0.00000000E+00-1.13524912E-01
22  9 1.52319146E-02 0.00000000E+00 1.34094429E-01 7.15005200E-03 2.23719473E-02
22 10-2.95219993E-02 0.00000000E+00-3.54613869E-02 0.00000000E+00
23  1-1.14627338E-01-4.09865306E-01-1.75869735E+00 2.33781267E+00 0.00000000E+00
23  2 0.00000000E+00 5.93364351E-02 0.00000000E+00 0.00000000E+00-1.88563197E-01
23  3 0.00000000E+00 0.00000000E+00 6.26488099E-01 2.71576746E-02 8.66731631E-02
23  4-1.13830838E-01 0.00000000E+00 0.00000000E+00 0.00000000E+00 1.64703388E-02
23  5-5.17497331E-03-5.34719111E-01 1.84340635E-01 0.00000000E+00-1.49619489E-01
23  6-1.53202758E-01 0.00000000E+00 1.08770227E-01-3.09515207E-02 3.89751935E-02
23  7-8.02367279E-03 0.00000000E+00 4.93070232E-02 0.00000000E+00 1.64703388E-02
23  8-5.17497331E-03-5.34719111E-01-1.84340635E-01 0.00000000E+00-1.49619489E-01
23  9 1.53202758E-01 0.00000000E+00 1.08770227E-01-3.09515207E-02 3.89751935E-02
23 10-8.02367279E-03 0.00000000E+00-4.93070232E-02 0.00000000E+00
24  1 0.00000000E+00 0.00000000E+00 0.00000000E+00 0.00000000E+00 0.00000000E+00
24  2 0.00000000E+00 0.00000000E+00 0.00000000E+00 0.00000000E+00 0.00000000E+00
24  3 0.00000000E+00 0.00000000E+00 0.00000000E+00 0.00000000E+00 0.00000000E+00
24  4 0.00000000E+00 9.32193247E-01 0.00000000E+00 0.00000000E+00 0.00000000E+00
24  5 0.00000000E+00 0.00000000E+00 0.00000000E+00 2.87039204E-01 0.00000000E+00
24  6 0.00000000E+00-5.35638074E-02 0.00000000E+00 0.00000000E+00 0.00000000E+00
24  7 0.00000000E+00-1.54373436E-02 0.00000000E+00 4.87924258E-02 0.00000000E+00
24  8 0.00000000E+00 0.00000000E+00 0.00000000E+00-2.87039204E-01 0.00000000E+00
24  9 0.00000000E+00 5.35638074E-02 0.00000000E+00 0.00000000E+00 0.00000000E+00
24 10 0.00000000E+00-1.54373436E-02 0.00000000E+00-4.87924258E-02
25  1 0.00000000E+00 0.00000000E+00 0.00000000E+00 0.00000000E+00 0.00000000E+00
25  2 6.82284604E-02 0.00000000E+00 0.00000000E+00-2.85636664E-01 0.00000000E+00
25  3 0.00000000E+00 3.16521701E-01 0.00000000E+00 0.00000000E+00 0.00000000E+00
25  4 0.00000000E+00 0.00000000E+00 0.00000000E+00 8.69600638E-01 0.00000000E+00
25  5 0.00000000E+00 0.00000000E+00 0.00000000E+00-3.40329215E-01 0.00000000E+00
25  6 0.00000000E+00 7.43165679E-02 0.00000000E+00 0.00000000E+00 0.00000000E+00
25  7 0.00000000E+00 4.38865419E-02 0.00000000E+00-1.10082617E-02 0.00000000E+00
25  8 0.00000000E+00 0.00000000E+00 0.00000000E+00-3.40329215E-01 0.00000000E+00
25  9 0.00000000E+00 7.43165679E-02 0.00000000E+00 0.00000000E+00 0.00000000E+00
25 10 0.00000000E+00-4.38865419E-02 0.00000000E+00-1.10082617E-02
26  1 2.18267316E-03 1.27517628E-02 3.67605360E-02-2.11844113E-01 0.00000000E+00
26  2 0.00000000E+00-6.29431219E-02 0.00000000E+00 0.00000000E+00 2.33644771E-01
26  3 0.00000000E+00 0.00000000E+00-3.98969284E-01 7.75347269E-01-2.68177454E-02
26  4-7.48529524E-01 0.00000000E+00 0.00000000E+00 0.00000000E+00-4.48289318E-03
26  5-6.31153951E-03 1.47226932E-01 1.65499843E-01 0.00000000E+00 3.23537506E-01
26  6 6.29002104E-02 0.00000000E+00-8.08331055E-02-4.82233770E-02-9.79219281E-03
26  7 5.80155698E-02 0.00000000E+00-8.14409692E-03 0.00000000E+00-4.48289318E-03
26  8-6.31153951E-03 1.47226932E-01-1.65499843E-01 0.00000000E+00 3.23537506E-01
26  9-6.29002104E-02 0.00000000E+00-8.08331055E-02-4.82233770E-02-9.79219281E-03
26 10 5.80155698E-02 0.00000000E+00 8.14409692E-03 0.00000000E+00
27  1 2.49470764E-03-7.83131203E-02-5.90120761E-02 1.45662394E+00 0.00000000E+00
27  2 0.00000000E+00-1.26647434E-01 0.00000000E+00 0.00000000E+00 6.10772492E-01
27  3 0.00000000E+00 0.00000000E+00 3.74572503E-01 4.25581973E-01-7.84967681E-01
27  4 3.59385708E-01 0.00000000E+00 0.00000000E+00 0.00000000E+00 6.44016355E-02
27  5-1.99825368E-01-5.41666636E-01 1.08133766E-01 0.00000000E+00-1.55547942E-01
27  6-6.23008985E-01 0.00000000E+00 6.78739620E-01 1.03686430E-02-1.84790333E-02
27  7 8.11039026E-03 0.00000000E+00 4.16843918E-03 0.00000000E+00 6.44016355E-02
27  8-1.99825368E-01-5.41666636E-01-1.08133766E-01 0.00000000E+00-1.55547942E-01
27  9 6.23008985E-01 0.00000000E+00 6.78739620E-01 1.03686430E-02-1.84790333E-02
27 10 8.11039026E-03 0.00000000E+00-4.16843918E-03 0.00000000E+00
28  1 0.00000000E+00 0.00000000E+00 0.00000000E+00 0.00000000E+00-1.27871410E-01
28  2 0.00000000E+00 0.00000000E+00 6.74461923E-01 0.00000000E+00 0.00000000E+00
28  3 2.16480478E-01 0.00000000E+00 0.00000000E+00 0.00000000E+00 0.00000000E+00
28  4 0.00000000E+00 0.00000000E+00 6.58341207E-01 0.00000000E+00-6.51213931E-02
28  5 1.82952710E-01 4.22507135E-01-2.12531941E-01 0.00000000E+00 1.92213598E-01
28  6 8.10601816E-01 0.00000000E+00-7.23552810E-01-3.82378163E-03 5.40441071E-03
28  7-1.58062909E-03 0.00000000E+00 9.41001031E-03 0.00000000E+00 6.51213931E-02
28  8-1.82952710E-01-4.22507135E-01-2.12531941E-01 0.00000000E+00-1.92213598E-01
28  9 8.10601816E-01 0.00000000E+00 7.23552810E-01 3.82378163E-03-5.40441071E-03
28 10 1.58062909E-03 0.00000000E+00 9.41001031E-03 0.00000000E+00
29  1 3.37411371E-03 3.10225548E-02 7.42438939E-02-2.56015603E-01 0.00000000E+00
29  2 0.00000000E+00-6.14923054E-03 0.00000000E+00 0.00000000E+00 8.22683927E-03
29  3 0.00000000E+00 0.00000000E+00-4.69372226E-01 3.58661138E-01 8.67011213E-02
29  4-4.45362259E-01 0.00000000E+00 0.00000000E+00 0.00000000E+00-6.82989701E-04
29  5-3.31411509E-02 1.80288913E-01-4.17769460E-01 0.00000000E+00-3.87229128E-01
29  6 5.76624135E-01 0.00000000E+00 4.82871848E-01-3.02983836E-02-1.50179506E-02
29  7 4.53163342E-02 0.00000000E+00 1.09113870E-02 0.00000000E+00-6.82989701E-04
29  8-3.31411509E-02 1.80288913E-01 4.17769460E-01 0.00000000E+00-3.87229128E-01
29  9-5.76624135E-01 0.00000000E+00 4.82871848E-01-3.02983836E-02-1.50179506E-02
29 10 4.53163342E-02 0.00000000E+00-1.09113870E-02 0.00000000E+00
30  1 0.00000000E+00 0.00000000E+00 0.00000000E+00 0.00000000E+00 0.00000000E+00
30  2-2.47377058E-02 0.00000000E+00 0.00000000E+00 9.95822964E-02 0.00000000E+00
30  3 0.00000000E+00-6.65875881E-01 0.00000000E+00 0.00000000E+00 0.00000000E+00
30  4 0.00000000E+00 0.00000000E+00 0.00000000E+00-4.72601969E-01 0.00000000E+00
30  5 0.00000000E+00 0.00000000E+00 0.00000000E+00-5.59316320E-01 0.00000000E+00
30  6 0.00000000E+00 8.82587519E-01 0.00000000E+00 0.00000000E+00 0.00000000E+00
30  7 0.00000000E+00-3.07011450E-02 0.00000000E+00 4.07399542E-02 0.00000000E+00
30  8 0.00000000E+00 0.00000000E+00 0.00000000E+00-5.59316320E-01 0.00000000E+00
30  9 0.00000000E+00 8.82587519E-01 0.00000000E+00 0.00000000E+00 0.00000000E+00
30 10 0.00000000E+00 3.07011450E-02 0.00000000E+00 4.07399542E-02
31  1 0.00000000E+00 0.00000000E+00 0.00000000E+00 0.00000000E+00 0.00000000E+00
31  2 0.00000000E+00 0.00000000E+00 0.00000000E+00 0.00000000E+00 0.00000000E+00
31  3 0.00000000E+00 0.00000000E+00 0.00000000E+00 0.00000000E+00 0.00000000E+00
31  4 0.00000000E+00 3.89139532E-01 0.00000000E+00 0.00000000E+00 0.00000000E+00
31  5 0.00000000E+00 0.00000000E+00 0.00000000E+00-5.87823758E-01 0.00000000E+00
31  6 0.00000000E+00 8.31219496E-01 0.00000000E+00 0.00000000E+00 0.00000000E+00
31  7 0.00000000E+00-4.47077113E-02 0.00000000E+00 3.31113132E-02 0.00000000E+00
31  8 0.00000000E+00 0.00000000E+00 0.00000000E+00 5.87823758E-01 0.00000000E+00
31  9 0.00000000E+00-8.31219496E-01 0.00000000E+00 0.00000000E+00 0.00000000E+00
31 10 0.00000000E+00-4.47077113E-02 0.00000000E+00-3.31113132E-02
32  1 2.93133874E-02 2.53654388E-01 6.56751245E-01-5.25884427E-01 0.00000000E+00
32  2 0.00000000E+00 2.61790814E-02 0.00000000E+00 0.00000000E+00 1.02810901E-01
32  3 0.00000000E+00 0.00000000E+00-3.69571560E-01-2.49088670E-01 6.45236928E-01
32  4-3.96148257E-01 0.00000000E+00 0.00000000E+00 0.00000000E+00-2.23156675E-02
32  5 1.70545443E-01 1.51251058E-01 4.51338320E-01 0.00000000E+00-3.72872764E-01
32  6-3.39402763E-01 0.00000000E+00 4.25651260E-01-3.12832712E-02-3.17850390E-03
32  7 3.44617751E-02 0.00000000E+00-6.14173490E-02 0.00000000E+00-2.23156675E-02
32  8 1.70545443E-01 1.51251058E-01-4.51338320E-01 0.00000000E+00-3.72872764E-01
32  9 3.39402763E-01 0.00000000E+00 4.25651260E-01-3.12832712E-02-3.17850390E-03
32 10 3.44617751E-02 0.00000000E+00 6.14173490E-02 0.00000000E+00
33  1 0.00000000E+00 0.00000000E+00 0.00000000E+00 0.00000000E+00-2.60617655E-02
33  2 0.00000000E+00 0.00000000E+00 7.50669953E-02 0.00000000E+00 0.00000000E+00
33  3-6.49059264E-01 0.00000000E+00 0.00000000E+00 0.00000000E+00 0.00000000E+00
33  4 0.00000000E+00 0.00000000E+00 8.68101003E-02 0.00000000E+00-6.18123642E-03
33  5 8.81189979E-02-1.86291675E-01-3.55420089E-01 0.00000000E+00-5.22535619E-01
33  6 6.54702556E-01 0.00000000E+00 7.93995111E-01-5.33972973E-02 2.09252856E-02
33  7 3.24720117E-02 0.00000000E+00-1.95290624E-02 0.00000000E+00 6.18123642E-03
33  8-8.81189979E-02 1.86291675E-01-3.55420089E-01 0.00000000E+00 5.22535619E-01
33  9 6.54702556E-01 0.00000000E+00-7.93995111E-01 5.33972973E-02-2.09252856E-02
33 10-3.24720117E-02 0.00000000E+00-1.95290624E-02 0.00000000E+00
34  1 0.00000000E+00 0.00000000E+00 0.00000000E+00 0.00000000E+00-4.93634065E-02
34  2 0.00000000E+00 0.00000000E+00 5.18989743E-02 0.00000000E+00 0.00000000E+00
34  3 5.64348681E-01 0.00000000E+00 0.00000000E+00 0.00000000E+00 0.00000000E+00
34  4 0.00000000E+00 0.00000000E+00 9.90474322E-01 0.00000000E+00-3.03879492E-02
34  5 5.36773959E-02 4.13436348E-01 4.62123703E-01 0.00000000E+00-3.55856579E-01
34  6-3.43082850E-01 0.00000000E+00-5.51967082E-03 4.72117609E-02-2.41548244E-02
34  7-2.30569365E-02 0.00000000E+00 2.21362283E-02 0.00000000E+00 3.03879492E-02
34  8-5.36773959E-02-4.13436348E-01 4.62123703E-01 0.00000000E+00 3.55856579E-01
34  9-3.43082850E-01 0.00000000E+00 5.51967082E-03-4.72117609E-02 2.41548244E-02
34 10 2.30569365E-02 0.00000000E+00 2.21362283E-02 0.00000000E+00
35  1 0.00000000E+00 0.00000000E+00 0.00000000E+00 0.00000000E+00-2.91971492E-02
35  2 0.00000000E+00 0.00000000E+00 2.68528989E-01 0.00000000E+00 0.00000000E+00
35  3 6.70692533E-01 0.00000000E+00 0.00000000E+00 0.00000000E+00 0.00000000E+00
35  4 0.00000000E+00 0.00000000E+00 2.41641925E-01 0.00000000E+00 8.13710857E-03
35  5-1.15803175E+00 1.65977174E+00-5.05996986E-02 0.00000000E+00 1.28743121E-02
35  6 4.14928641E-01 0.00000000E+00-3.50749385E-01-1.78792297E-01 1.96152072E-01
35  7-1.73597744E-02 0.00000000E+00 1.19468462E-01 0.00000000E+00-8.13710857E-03
35  8 1.15803175E+00-1.65977174E+00-5.05996986E-02 0.00000000E+00-1.28743121E-02
35  9 4.14928641E-01 0.00000000E+00 3.50749385E-01 1.78792297E-01-1.96152072E-01
35 10 1.73597744E-02 0.00000000E+00 1.19468462E-01 0.00000000E+00
36  1-2.64146019E-02-2.73580708E-01-6.13538977E-01 2.41865329E+00 0.00000000E+00
36  2 0.00000000E+00-5.10057711E-02 0.00000000E+00 0.00000000E+00 3.28092590E-01
36  3 0.00000000E+00 0.00000000E+00 1.12675080E+00 1.51068860E-01-4.02530822E-01
36  4 2.51461962E-01 0.00000000E+00 0.00000000E+00 0.00000000E+00 4.31876733E-03
36  5 1.18950531E+00-2.19691710E+00-7.80165836E-02 0.00000000E+00 1.57197304E-02
36  6-4.13866606E-01 0.00000000E+00 4.13298167E-01-6.73000714E-02 2.77489576E-02
36  7 3.95511138E-02 0.00000000E+00-2.04339010E-01 0.00000000E+00 4.31876733E-03
36  8 1.18950531E+00-2.19691710E+00 7.80165836E-02 0.00000000E+00 1.57197304E-02
36  9 4.13866606E-01 0.00000000E+00 4.13298167E-01-6.73000714E-02 2.77489576E-02
36 10 3.95511138E-02 0.00000000E+00 2.04339010E-01 0.00000000E+00
37  1 0.00000000E+00 0.00000000E+00 0.00000000E+00 0.00000000E+00 0.00000000E+00
37  2-5.88944604E-03 0.00000000E+00 0.00000000E+00 1.78545891E-02 0.00000000E+00
37  3 0.00000000E+00 4.30401233E-02 0.00000000E+00 0.00000000E+00 0.00000000E+00
37  4 0.00000000E+00 0.00000000E+00 0.00000000E+00-2.86855656E-02 0.00000000E+00
37  5 0.00000000E+00 0.00000000E+00 0.00000000E+00 3.15516097E-02 0.00000000E+00
37  6 0.00000000E+00-5.20043267E-02 0.00000000E+00 0.00000000E+00 0.00000000E+00
37  7 0.00000000E+00 4.41072652E-01 0.00000000E+00 5.52183009E-01 0.00000000E+00
37  8 0.00000000E+00 0.00000000E+00 0.00000000E+00 3.15516097E-02 0.00000000E+00
37  9 0.00000000E+00-5.20043267E-02 0.00000000E+00 0.00000000E+00 0.00000000E+00
37 10 0.00000000E+00-4.41072652E-01 0.00000000E+00 5.52183009E-01
38  1 0.00000000E+00 0.00000000E+00 0.00000000E+00 0.00000000E+00-1.92014419E-02
38  2 0.00000000E+00 0.00000000E+00 5.58355026E-02 0.00000000E+00 0.00000000E+00
38  3 7.70806101E-02 0.00000000E+00 0.00000000E+00 0.00000000E+00 0.00000000E+00
38  4 0.00000000E+00 0.00000000E+00-4.56929602E-02 0.00000000E+00-3.91492832E-04
38  5-4.32974465E-02 7.16055312E-02 1.81811448E-02 0.00000000E+00 1.37366060E-02
38  6-2.13289495E-02 0.00000000E+00-2.87701910E-02-1.27822827E-01-4.67073488E-01
38  7 5.94896315E-01 0.00000000E+00 3.33728894E-01 0.00000000E+00 3.91492832E-04
38  8 4.32974465E-02-7.16055312E-02 1.81811448E-02 0.00000000E+00-1.37366060E-02
38  9-2.13289495E-02 0.00000000E+00 2.87701910E-02 1.27822827E-01 4.67073488E-01
38 10-5.94896315E-01 0.00000000E+00 3.33728894E-01 0.00000000E+00
39  1 8.42721484E-03 6.08669387E-02 1.66318995E-01-5.58663358E-01 0.00000000E+00
39  2 0.00000000E+00-7.14641351E-03 0.00000000E+00 0.00000000E+00-4.84585666E-03
39  3 0.00000000E+00 0.00000000E+00-2.92111758E-01-2.01178442E-02-4.10854292E-02
39  4 6.12032734E-02 0.00000000E+00 0.00000000E+00 0.00000000E+00 1.24121363E-04
39  5-2.72047097E-01 4.82178802E-01-3.50287838E-02 0.00000000E+00 6.62221462E-03
39  6 1.34975961E-01 0.00000000E+00-7.66443327E-02-4.18956181E-01 6.33068559E-01
39  7-2.14112378E-01 0.00000000E+00-2.67705224E-01 0.00000000E+00 1.24121363E-04
39  8-2.72047097E-01 4.82178802E-01 3.50287838E-02 0.00000000E+00 6.62221462E-03
39  9-1.34975961E-01 0.00000000E+00-7.66443327E-02-4.18956181E-01 6.33068559E-01
39 10-2.14112378E-01 0.00000000E+00 2.67705224E-01 0.00000000E+00
40  1 0.00000000E+00 0.00000000E+00 0.00000000E+00 0.00000000E+00 0.00000000E+00
40  2 0.00000000E+00 0.00000000E+00 0.00000000E+00 0.00000000E+00 0.00000000E+00
40  3 0.00000000E+00 0.00000000E+00 0.00000000E+00 0.00000000E+00 0.00000000E+00
40  4 0.00000000E+00-6.12935966E-03 0.00000000E+00 0.00000000E+00 0.00000000E+00
40  5 0.00000000E+00 0.00000000E+00 0.00000000E+00-3.56477104E-02 0.00000000E+00
40  6 0.00000000E+00 5.58274195E-02 0.00000000E+00 0.00000000E+00 0.00000000E+00
40  7 0.00000000E+00 5.82918088E-01 0.00000000E+00 4.02613218E-01 0.00000000E+00
40  8 0.00000000E+00 0.00000000E+00 0.00000000E+00 3.56477104E-02 0.00000000E+00
40  9 0.00000000E+00-5.58274195E-02 0.00000000E+00 0.00000000E+00 0.00000000E+00
40 10 0.00000000E+00 5.82918088E-01 0.00000000E+00-4.02613218E-01
41  1 0.00000000E+00 0.00000000E+00 0.00000000E+00 0.00000000E+00 0.00000000E+00
41  2 0.00000000E+00 0.00000000E+00 0.00000000E+00 0.00000000E+00 0.00000000E+00
41  3 0.00000000E+00 0.00000000E+00 0.00000000E+00 0.00000000E+00 0.00000000E+00
41  4 0.00000000E+00-3.73797939E-01 0.00000000E+00 0.00000000E+00 0.00000000E+00
41  5 0.00000000E+00 0.00000000E+00 0.00000000E+00 5.51820243E-02 0.00000000E+00
41  6 0.00000000E+00-1.36775182E-01 0.00000000E+00 0.00000000E+00 0.00000000E+00
41  7 0.00000000E+00-4.16379936E-01 0.00000000E+00 5.98070290E-01 0.00000000E+00
41  8 0.00000000E+00 0.00000000E+00 0.00000000E+00-5.51820243E-02 0.00000000E+00
41  9 0.00000000E+00 1.36775182E-01 0.00000000E+00 0.00000000E+00 0.00000000E+00
41 10 0.00000000E+00-4.16379936E-01 0.00000000E+00-5.98070290E-01
42  1 0.00000000E+00 0.00000000E+00 0.00000000E+00 0.00000000E+00 0.00000000E+00
42  2 5.77800219E-02 0.00000000E+00 0.00000000E+00-1.84045796E-01 0.00000000E+00
42  3 0.00000000E+00-1.62257564E-01 0.00000000E+00 0.00000000E+00 0.00000000E+00
42  4 0.00000000E+00 0.00000000E+00 0.00000000E+00-3.89326590E-01 0.00000000E+00
42  5 0.00000000E+00 0.00000000E+00 0.00000000E+00-4.41452998E-02 0.00000000E+00
42  6 0.00000000E+00 1.67219600E-01 0.00000000E+00 0.00000000E+00 0.00000000E+00
42  7 0.00000000E+00 5.76177925E-01 0.00000000E+00-4.64278940E-01 0.00000000E+00
42  8 0.00000000E+00 0.00000000E+00 0.00000000E+00-4.41452998E-02 0.00000000E+00
42  9 0.00000000E+00 1.67219600E-01 0.00000000E+00 0.00000000E+00 0.00000000E+00
42 10 0.00000000E+00-5.76177925E-01 0.00000000E+00-4.64278940E-01
43  1 0.00000000E+00 0.00000000E+00 0.00000000E+00 0.00000000E+00 3.42884383E-02
43  2 0.00000000E+00 0.00000000E+00-5.87258048E-02 0.00000000E+00 0.00000000E+00
43  3-9.28829445E-02 0.00000000E+00 0.00000000E+00 0.00000000E+00 0.00000000E+00
43  4 0.00000000E+00 0.00000000E+00-7.70240388E-02 0.00000000E+00 3.45577876E-03
43  5-2.63822153E-01 2.82004791E-01-1.55797138E-01 0.00000000E+00-2.79775268E-02
43  6 3.25089015E-01 0.00000000E+00 9.50922566E-02 6.61416981E-01-3.10710540E-01
43  7-3.50706441E-01 0.00000000E+00 2.70617732E-01 0.00000000E+00-3.45577876E-03
43  8 2.63822153E-01-2.82004791E-01-1.55797138E-01 0.00000000E+00 2.79775268E-02
43  9 3.25089015E-01 0.00000000E+00-9.50922566E-02-6.61416981E-01 3.10710540E-01
43 10 3.50706441E-01 0.00000000E+00 2.70617732E-01 0.00000000E+00
44  1-4.13439472E-03-1.83410225E-02-7.41225860E-02-7.20697141E-02 0.00000000E+00
44  2 0.00000000E+00-3.16747935E-02 0.00000000E+00 0.00000000E+00 5.61216505E-02
44  3 0.00000000E+00 0.00000000E+00 9.28640488E-02-4.54302132E-01 1.41666122E-02
44  4 4.40135520E-01 0.00000000E+00 0.00000000E+00 0.00000000E+00 2.33565368E-03
44  5-1.17821902E-01 1.18161028E-01-3.06577903E-02 0.00000000E+00 4.68128518E-02
44  6-1.96987434E-02 0.00000000E+00-1.67663591E-01-5.72610505E-01-1.28227458E-01
44  7 7.00837963E-01 0.00000000E+00 3.03409306E-02 0.00000000E+00 2.33565368E-03
44  8-1.17821902E-01 1.18161028E-01 3.06577903E-02 0.00000000E+00 4.68128518E-02
44  9 1.96987434E-02 0.00000000E+00-1.67663591E-01-5.72610505E-01-1.28227458E-01
44 10 7.00837963E-01 0.00000000E+00-3.03409306E-02 0.00000000E+00
45  1-3.97224050E-02 8.65600308E-03-4.82133482E-01-1.12699855E+00 0.00000000E+00
45  2 0.00000000E+00 1.64066734E-01 0.00000000E+00 0.00000000E+00-8.81287097E-01
45  3 0.00000000E+00 0.00000000E+00-3.63963084E-01-1.81654502E-01 4.15888057E-01
45  4-2.34233555E-01 0.00000000E+00 0.00000000E+00 0.00000000E+00-2.66610455E-02
45  5-5.58112234E-01 1.21996459E+00 8.10738534E-03 0.00000000E+00-8.30453092E-04
45  6 4.85876964E-01 0.00000000E+00-4.77563005E-01 2.18142941E-01-3.51748373E-01
45  7 1.33605431E-01 0.00000000E+00-7.21093660E-01 0.00000000E+00-2.66610455E-02
45  8-5.58112234E-01 1.21996459E+00-8.10738534E-03 0.00000000E+00-8.30453092E-04
45  9-4.85876964E-01 0.00000000E+00-4.77563005E-01 2.18142941E-01-3.51748373E-01
45 10 1.33605431E-01 0.00000000E+00 7.21093660E-01 0.00000000E+00
46  1 0.00000000E+00 0.00000000E+00 0.00000000E+00 0.00000000E+00-1.81987523E-01
46  2 0.00000000E+00 0.00000000E+00 9.84090143E-01 0.00000000E+00 0.00000000E+00
46  3 3.79051136E-01 0.00000000E+00 0.00000000E+00 0.00000000E+00 0.00000000E+00
46  4 0.00000000E+00 0.00000000E+00 8.03149321E-01 0.00000000E+00-3.50406358E-02
46  5-6.40715527E-01 1.35561797E+00 1.68497837E-02 0.00000000E+00-4.17051492E-02
46  6 5.89141095E-01 0.00000000E+00-5.44133001E-01 2.28532970E-01-4.64749542E-01
46  7 2.36216573E-01 0.00000000E+00-6.91540684E-01 0.00000000E+00 3.50406358E-02
46  8 6.40715527E-01-1.35561797E+00 1.68497837E-02 0.00000000E+00 4.17051492E-02
46  9 5.89141095E-01 0.00000000E+00 5.44133001E-01-2.28532970E-01 4.64749542E-01
46 10-2.36216573E-01 0.00000000E+00-6.91540684E-01 0.00000000E+00
 $END   
 POPULATION ANALYSIS
S           15.19842   0.80158  15.20052   0.79948
O            8.40079  -0.40079   8.39974  -0.39974
O            8.40079  -0.40079   8.39974  -0.39974
 MOMENTS AT POINT    1 X,Y,Z=  0.000000  0.000000  0.000000
 DIPOLE       0.000000  0.000000 -3.104822
