 $DATA  
Title                                                                           
CNV      2

S          16.0      0.0000000000      0.0000000000     -0.4251179413
   PC1     0
        
O           8.0      1.4722431864      0.0000000000      0.4248820587
   PC1     0
        
 $END      
 $ZMAT   IZMAT(1)=
         1,   3,   1,
         1,   2,   1,
         2,   2,   1,   3,
 $END
--- CLOSED SHELL ORBITALS --- GENERATED AT Thu Feb 26 00:19:23 2015
Title                                                                           
E(R-PBE)=     -548.2099088800, E(NUC)=   91.1898211485,   21 ITERS
 $VEC   
 1  1 1.00297843E+00-1.02793818E-02 1.78035169E-03-9.16919496E-04 0.00000000E+00
 1  2 0.00000000E+00 5.91083621E-05 0.00000000E+00 0.00000000E+00 2.61496725E-05
 1  3 0.00000000E+00 0.00000000E+00-5.35289987E-05 2.16885251E-05-1.22739792E-05
 1  4-9.41454596E-06 0.00000000E+00 0.00000000E+00 0.00000000E+00 2.67780954E-06
 1  5 7.46210560E-06 6.17927577E-05-1.33523468E-06 0.00000000E+00-4.40331055E-06
 1  6-3.19375857E-05 0.00000000E+00 3.97501182E-05-5.13556039E-05 4.37256116E-05
 1  7 7.62999227E-06 0.00000000E+00 6.75692396E-05 0.00000000E+00 2.67780954E-06
 1  8 7.46210560E-06 6.17927577E-05 1.33523468E-06 0.00000000E+00-4.40331055E-06
 1  9 3.19375857E-05 0.00000000E+00 3.97501182E-05-5.13556039E-05 4.37256116E-05
 1 10 7.62999227E-06 0.00000000E+00-6.75692396E-05 0.00000000E+00
 2  1-6.77363416E-05-1.06880295E-03-1.95705870E-03 8.58635946E-03 0.00000000E+00
 2  2 0.00000000E+00-9.99682462E-05 0.00000000E+00 0.00000000E+00 7.48262930E-04
 2  3 0.00000000E+00 0.00000000E+00 3.52032069E-03 1.18774328E-03-1.13536947E-03
 2  4-5.23738104E-05 0.00000000E+00 0.00000000E+00 0.00000000E+00 7.03276426E-01
 2  5 2.55153597E-02-1.17253144E-02 8.80400860E-04 0.00000000E+00-3.37102773E-04
 2  6-3.25709574E-03 0.00000000E+00 1.03506782E-03-3.82374255E-04 2.59655895E-04
 2  7 1.22718360E-04 0.00000000E+00 3.00758981E-04 0.00000000E+00 7.03276426E-01
 2  8 2.55153597E-02-1.17253144E-02-8.80400860E-04 0.00000000E+00-3.37102773E-04
 2  9 3.25709574E-03 0.00000000E+00 1.03506782E-03-3.82374255E-04 2.59655895E-04
 2 10 1.22718360E-04 0.00000000E+00-3.00758981E-04 0.00000000E+00
 3  1 0.00000000E+00 0.00000000E+00 0.00000000E+00 0.00000000E+00 1.13011887E-04
 3  2 0.00000000E+00 0.00000000E+00-1.05663585E-03 0.00000000E+00 0.00000000E+00
 3  3-4.85708695E-03 0.00000000E+00 0.00000000E+00 0.00000000E+00 0.00000000E+00
 3  4 0.00000000E+00 0.00000000E+00-1.22372554E-03 0.00000000E+00 7.03251710E-01
 3  5 2.52206825E-02-1.10774544E-02 7.07181067E-04 0.00000000E+00-5.37358934E-04
 3  6-1.97073101E-03 0.00000000E+00 1.82789306E-03-1.70163550E-04 2.00193276E-04
 3  7-3.00297258E-05 0.00000000E+00 3.12733589E-04 0.00000000E+00-7.03251710E-01
 3  8-2.52206825E-02 1.10774544E-02 7.07181067E-04 0.00000000E+00 5.37358934E-04
 3  9-1.97073101E-03 0.00000000E+00-1.82789306E-03 1.70163550E-04-2.00193276E-04
 3 10 3.00297258E-05 0.00000000E+00 3.12733589E-04 0.00000000E+00
 4  1-2.74111673E-01 1.03949759E+00 4.04955191E-02-1.21151393E-02 0.00000000E+00
 4  2 0.00000000E+00 9.27991868E-03 0.00000000E+00 0.00000000E+00 8.36290976E-04
 4  3 0.00000000E+00 0.00000000E+00-6.20569906E-04 4.99070650E-04-2.63438330E-04
 4  4-2.35632320E-04 0.00000000E+00 0.00000000E+00 0.00000000E+00 3.35882226E-05
 4  5 8.72468295E-06 5.61892329E-04-1.73036644E-04 0.00000000E+00 5.29212033E-05
 4  6-4.41445317E-04 0.00000000E+00 4.80312657E-04-4.90973167E-04 4.19405288E-04
 4  7 7.15678783E-05 0.00000000E+00 6.47469466E-04 0.00000000E+00 3.35882226E-05
 4  8 8.72468295E-06 5.61892329E-04 1.73036644E-04 0.00000000E+00 5.29212033E-05
 4  9 4.41445317E-04 0.00000000E+00 4.80312657E-04-4.90973167E-04 4.19405288E-04
 4 10 7.15678783E-05 0.00000000E+00-6.47469466E-04 0.00000000E+00
 5  1 0.00000000E+00 0.00000000E+00 0.00000000E+00 0.00000000E+00 9.96843365E-01
 5  2 0.00000000E+00 0.00000000E+00 9.00089996E-03 0.00000000E+00 0.00000000E+00
 5  3-1.79340366E-04 0.00000000E+00 0.00000000E+00 0.00000000E+00 0.00000000E+00
 5  4 0.00000000E+00 0.00000000E+00 5.65418409E-04 0.00000000E+00 9.37488093E-05
 5  5 5.06846314E-05-9.24321332E-05-7.64044176E-05 0.00000000E+00 3.91242441E-05
 5  6-7.04095259E-05 0.00000000E+00 7.36587384E-05-1.53134746E-04 1.43477821E-04
 5  7 9.65692479E-06 0.00000000E+00 2.26659152E-04 0.00000000E+00-9.37488093E-05
 5  8-5.06846314E-05 9.24321332E-05-7.64044176E-05 0.00000000E+00-3.91242441E-05
 5  9-7.04095259E-05 0.00000000E+00-7.36587384E-05 1.53134746E-04-1.43477821E-04
 5 10-9.65692479E-06 0.00000000E+00 2.26659152E-04 0.00000000E+00
 6  1 0.00000000E+00 0.00000000E+00 0.00000000E+00 0.00000000E+00 0.00000000E+00
 6  2 9.96917645E-01 0.00000000E+00 0.00000000E+00 8.85679843E-03 0.00000000E+00
 6  3 0.00000000E+00-1.64370631E-04 0.00000000E+00 0.00000000E+00 0.00000000E+00
 6  4 0.00000000E+00 0.00000000E+00 0.00000000E+00 4.61293943E-04 0.00000000E+00
 6  5 0.00000000E+00 0.00000000E+00 0.00000000E+00 8.18248575E-06 0.00000000E+00
 6  6 0.00000000E+00-5.41567302E-05 0.00000000E+00 0.00000000E+00 0.00000000E+00
 6  7 0.00000000E+00-3.49986001E-06 0.00000000E+00-3.85307148E-06 0.00000000E+00
 6  8 0.00000000E+00 0.00000000E+00 0.00000000E+00 8.18248575E-06 0.00000000E+00
 6  9 0.00000000E+00-5.41567302E-05 0.00000000E+00 0.00000000E+00 0.00000000E+00
 6 10 0.00000000E+00 3.49986001E-06 0.00000000E+00-3.85307148E-06
 7  1 2.54642856E-03-9.82227031E-03-2.70668327E-04-3.12601697E-04 0.00000000E+00
 7  2 0.00000000E+00 9.96922324E-01 0.00000000E+00 0.00000000E+00 8.65403042E-03
 7  3 0.00000000E+00 0.00000000E+00-2.21455996E-04-3.58415812E-04-2.08493206E-04
 7  4 5.66909018E-04 0.00000000E+00 0.00000000E+00 0.00000000E+00-6.66081306E-05
 7  5-1.25971991E-04 3.27112188E-04 6.55311803E-05 0.00000000E+00-2.55888341E-05
 7  6 1.82544864E-04 0.00000000E+00-1.84056914E-04 1.41242399E-04-1.20298385E-04
 7  7-2.09440138E-05 0.00000000E+00-1.97522645E-04 0.00000000E+00-6.66081306E-05
 7  8-1.25971991E-04 3.27112188E-04-6.55311803E-05 0.00000000E+00-2.55888341E-05
 7  9-1.82544864E-04 0.00000000E+00-1.84056914E-04 1.41242399E-04-1.20298385E-04
 7 10-2.09440138E-05 0.00000000E+00 1.97522645E-04 0.00000000E+00
 8  1 4.49572302E-02-1.29412325E-01 2.67133555E-01 1.70786775E-01 0.00000000E+00
 8  2 0.00000000E+00-4.35227362E-02 0.00000000E+00 0.00000000E+00 8.76952287E-02
 8  3 0.00000000E+00 0.00000000E+00 6.76828352E-03 3.16674661E-02-2.48441138E-02
 8  4-6.82335224E-03 0.00000000E+00 0.00000000E+00 0.00000000E+00-1.28408047E-01
 8  5 2.55657884E-01 3.14550366E-01 7.89361110E-02 0.00000000E+00-4.30374099E-02
 8  6 3.96051091E-02 0.00000000E+00-2.07025737E-02 8.68039206E-03-4.89606768E-03
 8  7-3.78432438E-03 0.00000000E+00-9.45349877E-03 0.00000000E+00-1.28408047E-01
 8  8 2.55657884E-01 3.14550366E-01-7.89361110E-02 0.00000000E+00-4.30374099E-02
 8  9-3.96051091E-02 0.00000000E+00-2.07025737E-02 8.68039206E-03-4.89606768E-03
 8 10-3.78432438E-03 0.00000000E+00 9.45349877E-03 0.00000000E+00
 9  1 0.00000000E+00 0.00000000E+00 0.00000000E+00 0.00000000E+00 8.79389822E-02
 9  2 0.00000000E+00 0.00000000E+00-1.76527663E-01 0.00000000E+00 0.00000000E+00
 9  3-2.95772938E-02 0.00000000E+00 0.00000000E+00 0.00000000E+00 0.00000000E+00
 9  4 0.00000000E+00 0.00000000E+00-4.80156801E-02 0.00000000E+00-1.51103992E-01
 9  5 3.06365405E-01 3.81714056E-01 6.71426117E-02 0.00000000E+00-4.19653626E-02
 9  6 3.22915129E-02 0.00000000E+00-2.19660149E-02 4.79255619E-03-2.48426454E-03
 9  7-2.30829164E-03 0.00000000E+00-7.65583487E-03 0.00000000E+00 1.51103992E-01
 9  8-3.06365405E-01-3.81714056E-01 6.71426117E-02 0.00000000E+00 4.19653626E-02
 9  9 3.22915129E-02 0.00000000E+00 2.19660149E-02-4.79255619E-03 2.48426454E-03
 9 10 2.30829164E-03 0.00000000E+00-7.65583487E-03 0.00000000E+00
10  1 7.26124200E-02-2.04972905E-01 4.57504115E-01 4.27826473E-01 0.00000000E+00
10  2 0.00000000E+00 2.48465792E-02 0.00000000E+00 0.00000000E+00-4.77832965E-02
10  3 0.00000000E+00 0.00000000E+00-4.36960600E-02-1.12425901E-02 1.27569858E-02
10  4-1.51439572E-03 0.00000000E+00 0.00000000E+00 0.00000000E+00 9.82289586E-02
10  5-2.04700606E-01-3.08777181E-01 9.42770916E-02 0.00000000E+00-5.92102223E-02
10  6 4.42000418E-02 0.00000000E+00-2.35034998E-02 4.45731273E-03-5.04520501E-03
10  7 5.87892280E-04 0.00000000E+00-5.77604298E-03 0.00000000E+00 9.82289586E-02
10  8-2.04700606E-01-3.08777181E-01-9.42770916E-02 0.00000000E+00-5.92102223E-02
10  9-4.42000418E-02 0.00000000E+00-2.35034998E-02 4.45731273E-03-5.04520501E-03
10 10 5.87892280E-04 0.00000000E+00 5.77604298E-03 0.00000000E+00
11  1 0.00000000E+00 0.00000000E+00 0.00000000E+00 0.00000000E+00-1.81318388E-01
11  2 0.00000000E+00 0.00000000E+00 4.29499709E-01 0.00000000E+00 0.00000000E+00
11  3 1.20849577E-01 0.00000000E+00 0.00000000E+00 0.00000000E+00 0.00000000E+00
11  4 0.00000000E+00 0.00000000E+00 4.01259255E-02 0.00000000E+00-5.75607767E-02
11  5 1.17893452E-01 2.10989086E-01-2.81075627E-01 0.00000000E+00 2.21942352E-01
11  6-1.65266839E-01 0.00000000E+00 1.36685365E-01-4.76235020E-03 7.60185171E-03
11  7-2.83950151E-03 0.00000000E+00 1.27226623E-02 0.00000000E+00 5.75607767E-02
11  8-1.17893452E-01-2.10989086E-01-2.81075627E-01 0.00000000E+00-2.21942352E-01
11  9-1.65266839E-01 0.00000000E+00-1.36685365E-01 4.76235020E-03-7.60185171E-03
11 10 2.83950151E-03 0.00000000E+00 1.27226623E-02 0.00000000E+00
12  1-1.02452674E-02 4.84344894E-02-3.94520879E-02-2.16708384E-01 0.00000000E+00
12  2 0.00000000E+00-2.09058587E-01 0.00000000E+00 0.00000000E+00 4.91538083E-01
12  3 0.00000000E+00 0.00000000E+00 2.55828694E-01-1.21596377E-02-2.12451021E-02
12  4 3.34047398E-02 0.00000000E+00 0.00000000E+00 0.00000000E+00 2.54243301E-02
12  5-5.20865753E-02-9.67850802E-02 2.88839931E-01 0.00000000E+00 7.88192323E-02
12  6 1.86589236E-01 0.00000000E+00 4.91223037E-02 1.63206031E-02-5.30904144E-03
12  7-1.10115617E-02 0.00000000E+00 9.90088035E-05 0.00000000E+00 2.54243301E-02
12  8-5.20865753E-02-9.67850802E-02-2.88839931E-01 0.00000000E+00 7.88192323E-02
12  9-1.86589236E-01 0.00000000E+00 4.91223037E-02 1.63206031E-02-5.30904144E-03
12 10-1.10115617E-02 0.00000000E+00-9.90088035E-05 0.00000000E+00
13  1 0.00000000E+00 0.00000000E+00 0.00000000E+00 0.00000000E+00 0.00000000E+00
13  2-2.10301950E-01 0.00000000E+00 0.00000000E+00 4.95346580E-01 0.00000000E+00
13  3 0.00000000E+00 3.11910622E-01 0.00000000E+00 0.00000000E+00 0.00000000E+00
13  4 0.00000000E+00 0.00000000E+00 0.00000000E+00 3.40896541E-02 0.00000000E+00
13  5 0.00000000E+00 0.00000000E+00 0.00000000E+00 2.87802015E-01 0.00000000E+00
13  6 0.00000000E+00 1.77220876E-01 0.00000000E+00 0.00000000E+00 0.00000000E+00
13  7 0.00000000E+00 1.48695372E-02 0.00000000E+00-8.35471529E-03 0.00000000E+00
13  8 0.00000000E+00 0.00000000E+00 0.00000000E+00 2.87802015E-01 0.00000000E+00
13  9 0.00000000E+00 1.77220876E-01 0.00000000E+00 0.00000000E+00 0.00000000E+00
13 10 0.00000000E+00-1.48695372E-02 0.00000000E+00-8.35471529E-03
14  1 0.00000000E+00 0.00000000E+00 0.00000000E+00 0.00000000E+00 0.00000000E+00
14  2 0.00000000E+00 0.00000000E+00 0.00000000E+00 0.00000000E+00 0.00000000E+00
14  3 0.00000000E+00 0.00000000E+00 0.00000000E+00 0.00000000E+00 0.00000000E+00
14  4 0.00000000E+00-8.88317886E-02 0.00000000E+00 0.00000000E+00 0.00000000E+00
14  5 0.00000000E+00 0.00000000E+00 0.00000000E+00 4.71385646E-01 0.00000000E+00
14  6 0.00000000E+00 3.35694659E-01 0.00000000E+00 0.00000000E+00 0.00000000E+00
14  7 0.00000000E+00 1.34903016E-02 0.00000000E+00-8.66642709E-03 0.00000000E+00
14  8 0.00000000E+00 0.00000000E+00 0.00000000E+00-4.71385646E-01 0.00000000E+00
14  9 0.00000000E+00-3.35694659E-01 0.00000000E+00 0.00000000E+00 0.00000000E+00
14 10 0.00000000E+00 1.34903016E-02 0.00000000E+00 8.66642709E-03
15  1 0.00000000E+00 0.00000000E+00 0.00000000E+00 0.00000000E+00-1.76313201E-02
15  2 0.00000000E+00 0.00000000E+00 3.58382523E-02 0.00000000E+00 0.00000000E+00
15  3 1.24915960E-01 0.00000000E+00 0.00000000E+00 0.00000000E+00 0.00000000E+00
15  4 0.00000000E+00 0.00000000E+00-7.94019140E-02 0.00000000E+00-1.99888851E-03
15  5 7.71974402E-04 4.20921192E-02 3.28450236E-01 0.00000000E+00 3.41391186E-01
15  6 2.32683637E-01 0.00000000E+00 2.31713962E-01 1.21188676E-02-2.15732223E-04
15  7-1.19031353E-02 0.00000000E+00 5.36111424E-03 0.00000000E+00 1.99888851E-03
15  8-7.71974402E-04-4.20921192E-02 3.28450236E-01 0.00000000E+00-3.41391186E-01
15  9 2.32683637E-01 0.00000000E+00-2.31713962E-01-1.21188676E-02 2.15732223E-04
15 10 1.19031353E-02 0.00000000E+00 5.36111424E-03 0.00000000E+00
16  1 1.61272152E-02-7.12622471E-02 7.18365799E-02 3.39547651E-01 0.00000000E+00
16  2 0.00000000E+00 6.62648268E-02 0.00000000E+00 0.00000000E+00-1.62361130E-01
16  3 0.00000000E+00 0.00000000E+00-3.54634804E-02-1.13750416E-01 4.30307636E-02
16  4 7.07196520E-02 0.00000000E+00 0.00000000E+00 0.00000000E+00-2.05923099E-03
16  5 6.78546080E-03-2.42139775E-02-4.22604350E-02 0.00000000E+00 4.57165423E-01
16  6-3.48235977E-02 0.00000000E+00 3.33059811E-01 3.78837015E-03 3.81224965E-03
16  7-7.60061980E-03 0.00000000E+00 1.09939248E-02 0.00000000E+00-2.05923099E-03
16  8 6.78546080E-03-2.42139775E-02 4.22604350E-02 0.00000000E+00 4.57165423E-01
16  9 3.48235977E-02 0.00000000E+00 3.33059811E-01 3.78837015E-03 3.81224965E-03
16 10-7.60061980E-03 0.00000000E+00-1.09939248E-02 0.00000000E+00
17  1 0.00000000E+00 0.00000000E+00 0.00000000E+00 0.00000000E+00 0.00000000E+00
17  2-2.01490646E-01 0.00000000E+00 0.00000000E+00 5.03981665E-01 0.00000000E+00
17  3 0.00000000E+00 3.84440833E-01 0.00000000E+00 0.00000000E+00 0.00000000E+00
17  4 0.00000000E+00 0.00000000E+00 0.00000000E+00-4.33166166E-02 0.00000000E+00
17  5 0.00000000E+00 0.00000000E+00 0.00000000E+00-3.96957872E-01 0.00000000E+00
17  6 0.00000000E+00-3.05440528E-01 0.00000000E+00 0.00000000E+00 0.00000000E+00
17  7 0.00000000E+00-1.85060939E-03 0.00000000E+00 6.17110876E-04 0.00000000E+00
17  8 0.00000000E+00 0.00000000E+00 0.00000000E+00-3.96957872E-01 0.00000000E+00
17  9 0.00000000E+00-3.05440528E-01 0.00000000E+00 0.00000000E+00 0.00000000E+00
17 10 0.00000000E+00 1.85060939E-03 0.00000000E+00 6.17110876E-04
18  1 2.82013613E-02-8.84285163E-02 1.80266079E-01 4.76131035E-01 0.00000000E+00
18  2 0.00000000E+00-1.87542481E-01 0.00000000E+00 0.00000000E+00 4.82864320E-01
18  3 0.00000000E+00 0.00000000E+00 5.60005456E-01-9.98124617E-02 1.15321389E-01
18  4-1.55089273E-02 0.00000000E+00 0.00000000E+00 0.00000000E+00 3.53039700E-02
18  5-6.85475715E-02-2.58373065E-01-3.97909976E-01 0.00000000E+00-9.28803038E-03
18  6-3.59241617E-01 0.00000000E+00-1.30136635E-03 2.52335800E-03 1.98392834E-03
18  7-4.50728634E-03 0.00000000E+00 3.72724150E-03 0.00000000E+00 3.53039700E-02
18  8-6.85475715E-02-2.58373065E-01 3.97909976E-01 0.00000000E+00-9.28803038E-03
18  9 3.59241617E-01 0.00000000E+00-1.30136635E-03 2.52335800E-03 1.98392834E-03
18 10-4.50728634E-03 0.00000000E+00-3.72724150E-03 0.00000000E+00
19  1 0.00000000E+00 0.00000000E+00 0.00000000E+00 0.00000000E+00-2.11690143E-01
19  2 0.00000000E+00 0.00000000E+00 5.41850802E-01 0.00000000E+00 0.00000000E+00
19  3 8.40026243E-01 0.00000000E+00 0.00000000E+00 0.00000000E+00 0.00000000E+00
19  4 0.00000000E+00 0.00000000E+00-1.69237953E-01 0.00000000E+00-4.43698286E-02
19  5 7.63684834E-02 3.91380249E-01 1.67920896E-01 0.00000000E+00-2.91844894E-01
19  6 1.98302036E-01 0.00000000E+00-2.72095779E-01 4.61653275E-03 1.31682326E-03
19  7-5.93335601E-03 0.00000000E+00 2.70707517E-03 0.00000000E+00 4.43698286E-02
19  8-7.63684834E-02-3.91380249E-01 1.67920896E-01 0.00000000E+00 2.91844894E-01
19  9 1.98302036E-01 0.00000000E+00 2.72095779E-01-4.61653275E-03-1.31682326E-03
19 10 5.93335601E-03 0.00000000E+00 2.70707517E-03 0.00000000E+00
20  1 0.00000000E+00 0.00000000E+00 0.00000000E+00 0.00000000E+00 2.83933256E-01
20  2 0.00000000E+00 0.00000000E+00-1.08040543E+00 0.00000000E+00 0.00000000E+00
20  3 1.51565742E+00 0.00000000E+00 0.00000000E+00 0.00000000E+00 0.00000000E+00
20  4 0.00000000E+00 0.00000000E+00-2.95138928E-02 0.00000000E+00-1.29598823E-02
20  5-3.45611444E-02 4.90311144E-01-2.41322323E-01 0.00000000E+00 5.13589264E-02
20  6 1.09811426E-01 0.00000000E+00-1.37194492E-01 2.65710514E-02-2.27419113E-02
20  7-3.82914016E-03 0.00000000E+00-3.61646766E-02 0.00000000E+00 1.29598823E-02
20  8 3.45611444E-02-4.90311144E-01-2.41322323E-01 0.00000000E+00-5.13589264E-02
20  9 1.09811426E-01 0.00000000E+00 1.37194492E-01-2.65710514E-02 2.27419113E-02
20 10 3.82914016E-03 0.00000000E+00-3.61646766E-02 0.00000000E+00
21  1-1.22658272E-03-5.45712146E-02-8.06410004E-02 3.68381929E-01 0.00000000E+00
21  2 0.00000000E+00 2.79152220E-01 0.00000000E+00 0.00000000E+00-1.07747184E+00
21  3 0.00000000E+00 0.00000000E+00 1.35781133E+00 9.81424787E-02 1.29805180E-01
21  4-2.27947659E-01 0.00000000E+00 0.00000000E+00 0.00000000E+00 1.26836440E-02
21  5 6.92121895E-03-3.13844958E-01 9.37775627E-02 0.00000000E+00-9.14314474E-02
21  6-1.91497833E-01 0.00000000E+00-2.93829221E-02-3.20371293E-02 1.70784527E-02
21  7 1.49586766E-02 0.00000000E+00 9.44085921E-03 0.00000000E+00 1.26836440E-02
21  8 6.92121895E-03-3.13844958E-01-9.37775627E-02 0.00000000E+00-9.14314474E-02
21  9 1.91497833E-01 0.00000000E+00-2.93829221E-02-3.20371293E-02 1.70784527E-02
21 10 1.49586766E-02 0.00000000E+00-9.44085921E-03 0.00000000E+00
22  1 0.00000000E+00 0.00000000E+00 0.00000000E+00 0.00000000E+00 0.00000000E+00
22  2 2.89986014E-01 0.00000000E+00 0.00000000E+00-1.12395879E+00 0.00000000E+00
22  3 0.00000000E+00 1.23433416E+00 0.00000000E+00 0.00000000E+00 0.00000000E+00
22  4 0.00000000E+00 0.00000000E+00 0.00000000E+00-1.95618779E-01 0.00000000E+00
22  5 0.00000000E+00 0.00000000E+00 0.00000000E+00-6.30070164E-02 0.00000000E+00
22  6 0.00000000E+00-1.08434905E-01 0.00000000E+00 0.00000000E+00 0.00000000E+00
22  7 0.00000000E+00-1.77077835E-02 0.00000000E+00 6.51404638E-03 0.00000000E+00
22  8 0.00000000E+00 0.00000000E+00 0.00000000E+00-6.30070164E-02 0.00000000E+00
22  9 0.00000000E+00-1.08434905E-01 0.00000000E+00 0.00000000E+00 0.00000000E+00
22 10 0.00000000E+00 1.77077835E-02 0.00000000E+00 6.51404638E-03
23  1-1.09942995E-01-3.97170265E-01-1.69760137E+00 2.07699209E+00 0.00000000E+00
23  2 0.00000000E+00-2.57020471E-02 0.00000000E+00 0.00000000E+00 9.29191840E-02
23  3 0.00000000E+00 0.00000000E+00 1.17193853E-01-2.74112593E-01 2.47961649E-01
23  4 2.61509440E-02 0.00000000E+00 0.00000000E+00 0.00000000E+00 1.57223715E-02
23  5-3.80907098E-02-2.63743237E-01 5.55377454E-02 0.00000000E+00-1.27997878E-01
23  6-1.50213529E-01 0.00000000E+00 1.01638547E-01-2.22673922E-02 2.86072953E-02
23  7-6.33990313E-03 0.00000000E+00 4.27621235E-02 0.00000000E+00 1.57223715E-02
23  8-3.80907098E-02-2.63743237E-01-5.55377454E-02 0.00000000E+00-1.27997878E-01
23  9 1.50213529E-01 0.00000000E+00 1.01638547E-01-2.22673922E-02 2.86072953E-02
23 10-6.33990313E-03 0.00000000E+00-4.27621235E-02 0.00000000E+00
24  1 0.00000000E+00 0.00000000E+00 0.00000000E+00 0.00000000E+00 0.00000000E+00
24  2 0.00000000E+00 0.00000000E+00 0.00000000E+00 0.00000000E+00 0.00000000E+00
24  3 0.00000000E+00 0.00000000E+00 0.00000000E+00 0.00000000E+00 0.00000000E+00
24  4 0.00000000E+00 8.71351622E-01 0.00000000E+00 0.00000000E+00 0.00000000E+00
24  5 0.00000000E+00 0.00000000E+00 0.00000000E+00 3.24622616E-01 0.00000000E+00
24  6 0.00000000E+00-1.60661786E-01 0.00000000E+00 0.00000000E+00 0.00000000E+00
24  7 0.00000000E+00-4.40552662E-02 0.00000000E+00 3.60014691E-02 0.00000000E+00
24  8 0.00000000E+00 0.00000000E+00 0.00000000E+00-3.24622616E-01 0.00000000E+00
24  9 0.00000000E+00 1.60661786E-01 0.00000000E+00 0.00000000E+00 0.00000000E+00
24 10 0.00000000E+00-4.40552662E-02 0.00000000E+00-3.60014691E-02
25  1 0.00000000E+00 0.00000000E+00 0.00000000E+00 0.00000000E+00 0.00000000E+00
25  2 5.67458949E-02 0.00000000E+00 0.00000000E+00-2.18631633E-01 0.00000000E+00
25  3 0.00000000E+00 1.77795839E-01 0.00000000E+00 0.00000000E+00 0.00000000E+00
25  4 0.00000000E+00 0.00000000E+00 0.00000000E+00 9.20491267E-01 0.00000000E+00
25  5 0.00000000E+00 0.00000000E+00 0.00000000E+00-2.33970637E-01 0.00000000E+00
25  6 0.00000000E+00 1.14161431E-01 0.00000000E+00 0.00000000E+00 0.00000000E+00
25  7 0.00000000E+00 3.58895277E-02 0.00000000E+00-1.08947238E-03 0.00000000E+00
25  8 0.00000000E+00 0.00000000E+00 0.00000000E+00-2.33970637E-01 0.00000000E+00
25  9 0.00000000E+00 1.14161431E-01 0.00000000E+00 0.00000000E+00 0.00000000E+00
25 10 0.00000000E+00-3.58895277E-02 0.00000000E+00-1.08947238E-03
26  1 3.64234530E-03 9.73894903E-03 5.19367992E-02-5.47423039E-02 0.00000000E+00
26  2 0.00000000E+00 6.81960880E-02 0.00000000E+00 0.00000000E+00-2.62963745E-01
26  3 0.00000000E+00 0.00000000E+00 2.17164364E-01-3.10155155E-01-5.49199542E-01
26  4 8.59354698E-01 0.00000000E+00 0.00000000E+00 0.00000000E+00-1.01398309E-03
26  5 3.17936596E-03-2.02660717E-02-1.31593826E-01 0.00000000E+00-2.69563416E-01
26  6 8.15663096E-02 0.00000000E+00 1.19994146E-01 3.02167854E-02-9.13442206E-03
26  7-2.10823633E-02 0.00000000E+00 3.11786905E-02 0.00000000E+00-1.01398309E-03
26  8 3.17936596E-03-2.02660717E-02 1.31593826E-01 0.00000000E+00-2.69563416E-01
26  9-8.15663096E-02 0.00000000E+00 1.19994146E-01 3.02167854E-02-9.13442206E-03
26 10-2.10823633E-02 0.00000000E+00-3.11786905E-02 0.00000000E+00
27  1-3.00730498E-02-2.11316646E-01-5.90534403E-01 1.44988984E+00 0.00000000E+00
27  2 0.00000000E+00-4.22065129E-02 0.00000000E+00 0.00000000E+00 1.69015344E-01
27  3 0.00000000E+00 0.00000000E+00 4.14201313E-01 7.65753640E-01-7.55234458E-01
27  4-1.05191820E-02 0.00000000E+00 0.00000000E+00 0.00000000E+00 6.11838839E-02
27  5-2.82109047E-01-2.62441802E-01 1.81735836E-01 0.00000000E+00 5.68053368E-02
27  6-6.77952779E-01 0.00000000E+00 2.12346594E-01-1.07049945E-02-1.41847661E-02
27  7 2.48897606E-02 0.00000000E+00-1.26645563E-02 0.00000000E+00 6.11838839E-02
27  8-2.82109047E-01-2.62441802E-01-1.81735836E-01 0.00000000E+00 5.68053368E-02
27  9 6.77952779E-01 0.00000000E+00 2.12346594E-01-1.07049945E-02-1.41847661E-02
27 10 2.48897606E-02 0.00000000E+00 1.26645563E-02 0.00000000E+00
28  1 0.00000000E+00 0.00000000E+00 0.00000000E+00 0.00000000E+00-5.11499125E-02
28  2 0.00000000E+00 0.00000000E+00 2.21696328E-01 0.00000000E+00 0.00000000E+00
28  3 6.51142925E-01 0.00000000E+00 0.00000000E+00 0.00000000E+00 0.00000000E+00
28  4 0.00000000E+00 0.00000000E+00 9.04050152E-01 0.00000000E+00-5.96204532E-02
28  5 2.61365029E-01 2.47979106E-01-4.52451734E-02 0.00000000E+00 1.90420110E-01
28  6 5.17965828E-01 0.00000000E+00-4.60705758E-01-4.16078133E-02 9.49067192E-03
28  7 3.21171413E-02 0.00000000E+00 1.07707502E-02 0.00000000E+00 5.96204532E-02
28  8-2.61365029E-01-2.47979106E-01-4.52451734E-02 0.00000000E+00-1.90420110E-01
28  9 5.17965828E-01 0.00000000E+00 4.60705758E-01 4.16078133E-02-9.49067192E-03
28 10-3.21171413E-02 0.00000000E+00 1.07707502E-02 0.00000000E+00
29  1 0.00000000E+00 0.00000000E+00 0.00000000E+00 0.00000000E+00 0.00000000E+00
29  2 0.00000000E+00 0.00000000E+00 0.00000000E+00 0.00000000E+00 0.00000000E+00
29  3 0.00000000E+00 0.00000000E+00 0.00000000E+00 0.00000000E+00 0.00000000E+00
29  4 0.00000000E+00 5.05661924E-01 0.00000000E+00 0.00000000E+00 0.00000000E+00
29  5 0.00000000E+00 0.00000000E+00 0.00000000E+00-5.64444558E-01 0.00000000E+00
29  6 0.00000000E+00 7.51033999E-01 0.00000000E+00 0.00000000E+00 0.00000000E+00
29  7 0.00000000E+00-4.34454935E-02 0.00000000E+00 3.12726370E-02 0.00000000E+00
29  8 0.00000000E+00 0.00000000E+00 0.00000000E+00 5.64444558E-01 0.00000000E+00
29  9 0.00000000E+00-7.51033999E-01 0.00000000E+00 0.00000000E+00 0.00000000E+00
29 10 0.00000000E+00-4.34454935E-02 0.00000000E+00-3.12726370E-02
30  1-3.10747365E-02-1.23387165E-01-5.10496107E-01 1.69132218E-01 0.00000000E+00
30  2 0.00000000E+00 1.59763609E-02 0.00000000E+00 0.00000000E+00-1.34950610E-01
30  3 0.00000000E+00 0.00000000E+00-1.31544163E-01 5.23901959E-01-2.41428511E-01
30  4-2.82473448E-01 0.00000000E+00 0.00000000E+00 0.00000000E+00 1.67839751E-04
30  5 3.46140703E-02-5.64502106E-02-5.73025945E-01 0.00000000E+00 3.17389508E-02
30  6 6.89164711E-01 0.00000000E+00 6.64992751E-02-5.24250565E-02 5.64505104E-03
30  7 4.67800054E-02 0.00000000E+00-6.33542783E-03 0.00000000E+00 1.67839751E-04
30  8 3.46140703E-02-5.64502106E-02 5.73025945E-01 0.00000000E+00 3.17389508E-02
30  9-6.89164711E-01 0.00000000E+00 6.64992751E-02-5.24250565E-02 5.64505104E-03
30 10 4.67800054E-02 0.00000000E+00 6.33542783E-03 0.00000000E+00
31  1 0.00000000E+00 0.00000000E+00 0.00000000E+00 0.00000000E+00-1.35368418E-02
31  2 0.00000000E+00 0.00000000E+00 7.04674848E-02 0.00000000E+00 0.00000000E+00
31  3-2.77988817E-01 0.00000000E+00 0.00000000E+00 0.00000000E+00 0.00000000E+00
31  4 0.00000000E+00 0.00000000E+00 3.09117483E-01 0.00000000E+00-9.33309856E-04
31  5-2.57585001E-02-1.93353694E-02-2.64062333E-01 0.00000000E+00-5.55756808E-01
31  6 4.09054108E-01 0.00000000E+00 6.82589555E-01-3.53366991E-02 1.03580908E-02
31  7 2.49786082E-02 0.00000000E+00-4.20602216E-04 0.00000000E+00 9.33309856E-04
31  8 2.57585001E-02 1.93353694E-02-2.64062333E-01 0.00000000E+00 5.55756808E-01
31  9 4.09054108E-01 0.00000000E+00-6.82589555E-01 3.53366991E-02-1.03580908E-02
31 10-2.49786082E-02 0.00000000E+00-4.20602216E-04 0.00000000E+00
32  1 2.12360009E-02 8.53009055E-02 3.51075299E-01-8.14450056E-02 0.00000000E+00
32  2 0.00000000E+00-4.69533292E-02 0.00000000E+00 0.00000000E+00 2.70400599E-01
32  3 0.00000000E+00 0.00000000E+00-5.03778570E-01 2.05385794E-01 1.74939849E-01
32  4-3.80325642E-01 0.00000000E+00 0.00000000E+00 0.00000000E+00 1.51310719E-03
32  5 1.06835022E-02 5.25560303E-02 3.12801631E-02 0.00000000E+00-5.75346175E-01
32  6-3.06198982E-02 0.00000000E+00 8.26777427E-01-5.79571686E-03-1.65534860E-02
32  7 2.23492029E-02 0.00000000E+00-5.54362757E-02 0.00000000E+00 1.51310719E-03
32  8 1.06835022E-02 5.25560303E-02-3.12801631E-02 0.00000000E+00-5.75346175E-01
32  9 3.06198982E-02 0.00000000E+00 8.26777427E-01-5.79571686E-03-1.65534860E-02
32 10 2.23492029E-02 0.00000000E+00 5.54362757E-02 0.00000000E+00
33  1 0.00000000E+00 0.00000000E+00 0.00000000E+00 0.00000000E+00 0.00000000E+00
33  2-2.78567687E-02 0.00000000E+00 0.00000000E+00 1.43256472E-01 0.00000000E+00
33  3 0.00000000E+00-5.88555836E-01 0.00000000E+00 0.00000000E+00 0.00000000E+00
33  4 0.00000000E+00 0.00000000E+00 0.00000000E+00-3.49473919E-01 0.00000000E+00
33  5 0.00000000E+00 0.00000000E+00 0.00000000E+00-5.96817764E-01 0.00000000E+00
33  6 0.00000000E+00 8.62057703E-01 0.00000000E+00 0.00000000E+00 0.00000000E+00
33  7 0.00000000E+00-3.97503236E-02 0.00000000E+00 1.39274715E-02 0.00000000E+00
33  8 0.00000000E+00 0.00000000E+00 0.00000000E+00-5.96817764E-01 0.00000000E+00
33  9 0.00000000E+00 8.62057703E-01 0.00000000E+00 0.00000000E+00 0.00000000E+00
33 10 0.00000000E+00 3.97503236E-02 0.00000000E+00 1.39274715E-02
34  1 0.00000000E+00 0.00000000E+00 0.00000000E+00 0.00000000E+00-7.25812888E-02
34  2 0.00000000E+00 0.00000000E+00 4.73133327E-01 0.00000000E+00 0.00000000E+00
34  3-3.92085383E-01 0.00000000E+00 0.00000000E+00 0.00000000E+00 0.00000000E+00
34  4 0.00000000E+00 0.00000000E+00-4.36593873E-01 0.00000000E+00 4.79935349E-03
34  5 2.37285665E-02-1.67823481E-01-5.65011904E-01 0.00000000E+00 2.24679968E-01
34  6 6.34033169E-01 0.00000000E+00-2.47569361E-01-1.86581607E-03 2.34750583E-02
34  7-2.16092422E-02 0.00000000E+00 3.09339173E-02 0.00000000E+00-4.79935349E-03
34  8-2.37285665E-02 1.67823481E-01-5.65011904E-01 0.00000000E+00-2.24679968E-01
34  9 6.34033169E-01 0.00000000E+00 2.47569361E-01 1.86581607E-03-2.34750583E-02
34 10 2.16092422E-02 0.00000000E+00 3.09339173E-02 0.00000000E+00
35  1 0.00000000E+00 0.00000000E+00 0.00000000E+00 0.00000000E+00-2.61326876E-02
35  2 0.00000000E+00 0.00000000E+00 1.44606804E-01 0.00000000E+00 0.00000000E+00
35  3 1.09484507E+00 0.00000000E+00 0.00000000E+00 0.00000000E+00 0.00000000E+00
35  4 0.00000000E+00 0.00000000E+00 3.76836603E-01 0.00000000E+00 1.01355912E-02
35  5-1.16628277E+00 1.70480035E+00-2.81570183E-02 0.00000000E+00 9.05030645E-02
35  6 3.71620808E-01 0.00000000E+00-4.13108267E-01-1.00105080E-01 9.29389518E-02
35  7 7.16612864E-03 0.00000000E+00 1.58459524E-01 0.00000000E+00-1.01355912E-02
35  8 1.16628277E+00-1.70480035E+00-2.81570183E-02 0.00000000E+00-9.05030645E-02
35  9 3.71620808E-01 0.00000000E+00 4.13108267E-01 1.00105080E-01-9.29389518E-02
35 10-7.16612864E-03 0.00000000E+00 1.58459524E-01 0.00000000E+00
36  1-2.78878046E-02-2.75890087E-01-6.39979044E-01 1.86254112E+00 0.00000000E+00
36  2 0.00000000E+00-1.31670726E-02 0.00000000E+00 0.00000000E+00 7.52411159E-02
36  3 0.00000000E+00 0.00000000E+00 7.52630679E-01 3.17351539E-01-3.02404339E-01
36  4-1.49471996E-02 0.00000000E+00 0.00000000E+00 0.00000000E+00-4.63009196E-03
36  5 1.13944549E+00-1.71757493E+00 9.27094525E-02 0.00000000E+00 1.54458165E-02
36  6-6.34846370E-01 0.00000000E+00 1.51177668E-01 1.89207086E-01-1.25618041E-01
36  7-6.35890457E-02 0.00000000E+00-1.36353558E-01 0.00000000E+00-4.63009196E-03
36  8 1.13944549E+00-1.71757493E+00-9.27094525E-02 0.00000000E+00 1.54458165E-02
36  9 6.34846370E-01 0.00000000E+00 1.51177668E-01 1.89207086E-01-1.25618041E-01
36 10-6.35890457E-02 0.00000000E+00 1.36353558E-01 0.00000000E+00
37  1 0.00000000E+00 0.00000000E+00 0.00000000E+00 0.00000000E+00-3.82506767E-03
37  2 0.00000000E+00 0.00000000E+00 5.24985167E-03 0.00000000E+00 0.00000000E+00
37  3 6.66427256E-02 0.00000000E+00 0.00000000E+00 0.00000000E+00 0.00000000E+00
37  4 0.00000000E+00 0.00000000E+00-3.54108154E-02 0.00000000E+00 4.93890996E-04
37  5-3.15176224E-02 5.25581932E-02 8.48398957E-03 0.00000000E+00 1.82823016E-02
37  6-8.64024116E-03 0.00000000E+00-3.26870128E-02-3.62336543E-01 5.66204603E-01
37  7-2.03868060E-01 0.00000000E+00-4.14305490E-01 0.00000000E+00-4.93890996E-04
37  8 3.15176224E-02-5.25581932E-02 8.48398957E-03 0.00000000E+00-1.82823016E-02
37  9-8.64024116E-03 0.00000000E+00 3.26870128E-02 3.62336543E-01-5.66204603E-01
37 10 2.03868060E-01 0.00000000E+00-4.14305490E-01 0.00000000E+00
38  1 0.00000000E+00 0.00000000E+00 0.00000000E+00 0.00000000E+00 0.00000000E+00
38  2 0.00000000E+00 0.00000000E+00 0.00000000E+00 0.00000000E+00 0.00000000E+00
38  3 0.00000000E+00 0.00000000E+00 0.00000000E+00 0.00000000E+00 0.00000000E+00
38  4 0.00000000E+00 2.92648974E-02 0.00000000E+00 0.00000000E+00 0.00000000E+00
38  5 0.00000000E+00 0.00000000E+00 0.00000000E+00-6.88910338E-03 0.00000000E+00
38  6 0.00000000E+00 1.04955419E-02 0.00000000E+00 0.00000000E+00 0.00000000E+00
38  7 0.00000000E+00 4.71766512E-01 0.00000000E+00 5.26896284E-01 0.00000000E+00
38  8 0.00000000E+00 0.00000000E+00 0.00000000E+00 6.88910338E-03 0.00000000E+00
38  9 0.00000000E+00-1.04955419E-02 0.00000000E+00 0.00000000E+00 0.00000000E+00
38 10 0.00000000E+00 4.71766512E-01 0.00000000E+00-5.26896284E-01
39  1 0.00000000E+00 0.00000000E+00 0.00000000E+00 0.00000000E+00 0.00000000E+00
39  2-7.76477898E-03 0.00000000E+00 0.00000000E+00 1.73106442E-02 0.00000000E+00
39  3 0.00000000E+00 3.82003007E-02 0.00000000E+00 0.00000000E+00 0.00000000E+00
39  4 0.00000000E+00 0.00000000E+00 0.00000000E+00 1.96543242E-04 0.00000000E+00
39  5 0.00000000E+00 0.00000000E+00 0.00000000E+00 1.36160719E-02 0.00000000E+00
39  6 0.00000000E+00-2.35845040E-02 0.00000000E+00 0.00000000E+00 0.00000000E+00
39  7 0.00000000E+00 1.59628354E-01 0.00000000E+00 6.89299839E-01 0.00000000E+00
39  8 0.00000000E+00 0.00000000E+00 0.00000000E+00 1.36160719E-02 0.00000000E+00
39  9 0.00000000E+00-2.35845040E-02 0.00000000E+00 0.00000000E+00 0.00000000E+00
39 10 0.00000000E+00-1.59628354E-01 0.00000000E+00 6.89299839E-01
40  1-1.31309078E-03-3.72316619E-03-1.94907217E-02 1.30092841E-02 0.00000000E+00
40  2 0.00000000E+00 3.32586736E-03 0.00000000E+00 0.00000000E+00-1.28074159E-02
40  3 0.00000000E+00 0.00000000E+00 2.90974681E-03 2.18948417E-02-5.04372303E-02
40  4 2.85423886E-02 0.00000000E+00 0.00000000E+00 0.00000000E+00 1.16861223E-03
40  5-5.69322086E-03-2.60806855E-03-1.04308324E-02 0.00000000E+00 1.89044597E-03
40  6 8.40657087E-03 0.00000000E+00-1.71075409E-04-1.14287600E-01 5.99299083E-01
40  7-4.85011483E-01 0.00000000E+00-3.08041708E-01 0.00000000E+00 1.16861223E-03
40  8-5.69322086E-03-2.60806855E-03 1.04308324E-02 0.00000000E+00 1.89044597E-03
40  9-8.40657087E-03 0.00000000E+00-1.71075409E-04-1.14287600E-01 5.99299083E-01
40 10-4.85011483E-01 0.00000000E+00 3.08041708E-01 0.00000000E+00
41  1 0.00000000E+00 0.00000000E+00 0.00000000E+00 0.00000000E+00-2.75988097E-02
41  2 0.00000000E+00 0.00000000E+00 9.59226581E-02 0.00000000E+00 0.00000000E+00
41  3 1.36211236E-01 0.00000000E+00 0.00000000E+00 0.00000000E+00 0.00000000E+00
41  4 0.00000000E+00 0.00000000E+00-1.01511411E-01 0.00000000E+00 3.44737192E-04
41  5-1.09171324E-01 1.67551777E-01-9.35819731E-03 0.00000000E+00 4.67461959E-02
41  6 3.44478560E-02 0.00000000E+00-8.92632176E-02-3.87735348E-01-2.74295305E-01
41  7 6.62030653E-01 0.00000000E+00-2.44000175E-01 0.00000000E+00-3.44737192E-04
41  8 1.09171324E-01-1.67551777E-01-9.35819731E-03 0.00000000E+00-4.67461959E-02
41  9 3.44478560E-02 0.00000000E+00 8.92632176E-02 3.87735348E-01 2.74295305E-01
41 10-6.62030653E-01 0.00000000E+00-2.44000175E-01 0.00000000E+00
42  1 0.00000000E+00 0.00000000E+00 0.00000000E+00 0.00000000E+00 0.00000000E+00
42  2 2.41631036E-02 0.00000000E+00 0.00000000E+00-4.92005984E-02 0.00000000E+00
42  3 0.00000000E+00-1.52813626E-01 0.00000000E+00 0.00000000E+00 0.00000000E+00
42  4 0.00000000E+00 0.00000000E+00 0.00000000E+00-1.89677780E-01 0.00000000E+00
42  5 0.00000000E+00 0.00000000E+00 0.00000000E+00-5.17655322E-02 0.00000000E+00
42  6 0.00000000E+00 1.09061849E-01 0.00000000E+00 0.00000000E+00 0.00000000E+00
42  7 0.00000000E+00 6.95141926E-01 0.00000000E+00-1.64697140E-01 0.00000000E+00
42  8 0.00000000E+00 0.00000000E+00 0.00000000E+00-5.17655322E-02 0.00000000E+00
42  9 0.00000000E+00 1.09061849E-01 0.00000000E+00 0.00000000E+00 0.00000000E+00
42 10 0.00000000E+00-6.95141926E-01 0.00000000E+00-1.64697140E-01
43  1 0.00000000E+00 0.00000000E+00 0.00000000E+00 0.00000000E+00 0.00000000E+00
43  2 0.00000000E+00 0.00000000E+00 0.00000000E+00 0.00000000E+00 0.00000000E+00
43  3 0.00000000E+00 0.00000000E+00 0.00000000E+00 0.00000000E+00 0.00000000E+00
43  4 0.00000000E+00 2.96942055E-01 0.00000000E+00 0.00000000E+00 0.00000000E+00
43  5 0.00000000E+00 0.00000000E+00 0.00000000E+00-3.69879649E-02 0.00000000E+00
43  6 0.00000000E+00 7.70824970E-02 0.00000000E+00 0.00000000E+00 0.00000000E+00
43  7 0.00000000E+00 5.33328605E-01 0.00000000E+00-4.74815634E-01 0.00000000E+00
43  8 0.00000000E+00 0.00000000E+00 0.00000000E+00 3.69879649E-02 0.00000000E+00
43  9 0.00000000E+00-7.70824970E-02 0.00000000E+00 0.00000000E+00 0.00000000E+00
43 10 0.00000000E+00 5.33328605E-01 0.00000000E+00 4.74815634E-01
44  1 1.87480468E-03 5.03379672E-02 8.09055376E-02-3.51030809E-01 0.00000000E+00
44  2 0.00000000E+00 3.13333268E-02 0.00000000E+00 0.00000000E+00-8.51195971E-02
44  3 0.00000000E+00 0.00000000E+00-2.86368321E-01 1.85451687E-01 8.15205302E-02
44  4-2.66972217E-01 0.00000000E+00 0.00000000E+00 0.00000000E+00-7.54944800E-04
44  5-1.93565158E-01 3.22813717E-01-6.22888743E-02 0.00000000E+00-3.33439290E-02
44  6 2.00838694E-01 0.00000000E+00 6.73141357E-02 5.72992978E-01-5.40145839E-02
44  7-5.18978394E-01 0.00000000E+00 3.31976622E-01 0.00000000E+00-7.54944800E-04
44  8-1.93565158E-01 3.22813717E-01 6.22888743E-02 0.00000000E+00-3.33439290E-02
44  9-2.00838694E-01 0.00000000E+00 6.73141357E-02 5.72992978E-01-5.40145839E-02
44 10-5.18978394E-01 0.00000000E+00-3.31976622E-01 0.00000000E+00
45  1 1.58526940E-02-1.42804251E-01 8.08861995E-03 1.09380211E+00 0.00000000E+00
45  2 0.00000000E+00-9.07759462E-02 0.00000000E+00 0.00000000E+00 3.82987274E-01
45  3 0.00000000E+00 0.00000000E+00 2.94599668E-01 5.11846964E-01-4.00742493E-01
45  4-1.11104471E-01 0.00000000E+00 0.00000000E+00 0.00000000E+00 1.48642999E-02
45  5 5.75864610E-01-9.96947909E-01 8.24359725E-02 0.00000000E+00-3.94860807E-02
45  6-5.32078308E-01 0.00000000E+00 2.74273317E-01-3.98764596E-01 3.79986393E-01
45  7 1.87782034E-02 0.00000000E+00 5.74308993E-01 0.00000000E+00 1.48642999E-02
45  8 5.75864610E-01-9.96947909E-01-8.24359725E-02 0.00000000E+00-3.94860807E-02
45  9 5.32078308E-01 0.00000000E+00 2.74273317E-01-3.98764596E-01 3.79986393E-01
45 10 1.87782034E-02 0.00000000E+00-5.74308993E-01 0.00000000E+00
46  1 0.00000000E+00 0.00000000E+00 0.00000000E+00 0.00000000E+00-1.55715913E-01
46  2 0.00000000E+00 0.00000000E+00 6.45097655E-01 0.00000000E+00 0.00000000E+00
46  3 3.88807129E-01 0.00000000E+00 0.00000000E+00 0.00000000E+00 0.00000000E+00
46  4 0.00000000E+00 0.00000000E+00 5.64352670E-01 0.00000000E+00-1.57030585E-02
46  5-4.81283323E-01 8.42786204E-01-4.95023012E-02 0.00000000E+00 3.45874203E-02
46  6 4.33621043E-01 0.00000000E+00-2.72263770E-01 5.07003382E-01-3.44384614E-01
46  7-1.62618768E-01 0.00000000E+00-5.45009912E-01 0.00000000E+00 1.57030585E-02
46  8 4.81283323E-01-8.42786204E-01-4.95023012E-02 0.00000000E+00-3.45874203E-02
46  9 4.33621043E-01 0.00000000E+00 2.72263770E-01-5.07003382E-01 3.44384614E-01
46 10 1.62618768E-01 0.00000000E+00-5.45009912E-01 0.00000000E+00
 $END   
 POPULATION ANALYSIS
S           15.18584   0.81416  15.22524   0.77476
O            8.40708  -0.40708   8.38738  -0.38738
O            8.40708  -0.40708   8.38738  -0.38738
 MOMENTS AT POINT    1 X,Y,Z=  0.000000  0.000000  0.000000
 DIPOLE       0.000000  0.000000 -2.138360
