 $DATA  
Title                                                                           
CNV      2

S          16.0      0.0000000000      0.0000000000     -0.2747781024
   PC1     0
        
O           8.0      1.1782001231      0.0000000000      0.2746256379
   PC1     0
        
 $END      
 $ZMAT   IZMAT(1)=
         1,   3,   1,
         1,   2,   1,
         2,   2,   1,   3,
 $END
--- CLOSED SHELL ORBITALS --- GENERATED AT Thu Feb 26 00:14:27 2015
Title                                                                           
E(R-PBE)=     -548.1513754216, E(NUC)=  118.5797042695,   21 ITERS
 $VEC   
 1  1 1.00298749E+00-1.02113970E-02 2.02138537E-03-4.01350030E-04 0.00000000E+00
 1  2 0.00000000E+00 5.76842450E-05 0.00000000E+00 0.00000000E+00 1.99124676E-04
 1  3 0.00000000E+00 0.00000000E+00 4.06450348E-05 2.59999982E-04-1.60109251E-04
 1  4-9.98907307E-05 0.00000000E+00 0.00000000E+00 0.00000000E+00 1.67216763E-05
 1  5 2.19340681E-05-3.71870853E-04-1.22212756E-04 0.00000000E+00 6.35628592E-05
 1  6-2.81006142E-04 0.00000000E+00 1.60468889E-04-9.21828138E-05 7.97878364E-05
 1  7 1.23949774E-05 0.00000000E+00 1.18450702E-04 0.00000000E+00 1.67216763E-05
 1  8 2.19340681E-05-3.71870853E-04 1.22212756E-04 0.00000000E+00 6.35628592E-05
 1  9 2.81006142E-04 0.00000000E+00 1.60468889E-04-9.21828138E-05 7.97878364E-05
 1 10 1.23949774E-05 0.00000000E+00-1.18450702E-04 0.00000000E+00
 2  1 0.00000000E+00 0.00000000E+00 0.00000000E+00 0.00000000E+00-3.09138548E-04
 2  2 0.00000000E+00 0.00000000E+00-2.03702620E-04 0.00000000E+00 0.00000000E+00
 2  3-6.18682691E-03 0.00000000E+00 0.00000000E+00 0.00000000E+00 0.00000000E+00
 2  4 0.00000000E+00 0.00000000E+00 1.16216221E-03 0.00000000E+00 7.03214417E-01
 2  5 2.64599753E-02-1.31259416E-02 1.43091070E-03 0.00000000E+00-6.49898351E-04
 2  6-1.90081862E-03 0.00000000E+00 2.00058303E-03 2.19670226E-04 4.80637549E-05
 2  7-2.67733981E-04 0.00000000E+00 1.16743316E-04 0.00000000E+00-7.03214417E-01
 2  8-2.64599753E-02 1.31259416E-02 1.43091070E-03 0.00000000E+00 6.49898351E-04
 2  9-1.90081862E-03 0.00000000E+00-2.00058303E-03-2.19670226E-04-4.80637549E-05
 2 10 2.67733981E-04 0.00000000E+00 1.16743316E-04 0.00000000E+00
 3  1-6.12146071E-05 3.19195653E-04-3.47561432E-04 1.18887816E-02 0.00000000E+00
 3  2 0.00000000E+00-1.96145254E-06 0.00000000E+00 0.00000000E+00 1.01018571E-03
 3  3 0.00000000E+00 0.00000000E+00 4.32058670E-03-6.55550706E-04-2.61606020E-05
 3  4 6.81711308E-04 0.00000000E+00 0.00000000E+00 0.00000000E+00 7.03262254E-01
 3  5 2.67043868E-02-1.48147281E-02 1.29178623E-03 0.00000000E+00-3.95865927E-04
 3  6-4.18374457E-03 0.00000000E+00 4.14347319E-04-3.71398117E-04 7.41517118E-05
 3  7 2.97246405E-04 0.00000000E+00-7.23798069E-05 0.00000000E+00 7.03262254E-01
 3  8 2.67043868E-02-1.48147281E-02-1.29178623E-03 0.00000000E+00-3.95865927E-04
 3  9 4.18374457E-03 0.00000000E+00 4.14347319E-04-3.71398117E-04 7.41517118E-05
 3 10 2.97246405E-04 0.00000000E+00 7.23798069E-05 0.00000000E+00
 4  1-2.73904043E-01 1.03943839E+00 4.26030994E-02-8.78175872E-03 0.00000000E+00
 4  2 0.00000000E+00 1.45904158E-02 0.00000000E+00 0.00000000E+00 2.57701626E-03
 4  3 0.00000000E+00 0.00000000E+00-2.37451512E-04 2.34825464E-03-1.29194009E-03
 4  4-1.05631454E-03 0.00000000E+00 0.00000000E+00 0.00000000E+00-5.01152482E-04
 4  5 2.22500270E-05-1.89662035E-03-1.22330527E-04 0.00000000E+00 1.02069916E-04
 4  6-2.12578129E-03 0.00000000E+00 1.33401665E-03 3.76378874E-04-1.39429579E-04
 4  7-2.36949295E-04 0.00000000E+00-9.47923001E-05 0.00000000E+00-5.01152482E-04
 4  8 2.22500270E-05-1.89662035E-03 1.22330527E-04 0.00000000E+00 1.02069916E-04
 4  9 2.12578129E-03 0.00000000E+00 1.33401665E-03 3.76378874E-04-1.39429579E-04
 4 10-2.36949295E-04 0.00000000E+00 9.47923001E-05 0.00000000E+00
 5  1 0.00000000E+00 0.00000000E+00 0.00000000E+00 0.00000000E+00 9.95590840E-01
 5  2 0.00000000E+00 0.00000000E+00 1.15824337E-02 0.00000000E+00 0.00000000E+00
 5  3-2.22863992E-04 0.00000000E+00 0.00000000E+00 0.00000000E+00 0.00000000E+00
 5  4 0.00000000E+00 0.00000000E+00 2.20741564E-03 0.00000000E+00 1.21128039E-03
 5  5-1.34104878E-03 4.85017294E-04-1.90457701E-03 0.00000000E+00 1.11137963E-03
 5  6 4.46488262E-04 0.00000000E+00 4.36406171E-05-6.86492454E-04 6.80939902E-04
 5  7 5.55255205E-06 0.00000000E+00 1.09300788E-03 0.00000000E+00-1.21128039E-03
 5  8 1.34104878E-03-4.85017294E-04-1.90457701E-03 0.00000000E+00-1.11137963E-03
 5  9 4.46488262E-04 0.00000000E+00-4.36406171E-05 6.86492454E-04-6.80939902E-04
 5 10-5.55255205E-06 0.00000000E+00 1.09300788E-03 0.00000000E+00
 6  1 0.00000000E+00 0.00000000E+00 0.00000000E+00 0.00000000E+00 0.00000000E+00
 6  2 9.96602638E-01 0.00000000E+00 0.00000000E+00 9.76641526E-03 0.00000000E+00
 6  3 0.00000000E+00-4.15111028E-04 0.00000000E+00 0.00000000E+00 0.00000000E+00
 6  4 0.00000000E+00 0.00000000E+00 0.00000000E+00 1.06713801E-03 0.00000000E+00
 6  5 0.00000000E+00 0.00000000E+00 0.00000000E+00 3.03229910E-04 0.00000000E+00
 6  6 0.00000000E+00-1.04679400E-04 0.00000000E+00 0.00000000E+00 0.00000000E+00
 6  7 0.00000000E+00 3.00448642E-04 0.00000000E+00-2.01126293E-04 0.00000000E+00
 6  8 0.00000000E+00 0.00000000E+00 0.00000000E+00 3.03229910E-04 0.00000000E+00
 6  9 0.00000000E+00-1.04679400E-04 0.00000000E+00 0.00000000E+00 0.00000000E+00
 6 10 0.00000000E+00-3.00448642E-04 0.00000000E+00-2.01126293E-04
 7  1 4.27927730E-03-1.61064831E-02 6.39818073E-04-9.11421778E-04 0.00000000E+00
 7  2 0.00000000E+00 9.96435851E-01 0.00000000E+00 0.00000000E+00 9.52363638E-03
 7  3 0.00000000E+00 0.00000000E+00-4.13075928E-04-7.08810427E-04-6.22646256E-04
 7  4 1.33145668E-03 0.00000000E+00 0.00000000E+00 0.00000000E+00-5.58191804E-04
 7  5 6.76418070E-04 5.61206786E-04 1.24129425E-03 0.00000000E+00-2.98122551E-04
 7  6 6.05901837E-05 0.00000000E+00-2.34094694E-04 6.43537211E-04-2.82239028E-04
 7  7-3.61298182E-04 0.00000000E+00-3.00807701E-04 0.00000000E+00-5.58191804E-04
 7  8 6.76418070E-04 5.61206786E-04-1.24129425E-03 0.00000000E+00-2.98122551E-04
 7  9-6.05901837E-05 0.00000000E+00-2.34094694E-04 6.43537211E-04-2.82239028E-04
 7 10-3.61298182E-04 0.00000000E+00 3.00807701E-04 0.00000000E+00
 8  1 5.69004071E-02-1.68153969E-01 3.17926489E-01 9.77278972E-02 0.00000000E+00
 8  2 0.00000000E+00-7.12441945E-02 0.00000000E+00 0.00000000E+00 1.23661554E-01
 8  3 0.00000000E+00 0.00000000E+00-9.86242428E-03 6.22108010E-02-4.13793653E-02
 8  4-2.08314357E-02 0.00000000E+00 0.00000000E+00 0.00000000E+00-1.23137109E-01
 8  5 2.37367499E-01 2.41077024E-01 1.33045036E-01 0.00000000E+00-5.07912603E-02
 8  6 4.02448767E-02 0.00000000E+00-8.05100639E-03 1.59117842E-02-7.39305625E-03
 8  7-8.51872798E-03 0.00000000E+00-8.95222390E-03 0.00000000E+00-1.23137109E-01
 8  8 2.37367499E-01 2.41077024E-01-1.33045036E-01 0.00000000E+00-5.07912603E-02
 8  9-4.02448767E-02 0.00000000E+00-8.05100639E-03 1.59117842E-02-7.39305625E-03
 8 10-8.51872798E-03 0.00000000E+00 8.95222390E-03 0.00000000E+00
 9  1 0.00000000E+00 0.00000000E+00 0.00000000E+00 0.00000000E+00-1.74829159E-01
 9  2 0.00000000E+00 0.00000000E+00 3.16600029E-01 0.00000000E+00 0.00000000E+00
 9  3 1.15814376E-02 0.00000000E+00 0.00000000E+00 0.00000000E+00 0.00000000E+00
 9  4 0.00000000E+00 0.00000000E+00 8.72077874E-02 0.00000000E+00 1.44050519E-01
 9  5-2.81606565E-01-2.86511047E-01-1.21391302E-01 0.00000000E+00 6.08739637E-02
 9  6-2.15096583E-02 0.00000000E+00 1.60326811E-02-7.00864554E-03 5.89282136E-03
 9  7 1.11582418E-03 0.00000000E+00 1.14377536E-02 0.00000000E+00-1.44050519E-01
 9  8 2.81606565E-01 2.86511047E-01-1.21391302E-01 0.00000000E+00-6.08739637E-02
 9  9-2.15096583E-02 0.00000000E+00-1.60326811E-02 7.00864554E-03-5.89282136E-03
 9 10-1.11582418E-03 0.00000000E+00 1.14377536E-02 0.00000000E+00
10  1 5.73307922E-02-1.51633405E-01 3.75409910E-01 2.79403388E-01 0.00000000E+00
10  2 0.00000000E+00 5.43967034E-02 0.00000000E+00 0.00000000E+00-1.12932171E-01
10  3 0.00000000E+00 0.00000000E+00-8.84309996E-02-4.70682735E-03 2.20493482E-02
10  4-1.73425208E-02 0.00000000E+00 0.00000000E+00 0.00000000E+00 9.91031916E-02
10  5-2.02698582E-01-3.47494612E-01 1.82171271E-01 0.00000000E+00-1.56715326E-01
10  6 9.33099416E-02 0.00000000E+00-7.30793725E-02 6.02395963E-03-7.15402189E-03
10  7 1.13006226E-03 0.00000000E+00-1.24838510E-02 0.00000000E+00 9.91031916E-02
10  8-2.02698582E-01-3.47494612E-01-1.82171271E-01 0.00000000E+00-1.56715326E-01
10  9-9.33099416E-02 0.00000000E+00-7.30793725E-02 6.02395963E-03-7.15402189E-03
10 10 1.13006226E-03 0.00000000E+00 1.24838510E-02 0.00000000E+00
11  1 0.00000000E+00 0.00000000E+00 0.00000000E+00 0.00000000E+00 0.00000000E+00
11  2-2.03208579E-01 0.00000000E+00 0.00000000E+00 4.61701732E-01 0.00000000E+00
11  3 0.00000000E+00 1.85265906E-01 0.00000000E+00 0.00000000E+00 0.00000000E+00
11  4 0.00000000E+00 0.00000000E+00 0.00000000E+00 6.13446469E-02 0.00000000E+00
11  5 0.00000000E+00 0.00000000E+00 0.00000000E+00 3.25527752E-01 0.00000000E+00
11  6 0.00000000E+00 1.79026720E-01 0.00000000E+00 0.00000000E+00 0.00000000E+00
11  7 0.00000000E+00 2.62107977E-02 0.00000000E+00-1.09764680E-02 0.00000000E+00
11  8 0.00000000E+00 0.00000000E+00 0.00000000E+00 3.25527752E-01 0.00000000E+00
11  9 0.00000000E+00 1.79026720E-01 0.00000000E+00 0.00000000E+00 0.00000000E+00
11 10 0.00000000E+00-2.62107977E-02 0.00000000E+00-1.09764680E-02
12  1-6.36421079E-04 1.52305022E-02 1.24473325E-02-1.45099899E-01 0.00000000E+00
12  2 0.00000000E+00-1.81848148E-01 0.00000000E+00 0.00000000E+00 4.07922242E-01
12  3 0.00000000E+00 0.00000000E+00 1.32543607E-01-8.57536568E-02-4.75592521E-03
12  4 9.05095820E-02 0.00000000E+00 0.00000000E+00 0.00000000E+00 3.47396459E-02
12  5-7.04438191E-02-1.11732519E-01 2.58336691E-01 0.00000000E+00 2.27016521E-01
12  6 1.55778612E-01 0.00000000E+00 1.25303573E-01 2.23304197E-02-6.25726229E-03
12  7-1.60731574E-02 0.00000000E+00 8.48267175E-03 0.00000000E+00 3.47396459E-02
12  8-7.04438191E-02-1.11732519E-01-2.58336691E-01 0.00000000E+00 2.27016521E-01
12  9-1.55778612E-01 0.00000000E+00 1.25303573E-01 2.23304197E-02-6.25726229E-03
12 10-1.60731574E-02 0.00000000E+00-8.48267175E-03 0.00000000E+00
13  1 0.00000000E+00 0.00000000E+00 0.00000000E+00 0.00000000E+00-1.58645976E-01
13  2 0.00000000E+00 0.00000000E+00 3.60514112E-01 0.00000000E+00 0.00000000E+00
13  3-1.34205895E-02 0.00000000E+00 0.00000000E+00 0.00000000E+00 0.00000000E+00
13  4 0.00000000E+00 0.00000000E+00 2.74846366E-02 0.00000000E+00-6.88577636E-02
13  5 1.40817757E-01 2.71627600E-01-3.08957929E-01 0.00000000E+00 2.44242107E-01
13  6-1.52830592E-01 0.00000000E+00 1.41392516E-01-8.80759607E-03 1.06954385E-02
13  7-1.88784243E-03 0.00000000E+00 1.83834469E-02 0.00000000E+00 6.88577636E-02
13  8-1.40817757E-01-2.71627600E-01-3.08957929E-01 0.00000000E+00-2.44242107E-01
13  9-1.52830592E-01 0.00000000E+00-1.41392516E-01 8.80759607E-03-1.06954385E-02
13 10 1.88784243E-03 0.00000000E+00 1.83834469E-02 0.00000000E+00
14  1 0.00000000E+00 0.00000000E+00 0.00000000E+00 0.00000000E+00 0.00000000E+00
14  2 0.00000000E+00 0.00000000E+00 0.00000000E+00 0.00000000E+00 0.00000000E+00
14  3 0.00000000E+00 0.00000000E+00 0.00000000E+00 0.00000000E+00 0.00000000E+00
14  4 0.00000000E+00-1.64768753E-01 0.00000000E+00 0.00000000E+00 0.00000000E+00
14  5 0.00000000E+00 0.00000000E+00 0.00000000E+00 4.58533293E-01 0.00000000E+00
14  6 0.00000000E+00 3.06742517E-01 0.00000000E+00 0.00000000E+00 0.00000000E+00
14  7 0.00000000E+00 2.16725231E-02 0.00000000E+00-9.37430429E-03 0.00000000E+00
14  8 0.00000000E+00 0.00000000E+00 0.00000000E+00-4.58533293E-01 0.00000000E+00
14  9 0.00000000E+00-3.06742517E-01 0.00000000E+00 0.00000000E+00 0.00000000E+00
14 10 0.00000000E+00 2.16725231E-02 0.00000000E+00 9.37430429E-03
15  1 0.00000000E+00 0.00000000E+00 0.00000000E+00 0.00000000E+00-5.70528911E-03
15  2 0.00000000E+00 0.00000000E+00 5.10294737E-03 0.00000000E+00 0.00000000E+00
15  3 8.90749313E-02 0.00000000E+00 0.00000000E+00 0.00000000E+00 0.00000000E+00
15  4 0.00000000E+00 0.00000000E+00-1.54141222E-01 0.00000000E+00 1.80290068E-03
15  5-8.93932860E-03-2.05033049E-03 3.01098791E-01 0.00000000E+00 3.57589758E-01
15  6 1.84152666E-01 0.00000000E+00 2.44268282E-01 1.90684507E-02-1.31393819E-03
15  7-1.77545125E-02 0.00000000E+00 1.58870075E-02 0.00000000E+00-1.80290068E-03
15  8 8.93932860E-03 2.05033049E-03 3.01098791E-01 0.00000000E+00-3.57589758E-01
15  9 1.84152666E-01 0.00000000E+00-2.44268282E-01-1.90684507E-02 1.31393819E-03
15 10 1.77545125E-02 0.00000000E+00 1.58870075E-02 0.00000000E+00
16  1 2.35458615E-02-1.28059957E-01 7.88360851E-02 7.96660091E-01 0.00000000E+00
16  2 0.00000000E+00 1.34940500E-01 0.00000000E+00 0.00000000E+00-3.12946189E-01
16  3 0.00000000E+00 0.00000000E+00-1.39953983E-01-1.88892322E-01 8.93347543E-02
16  4 9.95575676E-02 0.00000000E+00 0.00000000E+00 0.00000000E+00 1.79765294E-02
16  5-3.41864771E-02-1.27260898E-01-1.40073232E-01 0.00000000E+00 3.52534608E-01
16  6-1.03762060E-01 0.00000000E+00 2.70234836E-01-6.89424712E-03 5.65845440E-03
16  7 1.23579272E-03 0.00000000E+00 1.12816146E-02 0.00000000E+00 1.79765294E-02
16  8-3.41864771E-02-1.27260898E-01 1.40073232E-01 0.00000000E+00 3.52534608E-01
16  9 1.03762060E-01 0.00000000E+00 2.70234836E-01-6.89424712E-03 5.65845440E-03
16 10 1.23579272E-03 0.00000000E+00-1.12816146E-02 0.00000000E+00
17  1 0.00000000E+00 0.00000000E+00 0.00000000E+00 0.00000000E+00 0.00000000E+00
17  2-2.09874446E-01 0.00000000E+00 0.00000000E+00 5.45260057E-01 0.00000000E+00
17  3 0.00000000E+00 6.31245428E-01 0.00000000E+00 0.00000000E+00 0.00000000E+00
17  4 0.00000000E+00 0.00000000E+00 0.00000000E+00-8.21755348E-02 0.00000000E+00
17  5 0.00000000E+00 0.00000000E+00 0.00000000E+00-3.79651730E-01 0.00000000E+00
17  6 0.00000000E+00-3.79214891E-01 0.00000000E+00 0.00000000E+00 0.00000000E+00
17  7 0.00000000E+00-3.85512868E-03 0.00000000E+00-1.42582507E-03 0.00000000E+00
17  8 0.00000000E+00 0.00000000E+00 0.00000000E+00-3.79651730E-01 0.00000000E+00
17  9 0.00000000E+00-3.79214891E-01 0.00000000E+00 0.00000000E+00 0.00000000E+00
17 10 0.00000000E+00 3.85512868E-03 0.00000000E+00-1.42582507E-03
18  1 1.15878871E-02-1.39670724E-01-4.93499006E-02 1.30314565E+00 0.00000000E+00
18  2 0.00000000E+00-1.30021983E-01 0.00000000E+00 0.00000000E+00 3.67626334E-01
18  3 0.00000000E+00 0.00000000E+00 1.00035319E+00-1.64439864E-01 2.27421555E-01
18  4-6.29816908E-02 0.00000000E+00 0.00000000E+00 0.00000000E+00 5.90462247E-02
18  5-1.03569179E-01-6.37611252E-01-2.77859494E-01 0.00000000E+00-1.42831504E-01
18  6-4.05725744E-01 0.00000000E+00-1.66955806E-01-8.93136591E-03 1.26393148E-02
18  7-3.70794893E-03 0.00000000E+00 7.50604970E-03 0.00000000E+00 5.90462247E-02
18  8-1.03569179E-01-6.37611252E-01 2.77859494E-01 0.00000000E+00-1.42831504E-01
18  9 4.05725744E-01 0.00000000E+00-1.66955806E-01-8.93136591E-03 1.26393148E-02
18 10-3.70794893E-03 0.00000000E+00-7.50604970E-03 0.00000000E+00
19  1 0.00000000E+00 0.00000000E+00 0.00000000E+00 0.00000000E+00-8.70730408E-02
19  2 0.00000000E+00 0.00000000E+00 2.38053961E-01 0.00000000E+00 0.00000000E+00
19  3 1.65647615E+00 0.00000000E+00 0.00000000E+00 0.00000000E+00 0.00000000E+00
19  4 0.00000000E+00 0.00000000E+00-1.81422567E-01 0.00000000E+00-6.58703763E-02
19  5 8.90970072E-02 9.01386137E-01-8.18727760E-03 0.00000000E+00-2.17125362E-01
19  6 8.75833785E-02 0.00000000E+00-3.01638753E-01 1.02348718E-02-3.95554342E-03
19  7-6.27932839E-03 0.00000000E+00-9.11833937E-03 0.00000000E+00 6.58703763E-02
19  8-8.90970072E-02-9.01386137E-01-8.18727760E-03 0.00000000E+00 2.17125362E-01
19  9 8.75833785E-02 0.00000000E+00 3.01638753E-01-1.02348718E-02 3.95554342E-03
19 10 6.27932839E-03 0.00000000E+00-9.11833937E-03 0.00000000E+00
20  1 0.00000000E+00 0.00000000E+00 0.00000000E+00 0.00000000E+00 0.00000000E+00
20  2 2.86593750E-01 0.00000000E+00 0.00000000E+00-1.09719353E+00 0.00000000E+00
20  3 0.00000000E+00 1.22329769E+00 0.00000000E+00 0.00000000E+00 0.00000000E+00
20  4 0.00000000E+00 0.00000000E+00 0.00000000E+00-1.74864680E-01 0.00000000E+00
20  5 0.00000000E+00 0.00000000E+00 0.00000000E+00-7.03927747E-03 0.00000000E+00
20  6 0.00000000E+00-6.91921204E-02 0.00000000E+00 0.00000000E+00 0.00000000E+00
20  7 0.00000000E+00-3.74516233E-02 0.00000000E+00 1.02807722E-02 0.00000000E+00
20  8 0.00000000E+00 0.00000000E+00 0.00000000E+00-7.03927747E-03 0.00000000E+00
20  9 0.00000000E+00-6.91921204E-02 0.00000000E+00 0.00000000E+00 0.00000000E+00
20 10 0.00000000E+00 3.74516233E-02 0.00000000E+00 1.02807722E-02
21  1 1.86497658E-02 5.77599058E-02 2.79615851E-01 4.64326742E-03 0.00000000E+00
21  2 0.00000000E+00 2.83806323E-01 0.00000000E+00 0.00000000E+00-1.04816883E+00
21  3 0.00000000E+00 0.00000000E+00 1.17772772E+00 3.05699762E-01-1.09911448E-01
21  4-1.95788315E-01 0.00000000E+00 0.00000000E+00 0.00000000E+00 3.85962582E-03
21  5 4.79806245E-02-3.05278905E-01 1.22505116E-01 0.00000000E+00-8.66443794E-03
21  6-8.41979650E-02 0.00000000E+00 2.84296167E-02-3.77882750E-02 1.03563151E-02
21  7 2.74319598E-02 0.00000000E+00-1.21582209E-02 0.00000000E+00 3.85962582E-03
21  8 4.79806245E-02-3.05278905E-01-1.22505116E-01 0.00000000E+00-8.66443794E-03
21  9 8.41979650E-02 0.00000000E+00 2.84296167E-02-3.77882750E-02 1.03563151E-02
21 10 2.74319598E-02 0.00000000E+00 1.21582209E-02 0.00000000E+00
22  1-1.04655255E-01-3.15630885E-01-1.52379714E+00 2.64412892E+00 0.00000000E+00
22  2 0.00000000E+00-1.57348105E-03 0.00000000E+00 0.00000000E+00 9.67087663E-02
22  3 0.00000000E+00 0.00000000E+00 2.69735998E-01 3.80591083E-01-2.77432812E-01
22  4-1.03158271E-01 0.00000000E+00 0.00000000E+00 0.00000000E+00 2.25678951E-02
22  5 9.19721189E-04-7.55977195E-01 2.51116581E-01 0.00000000E+00-1.26802091E-01
22  6-3.73311999E-01 0.00000000E+00 2.25551494E-01-5.15866930E-02 3.28968954E-02
22  7 1.86897976E-02 0.00000000E+00 4.75964080E-02 0.00000000E+00 2.25678951E-02
22  8 9.19721189E-04-7.55977195E-01-2.51116581E-01 0.00000000E+00-1.26802091E-01
22  9 3.73311999E-01 0.00000000E+00 2.25551494E-01-5.15866930E-02 3.28968954E-02
22 10 1.86897976E-02 0.00000000E+00-4.75964080E-02 0.00000000E+00
23  1 0.00000000E+00 0.00000000E+00 0.00000000E+00 0.00000000E+00 2.13463879E-01
23  2 0.00000000E+00 0.00000000E+00-6.35179393E-01 0.00000000E+00 0.00000000E+00
23  3 1.17387275E+00 0.00000000E+00 0.00000000E+00 0.00000000E+00 0.00000000E+00
23  4 0.00000000E+00 0.00000000E+00 6.90816429E-01 0.00000000E+00-1.44010935E-02
23  5-4.81671880E-02 6.62960347E-01-2.45774570E-01 0.00000000E+00 1.99220820E-01
23  6 3.43959145E-01 0.00000000E+00-4.49888573E-02 2.30192895E-02-3.55279661E-02
23  7 1.25086766E-02 0.00000000E+00-5.30256104E-02 0.00000000E+00 1.44010935E-02
23  8 4.81671880E-02-6.62960347E-01-2.45774570E-01 0.00000000E+00-1.99220820E-01
23  9 3.43959145E-01 0.00000000E+00 4.49888573E-02-2.30192895E-02 3.55279661E-02
23 10-1.25086766E-02 0.00000000E+00-5.30256104E-02 0.00000000E+00
24  1 0.00000000E+00 0.00000000E+00 0.00000000E+00 0.00000000E+00 0.00000000E+00
24  2 4.36824784E-02 0.00000000E+00 0.00000000E+00-1.90303784E-01 0.00000000E+00
24  3 0.00000000E+00 2.92333247E-01 0.00000000E+00 0.00000000E+00 0.00000000E+00
24  4 0.00000000E+00 0.00000000E+00 0.00000000E+00 9.51978556E-01 0.00000000E+00
24  5 0.00000000E+00 0.00000000E+00 0.00000000E+00-2.45097947E-01 0.00000000E+00
24  6 0.00000000E+00-1.25840740E-02 0.00000000E+00 0.00000000E+00 0.00000000E+00
24  7 0.00000000E+00 2.96968508E-02 0.00000000E+00 3.91688111E-02 0.00000000E+00
24  8 0.00000000E+00 0.00000000E+00 0.00000000E+00-2.45097947E-01 0.00000000E+00
24  9 0.00000000E+00-1.25840740E-02 0.00000000E+00 0.00000000E+00 0.00000000E+00
24 10 0.00000000E+00-2.96968508E-02 0.00000000E+00 3.91688111E-02
25  1 2.66993230E-02 6.71465366E-02 3.81244739E-01 3.19242236E-01 0.00000000E+00
25  2 0.00000000E+00-1.64302837E-02 0.00000000E+00 0.00000000E+00 8.53637134E-02
25  3 0.00000000E+00 0.00000000E+00 2.90016860E-01-1.60207904E-02-7.98732512E-01
25  4 8.14753302E-01 0.00000000E+00 0.00000000E+00 0.00000000E+00 2.62862963E-02
25  5-8.01131851E-02-2.74776699E-01-9.90259777E-02 0.00000000E+00-2.25186855E-01
25  6-3.21812366E-01 0.00000000E+00 1.17116697E-01 1.99191876E-02-3.74957076E-02
25  7 1.75765200E-02 0.00000000E+00 3.68190705E-02 0.00000000E+00 2.62862963E-02
25  8-8.01131851E-02-2.74776699E-01 9.90259777E-02 0.00000000E+00-2.25186855E-01
25  9 3.21812366E-01 0.00000000E+00 1.17116697E-01 1.99191876E-02-3.74957076E-02
25 10 1.75765200E-02 0.00000000E+00-3.68190705E-02 0.00000000E+00
26  1-5.81972891E-02-2.77044106E-01-9.98820208E-01-8.00493407E-01 0.00000000E+00
26  2 0.00000000E+00 9.83026865E-02 0.00000000E+00 0.00000000E+00-5.65201424E-01
26  3 0.00000000E+00 0.00000000E+00-2.50600828E-02-3.64798767E-01 6.90032508E-02
26  4 2.95795516E-01 0.00000000E+00 0.00000000E+00 0.00000000E+00-5.22654650E-02
26  5 5.19551617E-02 6.68776074E-01-3.21762358E-01 0.00000000E+00-6.96386403E-02
26  6 1.08367391E+00 0.00000000E+00-3.75615106E-01-7.43397260E-03-4.13752571E-03
26  7 1.15714983E-02 0.00000000E+00 1.27285984E-02 0.00000000E+00-5.22654650E-02
26  8 5.19551617E-02 6.68776074E-01 3.21762358E-01 0.00000000E+00-6.96386403E-02
26  9-1.08367391E+00 0.00000000E+00-3.75615106E-01-7.43397260E-03-4.13752571E-03
26 10 1.15714983E-02 0.00000000E+00-1.27285984E-02 0.00000000E+00
27  1 0.00000000E+00 0.00000000E+00 0.00000000E+00 0.00000000E+00-2.29368798E-01
27  2 0.00000000E+00 0.00000000E+00 1.22884369E+00 0.00000000E+00 0.00000000E+00
27  3-1.28662057E-01 0.00000000E+00 0.00000000E+00 0.00000000E+00 0.00000000E+00
27  4 0.00000000E+00 0.00000000E+00 1.70352463E-01 0.00000000E+00-5.33224017E-02
27  5 1.05973491E-01 4.83876027E-01-1.40912814E-01 0.00000000E+00 1.89788437E-01
27  6 9.83566593E-01 0.00000000E+00-5.90176400E-01-9.31934981E-03 1.60678993E-02
27  7-6.74854953E-03 0.00000000E+00 2.81694906E-02 0.00000000E+00 5.33224017E-02
27  8-1.05973491E-01-4.83876027E-01-1.40912814E-01 0.00000000E+00-1.89788437E-01
27  9 9.83566593E-01 0.00000000E+00 5.90176400E-01 9.31934981E-03-1.60678993E-02
27 10 6.74854953E-03 0.00000000E+00 2.81694906E-02 0.00000000E+00
28  1 0.00000000E+00 0.00000000E+00 0.00000000E+00 0.00000000E+00 0.00000000E+00
28  2 0.00000000E+00 0.00000000E+00 0.00000000E+00 0.00000000E+00 0.00000000E+00
28  3 0.00000000E+00 0.00000000E+00 0.00000000E+00 0.00000000E+00 0.00000000E+00
28  4 0.00000000E+00 1.00849309E+00 0.00000000E+00 0.00000000E+00 0.00000000E+00
28  5 0.00000000E+00 0.00000000E+00 0.00000000E+00 2.91798417E-01 0.00000000E+00
28  6 0.00000000E+00 1.64884339E-01 0.00000000E+00 0.00000000E+00 0.00000000E+00
28  7 0.00000000E+00-4.65040395E-02 0.00000000E+00 5.06527479E-02 0.00000000E+00
28  8 0.00000000E+00 0.00000000E+00 0.00000000E+00-2.91798417E-01 0.00000000E+00
28  9 0.00000000E+00-1.64884339E-01 0.00000000E+00 0.00000000E+00 0.00000000E+00
28 10 0.00000000E+00-4.65040395E-02 0.00000000E+00-5.06527479E-02
29  1 0.00000000E+00 0.00000000E+00 0.00000000E+00 0.00000000E+00 0.00000000E+00
29  2 0.00000000E+00 0.00000000E+00 0.00000000E+00 0.00000000E+00 0.00000000E+00
29  3 0.00000000E+00 0.00000000E+00 0.00000000E+00 0.00000000E+00 0.00000000E+00
29  4 0.00000000E+00 2.63821445E-01 0.00000000E+00 0.00000000E+00 0.00000000E+00
29  5 0.00000000E+00 0.00000000E+00 0.00000000E+00-5.98745634E-01 0.00000000E+00
29  6 0.00000000E+00 8.32976299E-01 0.00000000E+00 0.00000000E+00 0.00000000E+00
29  7 0.00000000E+00-2.89950427E-02 0.00000000E+00 1.17693964E-02 0.00000000E+00
29  8 0.00000000E+00 0.00000000E+00 0.00000000E+00 5.98745634E-01 0.00000000E+00
29  9 0.00000000E+00-8.32976299E-01 0.00000000E+00 0.00000000E+00 0.00000000E+00
29 10 0.00000000E+00-2.89950427E-02 0.00000000E+00-1.17693964E-02
30  1 1.88376074E-02 1.01460152E-01 3.37300832E-01-1.59266109E-01 0.00000000E+00
30  2 0.00000000E+00-4.97328710E-02 0.00000000E+00 0.00000000E+00 1.87788499E-01
30  3 0.00000000E+00 0.00000000E+00-8.77833984E-01 2.65374788E-01 1.28144795E-01
30  4-3.93519583E-01 0.00000000E+00 0.00000000E+00 0.00000000E+00-2.53030495E-03
30  5 7.06738674E-02-7.12324596E-03-2.58976459E-01 0.00000000E+00-4.84902735E-01
30  6 2.37451169E-01 0.00000000E+00 9.65158007E-01-7.04055886E-03-3.25830582E-03
30  7 1.02988647E-02 0.00000000E+00-3.36846354E-02 0.00000000E+00-2.53030495E-03
30  8 7.06738674E-02-7.12324596E-03 2.58976459E-01 0.00000000E+00-4.84902735E-01
30  9-2.37451169E-01 0.00000000E+00 9.65158007E-01-7.04055886E-03-3.25830582E-03
30 10 1.02988647E-02 0.00000000E+00 3.36846354E-02 0.00000000E+00
31  1 0.00000000E+00 0.00000000E+00 0.00000000E+00 0.00000000E+00-8.07547840E-02
31  2 0.00000000E+00 0.00000000E+00 3.74108031E-01 0.00000000E+00 0.00000000E+00
31  3-5.46288323E-01 0.00000000E+00 0.00000000E+00 0.00000000E+00 0.00000000E+00
31  4 0.00000000E+00 0.00000000E+00 1.98756253E-01 0.00000000E+00-5.08619755E-04
31  5-6.31979276E-02 3.19228578E-02-1.89573487E-01 0.00000000E+00-5.75766459E-01
31  6 5.76073374E-01 0.00000000E+00 7.11060268E-01-4.59557844E-02 1.96315569E-02
31  7 2.63242275E-02 0.00000000E+00-1.45199251E-02 0.00000000E+00 5.08619755E-04
31  8 6.31979276E-02-3.19228578E-02-1.89573487E-01 0.00000000E+00 5.75766459E-01
31  9 5.76073374E-01 0.00000000E+00-7.11060268E-01 4.59557844E-02-1.96315569E-02
31 10-2.63242275E-02 0.00000000E+00-1.45199251E-02 0.00000000E+00
32  1 0.00000000E+00 0.00000000E+00 0.00000000E+00 0.00000000E+00 0.00000000E+00
32  2-3.30210096E-02 0.00000000E+00 0.00000000E+00 8.40177175E-02 0.00000000E+00
32  3 0.00000000E+00-9.22599619E-01 0.00000000E+00 0.00000000E+00 0.00000000E+00
32  4 0.00000000E+00 0.00000000E+00 0.00000000E+00-2.89389034E-01 0.00000000E+00
32  5 0.00000000E+00 0.00000000E+00 0.00000000E+00-5.95451541E-01 0.00000000E+00
32  6 0.00000000E+00 1.04729191E+00 0.00000000E+00 0.00000000E+00 0.00000000E+00
32  7 0.00000000E+00-4.52471641E-02 0.00000000E+00 9.12418390E-03 0.00000000E+00
32  8 0.00000000E+00 0.00000000E+00 0.00000000E+00-5.95451541E-01 0.00000000E+00
32  9 0.00000000E+00 1.04729191E+00 0.00000000E+00 0.00000000E+00 0.00000000E+00
32 10 0.00000000E+00 4.52471641E-02 0.00000000E+00 9.12418390E-03
33  1 1.54614612E-02-1.72750589E-01-3.45705412E-02 9.18602206E-01 0.00000000E+00
33  2 0.00000000E+00-1.19303129E-01 0.00000000E+00 0.00000000E+00 4.57013239E-01
33  3 0.00000000E+00 0.00000000E+00 1.35391651E-01 1.08068525E+00-7.07658450E-01
33  4-3.73026795E-01 0.00000000E+00 0.00000000E+00 0.00000000E+00 3.41088609E-02
33  5-2.33684440E-01-5.55178044E-01-4.88067548E-01 0.00000000E+00 3.97518088E-01
33  6 2.70913010E-02 0.00000000E+00-3.83875804E-02-4.31753678E-02-6.04566646E-02
33  7 1.03632032E-01 0.00000000E+00-5.10088302E-02 0.00000000E+00 3.41088609E-02
33  8-2.33684440E-01-5.55178044E-01 4.88067548E-01 0.00000000E+00 3.97518088E-01
33  9-2.70913010E-02 0.00000000E+00-3.83875804E-02-4.31753678E-02-6.04566646E-02
33 10 1.03632032E-01 0.00000000E+00 5.10088302E-02 0.00000000E+00
34  1 0.00000000E+00 0.00000000E+00 0.00000000E+00 0.00000000E+00-2.12702204E-01
34  2 0.00000000E+00 0.00000000E+00 7.62499176E-01 0.00000000E+00 0.00000000E+00
34  3 5.86280630E-01 0.00000000E+00 0.00000000E+00 0.00000000E+00 0.00000000E+00
34  4 0.00000000E+00 0.00000000E+00 9.34146951E-01 0.00000000E+00-3.51291857E-02
34  5 1.20617840E-01 7.28919099E-01 6.67261988E-01 0.00000000E+00-1.13316577E-01
34  6-1.39961111E-01 0.00000000E+00-5.59125122E-02-1.06368780E-01-2.39568543E-02
34  7 1.30325635E-01 0.00000000E+00 1.19724465E-02 0.00000000E+00 3.51291857E-02
34  8-1.20617840E-01-7.28919099E-01 6.67261988E-01 0.00000000E+00 1.13316577E-01
34  9-1.39961111E-01 0.00000000E+00 5.59125122E-02 1.06368780E-01 2.39568543E-02
34 10-1.30325635E-01 0.00000000E+00 1.19724465E-02 0.00000000E+00
35  1 0.00000000E+00 0.00000000E+00 0.00000000E+00 0.00000000E+00 3.54023701E-03
35  2 0.00000000E+00 0.00000000E+00 2.87476227E-01 0.00000000E+00 0.00000000E+00
35  3 1.39182159E+00 0.00000000E+00 0.00000000E+00 0.00000000E+00 0.00000000E+00
35  4 0.00000000E+00 0.00000000E+00 9.49617305E-02 0.00000000E+00 2.42595918E-03
35  5-1.27241560E+00 2.19820941E+00 2.64649164E-02 0.00000000E+00 5.98683649E-02
35  6 3.17249753E-01 0.00000000E+00-4.23795567E-01-4.33674251E-02 1.06870741E-01
35  7-6.35033157E-02 0.00000000E+00 1.58750756E-01 0.00000000E+00-2.42595918E-03
35  8 1.27241560E+00-2.19820941E+00 2.64649164E-02 0.00000000E+00-5.98683649E-02
35  9 3.17249753E-01 0.00000000E+00 4.23795567E-01 4.33674251E-02-1.06870741E-01
35 10 6.35033157E-02 0.00000000E+00 1.58750756E-01 0.00000000E+00
36  1-1.01679162E-02-8.57553760E-02-2.06097733E-01 2.56831436E+00 0.00000000E+00
36  2 0.00000000E+00-1.81481789E-02 0.00000000E+00 0.00000000E+00 2.32690000E-01
36  3 0.00000000E+00 0.00000000E+00 9.06215555E-01 2.47122148E-01-2.38183292E-01
36  4-8.93885639E-03 0.00000000E+00 0.00000000E+00 0.00000000E+00 7.75151085E-03
36  5 1.24521163E+00-2.40410130E+00-3.88228036E-02 0.00000000E+00 9.20941710E-02
36  6-7.27840130E-01 0.00000000E+00 2.76062600E-02 2.03948190E-01-8.28452754E-02
36  7-1.21102915E-01 0.00000000E+00-6.47545683E-02 0.00000000E+00 7.75151085E-03
36  8 1.24521163E+00-2.40410130E+00 3.88228036E-02 0.00000000E+00 9.20941710E-02
36  9 7.27840130E-01 0.00000000E+00 2.76062600E-02 2.03948190E-01-8.28452754E-02
36 10-1.21102915E-01 0.00000000E+00 6.47545683E-02 0.00000000E+00
37  1 0.00000000E+00 0.00000000E+00 0.00000000E+00 0.00000000E+00 0.00000000E+00
37  2 0.00000000E+00 0.00000000E+00 0.00000000E+00 0.00000000E+00 0.00000000E+00
37  3 0.00000000E+00 0.00000000E+00 0.00000000E+00 0.00000000E+00 0.00000000E+00
37  4 0.00000000E+00 4.15958607E-02 0.00000000E+00 0.00000000E+00 0.00000000E+00
37  5 0.00000000E+00 0.00000000E+00 0.00000000E+00-1.87904894E-02 0.00000000E+00
37  6 0.00000000E+00 3.35257250E-02 0.00000000E+00 0.00000000E+00 0.00000000E+00
37  7 0.00000000E+00 4.39217151E-01 0.00000000E+00 5.55325637E-01 0.00000000E+00
37  8 0.00000000E+00 0.00000000E+00 0.00000000E+00 1.87904894E-02 0.00000000E+00
37  9 0.00000000E+00-3.35257250E-02 0.00000000E+00 0.00000000E+00 0.00000000E+00
37 10 0.00000000E+00 4.39217151E-01 0.00000000E+00-5.55325637E-01
38  1 0.00000000E+00 0.00000000E+00 0.00000000E+00 0.00000000E+00-1.12919804E-02
38  2 0.00000000E+00 0.00000000E+00 6.86747064E-03 0.00000000E+00 0.00000000E+00
38  3 5.63106106E-02 0.00000000E+00 0.00000000E+00 0.00000000E+00 0.00000000E+00
38  4 0.00000000E+00 0.00000000E+00-1.85266023E-02 0.00000000E+00-1.20311450E-03
38  5 2.73492539E-02-1.09380781E-02 4.54269762E-02 0.00000000E+00 2.65732979E-02
38  6-7.65404518E-02 0.00000000E+00-4.32419370E-02-2.68361403E-01 6.03524418E-01
38  7-3.35163015E-01 0.00000000E+00-3.68128019E-01 0.00000000E+00 1.20311450E-03
38  8-2.73492539E-02 1.09380781E-02 4.54269762E-02 0.00000000E+00-2.65732979E-02
38  9-7.65404518E-02 0.00000000E+00 4.32419370E-02 2.68361403E-01-6.03524418E-01
38 10 3.35163015E-01 0.00000000E+00-3.68128019E-01 0.00000000E+00
39  1 0.00000000E+00 0.00000000E+00 0.00000000E+00 0.00000000E+00 0.00000000E+00
39  2-3.35839906E-02 0.00000000E+00 0.00000000E+00 1.44139629E-01 0.00000000E+00
39  3 0.00000000E+00 1.09729651E-02 0.00000000E+00 0.00000000E+00 0.00000000E+00
39  4 0.00000000E+00 0.00000000E+00 0.00000000E+00-8.85379957E-02 0.00000000E+00
39  5 0.00000000E+00 0.00000000E+00 0.00000000E+00 3.38013934E-02 0.00000000E+00
39  6 0.00000000E+00-5.37373284E-02 0.00000000E+00 0.00000000E+00 0.00000000E+00
39  7 0.00000000E+00 4.50852170E-02 0.00000000E+00 7.09285425E-01 0.00000000E+00
39  8 0.00000000E+00 0.00000000E+00 0.00000000E+00 3.38013934E-02 0.00000000E+00
39  9 0.00000000E+00-5.37373284E-02 0.00000000E+00 0.00000000E+00 0.00000000E+00
39 10 0.00000000E+00-4.50852170E-02 0.00000000E+00 7.09285425E-01
40  1-8.42844804E-04-3.58838812E-02-5.77240103E-02 2.72488756E-02 0.00000000E+00
40  2 0.00000000E+00-3.28423442E-03 0.00000000E+00 0.00000000E+00-1.06058064E-02
40  3 0.00000000E+00 0.00000000E+00 1.05811452E-02 1.35112394E-01-2.41604187E-01
40  4 1.06491792E-01 0.00000000E+00 0.00000000E+00 0.00000000E+00 2.91344924E-03
40  5-1.00705351E-01 4.66784793E-02-6.84519168E-02 0.00000000E+00 2.70738045E-02
40  6 5.41048738E-02 0.00000000E+00-1.60925834E-02-6.76123707E-02 5.97360205E-01
40  7-5.29747835E-01 0.00000000E+00-2.70889239E-01 0.00000000E+00 2.91344924E-03
40  8-1.00705351E-01 4.66784793E-02 6.84519168E-02 0.00000000E+00 2.70738045E-02
40  9-5.41048738E-02 0.00000000E+00-1.60925834E-02-6.76123707E-02 5.97360205E-01
40 10-5.29747835E-01 0.00000000E+00 2.70889239E-01 0.00000000E+00
41  1 0.00000000E+00 0.00000000E+00 0.00000000E+00 0.00000000E+00 0.00000000E+00
41  2 8.87175860E-02 0.00000000E+00 0.00000000E+00-3.80048049E-01 0.00000000E+00
41  3 0.00000000E+00-1.62535224E-01 0.00000000E+00 0.00000000E+00 0.00000000E+00
41  4 0.00000000E+00 0.00000000E+00 0.00000000E+00-3.65279820E-01 0.00000000E+00
41  5 0.00000000E+00 0.00000000E+00 0.00000000E+00-6.07536237E-02 0.00000000E+00
41  6 0.00000000E+00 2.52670722E-01 0.00000000E+00 0.00000000E+00 0.00000000E+00
41  7 0.00000000E+00 7.59184785E-01 0.00000000E+00-6.49474616E-02 0.00000000E+00
41  8 0.00000000E+00 0.00000000E+00 0.00000000E+00-6.07536237E-02 0.00000000E+00
41  9 0.00000000E+00 2.52670722E-01 0.00000000E+00 0.00000000E+00 0.00000000E+00
41 10 0.00000000E+00-7.59184785E-01 0.00000000E+00-6.49474616E-02
42  1 0.00000000E+00 0.00000000E+00 0.00000000E+00 0.00000000E+00-1.12263804E-02
42  2 0.00000000E+00 0.00000000E+00 1.88839236E-01 0.00000000E+00 0.00000000E+00
42  3 1.31393611E-01 0.00000000E+00 0.00000000E+00 0.00000000E+00 0.00000000E+00
42  4 0.00000000E+00 0.00000000E+00-5.92408565E-01 0.00000000E+00 6.62075139E-04
42  5-3.32825652E-01 3.25849788E-01-1.22676932E-01 0.00000000E+00 9.71480448E-02
42  6 5.30571750E-02 0.00000000E+00-2.69559142E-01-4.02632555E-01-1.93947075E-01
42  7 5.96579630E-01 0.00000000E+00-4.23428787E-01 0.00000000E+00-6.62075139E-04
42  8 3.32825652E-01-3.25849788E-01-1.22676932E-01 0.00000000E+00-9.71480448E-02
42  9 5.30571750E-02 0.00000000E+00 2.69559142E-01 4.02632555E-01 1.93947075E-01
42 10-5.96579630E-01 0.00000000E+00-4.23428787E-01 0.00000000E+00
43  1 0.00000000E+00 0.00000000E+00 0.00000000E+00 0.00000000E+00 0.00000000E+00
43  2 0.00000000E+00 0.00000000E+00 0.00000000E+00 0.00000000E+00 0.00000000E+00
43  3 0.00000000E+00 0.00000000E+00 0.00000000E+00 0.00000000E+00 0.00000000E+00
43  4 0.00000000E+00 7.23277273E-01 0.00000000E+00 0.00000000E+00 0.00000000E+00
43  5 0.00000000E+00 0.00000000E+00 0.00000000E+00 7.99799584E-03 0.00000000E+00
43  6 0.00000000E+00 2.46166825E-01 0.00000000E+00 0.00000000E+00 0.00000000E+00
43  7 0.00000000E+00 6.44377260E-01 0.00000000E+00-4.83292801E-01 0.00000000E+00
43  8 0.00000000E+00 0.00000000E+00 0.00000000E+00-7.99799584E-03 0.00000000E+00
43  9 0.00000000E+00-2.46166825E-01 0.00000000E+00 0.00000000E+00 0.00000000E+00
43 10 0.00000000E+00 6.44377260E-01 0.00000000E+00 4.83292801E-01
44  1-6.13763054E-03-6.81404306E-02-1.76251387E-01-5.03001554E-01 0.00000000E+00
44  2 0.00000000E+00 8.97174193E-02 0.00000000E+00 0.00000000E+00-4.84534598E-01
44  3 0.00000000E+00 0.00000000E+00-3.61635130E-01 5.37839375E-01 2.49378817E-02
44  4-5.62777256E-01 0.00000000E+00 0.00000000E+00 0.00000000E+00-8.31674635E-03
44  5-3.97601455E-01 6.24813926E-01-8.98098870E-02 0.00000000E+00 3.64795636E-02
44  6 3.87353820E-01 0.00000000E+00 2.01146217E-01 6.24541286E-01-1.13082446E-01
44  7-5.11458839E-01 0.00000000E+00 4.36394157E-01 0.00000000E+00-8.31674635E-03
44  8-3.97601455E-01 6.24813926E-01 8.98098870E-02 0.00000000E+00 3.64795636E-02
44  9-3.87353820E-01 0.00000000E+00 2.01146217E-01 6.24541286E-01-1.13082446E-01
44 10-5.11458839E-01 0.00000000E+00-4.36394157E-01 0.00000000E+00
45  1-6.85841419E-02-2.98648672E-01-1.27405045E+00-1.54575499E+00 0.00000000E+00
45  2 0.00000000E+00 8.45578239E-02 0.00000000E+00 0.00000000E+00-7.69328749E-01
45  3 0.00000000E+00 0.00000000E+00-2.24107374E-01-8.90923280E-01 5.27800240E-01
45  4 3.63123040E-01 0.00000000E+00 0.00000000E+00 0.00000000E+00-4.47383841E-02
45  5-5.50961389E-01 1.82630469E+00 2.03425944E-01 0.00000000E+00-1.28716125E-01
45  6 8.57687064E-01 0.00000000E+00-4.48391340E-01 5.25259212E-01-4.72802191E-01
45  7-5.24570209E-02 0.00000000E+00-7.07637660E-01 0.00000000E+00-4.47383841E-02
45  8-5.50961389E-01 1.82630469E+00-2.03425944E-01 0.00000000E+00-1.28716125E-01
45  9-8.57687064E-01 0.00000000E+00-4.48391340E-01 5.25259212E-01-4.72802191E-01
45 10-5.24570209E-02 0.00000000E+00 7.07637660E-01 0.00000000E+00
46  1 0.00000000E+00 0.00000000E+00 0.00000000E+00 0.00000000E+00-2.26256469E-01
46  2 0.00000000E+00 0.00000000E+00 1.82608856E+00 0.00000000E+00 0.00000000E+00
46  3 4.28124451E-01 0.00000000E+00 0.00000000E+00 0.00000000E+00 0.00000000E+00
46  4 0.00000000E+00 0.00000000E+00 7.63114663E-01 0.00000000E+00-4.43892613E-02
46  5-4.59751837E-01 1.66458443E+00 2.62546422E-01 0.00000000E+00-9.46761116E-02
46  6 8.36544016E-01 0.00000000E+00-3.68692997E-01 7.34100864E-01-4.12895735E-01
46  7-3.21205128E-01 0.00000000E+00-5.66758745E-01 0.00000000E+00 4.43892613E-02
46  8 4.59751837E-01-1.66458443E+00 2.62546422E-01 0.00000000E+00 9.46761116E-02
46  9 8.36544016E-01 0.00000000E+00 3.68692997E-01-7.34100864E-01 4.12895735E-01
46 10 3.21205128E-01 0.00000000E+00-5.66758745E-01 0.00000000E+00
 $END   
 POPULATION ANALYSIS
S           15.37305   0.62695  15.32757   0.67243
O            8.31348  -0.31348   8.33622  -0.33622
O            8.31348  -0.31348   8.33622  -0.33622
 MOMENTS AT POINT    1 X,Y,Z=  0.000000  0.000000  0.000000
 DIPOLE       0.000000  0.000000 -0.711464
