 $DATA  
Title                                                                           
CNV      2

S          16.0      0.0000000000      0.0000000000     -0.1682790653
   PC1     0
        
O           8.0      1.2557035742      0.0000000000      0.1681856933
   PC1     0
        
 $END      
 $ZMAT   IZMAT(1)=
         1,   3,   1,
         1,   2,   1,
         2,   2,   1,   3,
 $END
--- CLOSED SHELL ORBITALS --- GENERATED AT Thu Feb 26 00:14:43 2015
Title                                                                           
E(R-PBE)=     -548.1062940765, E(NUC)=  117.6926177298,   17 ITERS
 $VEC   
 1  1 1.00299245E+00-1.02156505E-02 2.06394079E-03-2.59892910E-04 0.00000000E+00
 1  2 0.00000000E+00 6.60229620E-05 0.00000000E+00 0.00000000E+00 1.31094950E-04
 1  3 0.00000000E+00 0.00000000E+00 4.34644943E-05 3.79748871E-04-2.02000452E-04
 1  4-1.77748419E-04 0.00000000E+00 0.00000000E+00 0.00000000E+00 1.90711995E-05
 1  5 2.64459136E-05-4.81708110E-04-1.60369649E-04 0.00000000E+00 5.31491140E-05
 1  6-3.61387487E-04 0.00000000E+00 1.17630350E-04-1.46117554E-04 9.13070140E-05
 1  7 5.48105402E-05 0.00000000E+00 1.05280979E-04 0.00000000E+00 1.90711995E-05
 1  8 2.64459136E-05-4.81708110E-04 1.60369649E-04 0.00000000E+00 5.31491140E-05
 1  9 3.61387487E-04 0.00000000E+00 1.17630350E-04-1.46117554E-04 9.13070140E-05
 1 10 5.48105402E-05 0.00000000E+00-1.05280979E-04 0.00000000E+00
 2  1 0.00000000E+00 0.00000000E+00 0.00000000E+00 0.00000000E+00-2.22205704E-04
 2  2 0.00000000E+00 0.00000000E+00-8.78954050E-04 0.00000000E+00 0.00000000E+00
 2  3-8.25146914E-03 0.00000000E+00 0.00000000E+00 0.00000000E+00 0.00000000E+00
 2  4 0.00000000E+00 0.00000000E+00 6.43906355E-04 0.00000000E+00 7.03260093E-01
 2  5 2.68149507E-02-1.51928926E-02 1.15904721E-03 0.00000000E+00-2.65983187E-04
 2  6-2.40691473E-03 0.00000000E+00 1.65849950E-03 7.94733435E-05 5.81943531E-05
 2  7-1.37667697E-04 0.00000000E+00 2.88335130E-04 0.00000000E+00-7.03260093E-01
 2  8-2.68149507E-02 1.51928926E-02 1.15904721E-03 0.00000000E+00 2.65983187E-04
 2  9-2.40691473E-03 0.00000000E+00-1.65849950E-03-7.94733435E-05-5.81943531E-05
 2 10 1.37667697E-04 0.00000000E+00 2.88335130E-04 0.00000000E+00
 3  1-5.74217995E-05 5.29121074E-04-8.22361133E-05 9.39019235E-03 0.00000000E+00
 3  2 0.00000000E+00 2.29572076E-05 0.00000000E+00 0.00000000E+00 4.56989798E-04
 3  3 0.00000000E+00 0.00000000E+00 2.55622019E-03-1.29508396E-03 5.05045555E-04
 3  4 7.90038400E-04 0.00000000E+00 0.00000000E+00 0.00000000E+00 7.03221194E-01
 3  5 2.64866301E-02-1.29287391E-02 1.58325693E-03 0.00000000E+00-1.56183881E-04
 3  6-3.77071728E-03 0.00000000E+00-2.22748899E-04-2.13039739E-04 3.96370119E-05
 3  7 1.73402727E-04 0.00000000E+00-2.47026312E-04 0.00000000E+00 7.03221194E-01
 3  8 2.64866301E-02-1.29287391E-02-1.58325693E-03 0.00000000E+00-1.56183881E-04
 3  9 3.77071728E-03 0.00000000E+00-2.22748899E-04-2.13039739E-04 3.96370119E-05
 3 10 1.73402727E-04 0.00000000E+00 2.47026312E-04 0.00000000E+00
 4  1-2.73911868E-01 1.03940375E+00 4.24377679E-02-7.59417268E-03 0.00000000E+00
 4  2 0.00000000E+00 1.51335522E-02 0.00000000E+00 0.00000000E+00 2.17758592E-03
 4  3 0.00000000E+00 0.00000000E+00-2.10821833E-04 3.25668550E-03-1.64031387E-03
 4  4-1.61637163E-03 0.00000000E+00 0.00000000E+00 0.00000000E+00-4.87089122E-04
 4  5 1.81320119E-05-2.65813654E-03-3.46230979E-04 0.00000000E+00 1.51875513E-04
 4  6-2.65137394E-03 0.00000000E+00 9.57657942E-04 2.59133538E-04-8.29047465E-05
 4  7-1.76228792E-04 0.00000000E+00 9.21717824E-05 0.00000000E+00-4.87089122E-04
 4  8 1.81320119E-05-2.65813654E-03 3.46230979E-04 0.00000000E+00 1.51875513E-04
 4  9 2.65137394E-03 0.00000000E+00 9.57657942E-04 2.59133538E-04-8.29047465E-05
 4 10-1.76228792E-04 0.00000000E+00-9.21717824E-05 0.00000000E+00
 5  1 0.00000000E+00 0.00000000E+00 0.00000000E+00 0.00000000E+00 9.95639285E-01
 5  2 0.00000000E+00 0.00000000E+00 1.10174076E-02 0.00000000E+00 0.00000000E+00
 5  3-5.14419467E-04 0.00000000E+00 0.00000000E+00 0.00000000E+00 0.00000000E+00
 5  4 0.00000000E+00 0.00000000E+00 1.93925730E-03 0.00000000E+00 1.29428964E-03
 5  5-1.46743030E-03-6.48733902E-05-2.41386953E-03 0.00000000E+00 8.06998612E-04
 5  6 2.62378824E-04 0.00000000E+00 2.95752902E-04-1.16425491E-03 7.59929510E-04
 5  7 4.04325396E-04 0.00000000E+00 9.70425936E-04 0.00000000E+00-1.29428964E-03
 5  8 1.46743030E-03 6.48733902E-05-2.41386953E-03 0.00000000E+00-8.06998612E-04
 5  9 2.62378824E-04 0.00000000E+00-2.95752902E-04 1.16425491E-03-7.59929510E-04
 5 10-4.04325396E-04 0.00000000E+00 9.70425936E-04 0.00000000E+00
 6  1 0.00000000E+00 0.00000000E+00 0.00000000E+00 0.00000000E+00 0.00000000E+00
 6  2 9.96751752E-01 0.00000000E+00 0.00000000E+00 9.29720760E-03 0.00000000E+00
 6  3 0.00000000E+00-3.54025042E-04 0.00000000E+00 0.00000000E+00 0.00000000E+00
 6  4 0.00000000E+00 0.00000000E+00 0.00000000E+00 1.09948184E-03 0.00000000E+00
 6  5 0.00000000E+00 0.00000000E+00 0.00000000E+00 3.15644544E-04 0.00000000E+00
 6  6 0.00000000E+00-2.17008279E-05 0.00000000E+00 0.00000000E+00 0.00000000E+00
 6  7 0.00000000E+00 3.97320059E-04 0.00000000E+00-1.64940221E-04 0.00000000E+00
 6  8 0.00000000E+00 0.00000000E+00 0.00000000E+00 3.15644544E-04 0.00000000E+00
 6  9 0.00000000E+00-2.17008279E-05 0.00000000E+00 0.00000000E+00 0.00000000E+00
 6 10 0.00000000E+00-3.97320059E-04 0.00000000E+00-1.64940221E-04
 7  1 4.39122692E-03-1.64480500E-02 7.35017199E-04-1.28141521E-03 0.00000000E+00
 7  2 0.00000000E+00 9.96656980E-01 0.00000000E+00 0.00000000E+00 9.03363351E-03
 7  3 0.00000000E+00 0.00000000E+00-3.82049630E-04-8.85419257E-04-5.19230461E-04
 7  4 1.40464972E-03 0.00000000E+00 0.00000000E+00 0.00000000E+00-3.37291789E-04
 7  5 4.19239558E-04 7.12838958E-04 8.86843163E-04 0.00000000E+00 6.17809064E-05
 7  6 2.16272812E-04 0.00000000E+00-1.26141513E-04 5.17872448E-04-1.51539973E-04
 7  7-3.66332475E-04 0.00000000E+00 1.34461545E-04 0.00000000E+00-3.37291789E-04
 7  8 4.19239558E-04 7.12838958E-04-8.86843163E-04 0.00000000E+00 6.17809064E-05
 7  9-2.16272812E-04 0.00000000E+00-1.26141513E-04 5.17872448E-04-1.51539973E-04
 7 10-3.66332475E-04 0.00000000E+00-1.34461545E-04 0.00000000E+00
 8  1 5.71336928E-02-1.70607036E-01 3.17574536E-01 1.15859649E-01 0.00000000E+00
 8  2 0.00000000E+00-4.89035550E-02 0.00000000E+00 0.00000000E+00 8.93656947E-02
 8  3 0.00000000E+00 0.00000000E+00-4.60901914E-03 8.40360427E-02-4.61719553E-02
 8  4-3.78640874E-02 0.00000000E+00 0.00000000E+00 0.00000000E+00-1.24674757E-01
 8  5 2.40229677E-01 2.36136393E-01 1.33873419E-01 0.00000000E+00-2.48556781E-02
 8  6 3.78939812E-02 0.00000000E+00 1.19083447E-03 1.63635520E-02-6.78325494E-03
 8  7-9.58029705E-03 0.00000000E+00-1.24661788E-03 0.00000000E+00-1.24674757E-01
 8  8 2.40229677E-01 2.36136393E-01-1.33873419E-01 0.00000000E+00-2.48556781E-02
 8  9-3.78939812E-02 0.00000000E+00 1.19083447E-03 1.63635520E-02-6.78325494E-03
 8 10-9.58029705E-03 0.00000000E+00 1.24661788E-03 0.00000000E+00
 9  1 0.00000000E+00 0.00000000E+00 0.00000000E+00 0.00000000E+00-1.79155029E-01
 9  2 0.00000000E+00 0.00000000E+00 3.17546673E-01 0.00000000E+00 0.00000000E+00
 9  3-5.53442695E-04 0.00000000E+00 0.00000000E+00 0.00000000E+00 0.00000000E+00
 9  4 0.00000000E+00 0.00000000E+00 6.08435781E-02 0.00000000E+00 1.43436862E-01
 9  5-2.82064389E-01-2.95728126E-01-1.32901710E-01 0.00000000E+00 3.15440113E-02
 9  6-2.56850865E-02 0.00000000E+00 1.03060327E-02-1.15709943E-02 6.58819528E-03
 9  7 4.98279903E-03 0.00000000E+00 8.48164485E-03 0.00000000E+00-1.43436862E-01
 9  8 2.82064389E-01 2.95728126E-01-1.32901710E-01 0.00000000E+00-3.15440113E-02
 9  9-2.56850865E-02 0.00000000E+00-1.03060327E-02 1.15709943E-02-6.58819528E-03
 9 10-4.98279903E-03 0.00000000E+00 8.48164485E-03 0.00000000E+00
10  1-5.47592458E-02 1.44303769E-01-3.58471507E-01-2.35957198E-01 0.00000000E+00
10  2 0.00000000E+00-2.14631411E-03 0.00000000E+00 0.00000000E+00-2.98751686E-03
10  3 0.00000000E+00 0.00000000E+00 3.09530508E-02 2.34444510E-02-1.71499105E-02
10  4-6.29454044E-03 0.00000000E+00 0.00000000E+00 0.00000000E+00-1.04413970E-01
10  5 2.14111960E-01 3.67776113E-01-2.54765509E-01 0.00000000E+00 7.34170884E-02
10  6-1.34028998E-01 0.00000000E+00 3.29225313E-02-1.40372019E-02 8.54312008E-03
10  7 5.49408184E-03 0.00000000E+00 7.58423576E-03 0.00000000E+00-1.04413970E-01
10  8 2.14111960E-01 3.67776113E-01 2.54765509E-01 0.00000000E+00 7.34170884E-02
10  9 1.34028998E-01 0.00000000E+00 3.29225313E-02-1.40372019E-02 8.54312008E-03
10 10 5.49408184E-03 0.00000000E+00-7.58423576E-03 0.00000000E+00
11  1 0.00000000E+00 0.00000000E+00 0.00000000E+00 0.00000000E+00 0.00000000E+00
11  2-2.00868838E-01 0.00000000E+00 0.00000000E+00 4.54746119E-01 0.00000000E+00
11  3 0.00000000E+00 1.81964282E-01 0.00000000E+00 0.00000000E+00 0.00000000E+00
11  4 0.00000000E+00 0.00000000E+00 0.00000000E+00 4.72347140E-02 0.00000000E+00
11  5 0.00000000E+00 0.00000000E+00 0.00000000E+00 3.31922062E-01 0.00000000E+00
11  6 0.00000000E+00 1.84651466E-01 0.00000000E+00 0.00000000E+00 0.00000000E+00
11  7 0.00000000E+00 2.83608257E-02 0.00000000E+00-5.83206506E-03 0.00000000E+00
11  8 0.00000000E+00 0.00000000E+00 0.00000000E+00 3.31922062E-01 0.00000000E+00
11  9 0.00000000E+00 1.84651466E-01 0.00000000E+00 0.00000000E+00 0.00000000E+00
11 10 0.00000000E+00-2.83608257E-02 0.00000000E+00-5.83206506E-03
12  1-8.19278863E-03 2.55606160E-02-4.93388065E-02-1.06522444E-01 0.00000000E+00
12  2 0.00000000E+00-1.92068800E-01 0.00000000E+00 0.00000000E+00 4.30512629E-01
12  3 0.00000000E+00 0.00000000E+00 1.67581837E-01-6.94194717E-02-5.55297573E-03
12  4 7.49724475E-02 0.00000000E+00 0.00000000E+00 0.00000000E+00 1.01954353E-02
12  5-2.04295838E-02-2.00707622E-02 1.25516883E-01 0.00000000E+00 3.12474658E-01
12  6 8.34275763E-02 0.00000000E+00 1.72058719E-01 1.61763889E-02-4.22101958E-03
12  7-1.19553693E-02 0.00000000E+00 2.09207155E-02 0.00000000E+00 1.01954353E-02
12  8-2.04295838E-02-2.00707622E-02-1.25516883E-01 0.00000000E+00 3.12474658E-01
12  9-8.34275763E-02 0.00000000E+00 1.72058719E-01 1.61763889E-02-4.22101958E-03
12 10-1.19553693E-02 0.00000000E+00-2.09207155E-02 0.00000000E+00
13  1 0.00000000E+00 0.00000000E+00 0.00000000E+00 0.00000000E+00 1.57434939E-01
13  2 0.00000000E+00 0.00000000E+00-3.54933334E-01 0.00000000E+00 0.00000000E+00
13  3 4.54907395E-02 0.00000000E+00 0.00000000E+00 0.00000000E+00 0.00000000E+00
13  4 0.00000000E+00 0.00000000E+00-2.58084649E-02 0.00000000E+00 6.80040557E-02
13  5-1.41324400E-01-2.54869385E-01 3.72882047E-01 0.00000000E+00-1.47381054E-01
13  6 1.86396403E-01 0.00000000E+00-8.92291564E-02 1.56005307E-02-1.01850862E-02
13  7-5.41544458E-03 0.00000000E+00-1.28401282E-02 0.00000000E+00-6.80040557E-02
13  8 1.41324400E-01 2.54869385E-01 3.72882047E-01 0.00000000E+00 1.47381054E-01
13  9 1.86396403E-01 0.00000000E+00 8.92291564E-02-1.56005307E-02 1.01850862E-02
13 10 5.41544458E-03 0.00000000E+00-1.28401282E-02 0.00000000E+00
14  1 0.00000000E+00 0.00000000E+00 0.00000000E+00 0.00000000E+00 0.00000000E+00
14  2 0.00000000E+00 0.00000000E+00 0.00000000E+00 0.00000000E+00 0.00000000E+00
14  3 0.00000000E+00 0.00000000E+00 0.00000000E+00 0.00000000E+00 0.00000000E+00
14  4 0.00000000E+00-1.69623754E-01 0.00000000E+00 0.00000000E+00 0.00000000E+00
14  5 0.00000000E+00 0.00000000E+00 0.00000000E+00 4.56532593E-01 0.00000000E+00
14  6 0.00000000E+00 3.00175280E-01 0.00000000E+00 0.00000000E+00 0.00000000E+00
14  7 0.00000000E+00 2.06120282E-02 0.00000000E+00-3.48552127E-03 0.00000000E+00
14  8 0.00000000E+00 0.00000000E+00 0.00000000E+00-4.56532593E-01 0.00000000E+00
14  9 0.00000000E+00-3.00175280E-01 0.00000000E+00 0.00000000E+00 0.00000000E+00
14 10 0.00000000E+00 2.06120282E-02 0.00000000E+00 3.48552127E-03
15  1 0.00000000E+00 0.00000000E+00 0.00000000E+00 0.00000000E+00-9.36540793E-03
15  2 0.00000000E+00 0.00000000E+00 1.30274602E-02 0.00000000E+00 0.00000000E+00
15  3 4.13162197E-02 0.00000000E+00 0.00000000E+00 0.00000000E+00 0.00000000E+00
15  4 0.00000000E+00 0.00000000E+00-1.63963356E-01 0.00000000E+00 2.78049645E-03
15  5-1.08750933E-02-1.04903328E-02 1.74636056E-01 0.00000000E+00 4.24942561E-01
15  6 1.07052422E-01 0.00000000E+00 2.81401355E-01 7.97238018E-03-5.97264813E-04
15  7-7.37511536E-03 0.00000000E+00 2.08829442E-02 0.00000000E+00-2.78049645E-03
15  8 1.08750933E-02 1.04903328E-02 1.74636056E-01 0.00000000E+00-4.24942561E-01
15  9 1.07052422E-01 0.00000000E+00-2.81401355E-01-7.97238018E-03 5.97264813E-04
15 10 7.37511536E-03 0.00000000E+00 2.08829442E-02 0.00000000E+00
16  1 2.68144483E-02-1.50082013E-01 8.48925832E-02 9.50252680E-01 0.00000000E+00
16  2 0.00000000E+00 1.17402056E-01 0.00000000E+00 0.00000000E+00-2.77378496E-01
16  3 0.00000000E+00 0.00000000E+00-1.44290334E-01-2.25638641E-01 1.17928752E-01
16  4 1.07709889E-01 0.00000000E+00 0.00000000E+00 0.00000000E+00 3.04750109E-02
16  5-5.92915979E-02-1.96101689E-01-2.40552968E-01 0.00000000E+00 2.72584517E-01
16  6-1.87915802E-01 0.00000000E+00 2.17433509E-01-1.01967961E-02 4.75941080E-03
16  7 5.43738528E-03 0.00000000E+00 4.13538027E-03 0.00000000E+00 3.04750109E-02
16  8-5.92915979E-02-1.96101689E-01 2.40552968E-01 0.00000000E+00 2.72584517E-01
16  9 1.87915802E-01 0.00000000E+00 2.17433509E-01-1.01967961E-02 4.75941080E-03
16 10 5.43738528E-03 0.00000000E+00-4.13538027E-03 0.00000000E+00
17  1 0.00000000E+00 0.00000000E+00 0.00000000E+00 0.00000000E+00 0.00000000E+00
17  2-2.12663432E-01 0.00000000E+00 0.00000000E+00 5.54323252E-01 0.00000000E+00
17  3 0.00000000E+00 6.32887485E-01 0.00000000E+00 0.00000000E+00 0.00000000E+00
17  4 0.00000000E+00 0.00000000E+00 0.00000000E+00-3.53790164E-02 0.00000000E+00
17  5 0.00000000E+00 0.00000000E+00 0.00000000E+00-3.92703890E-01 0.00000000E+00
17  6 0.00000000E+00-3.82811577E-01 0.00000000E+00 0.00000000E+00 0.00000000E+00
17  7 0.00000000E+00-2.47603534E-03 0.00000000E+00-1.49634432E-03 0.00000000E+00
17  8 0.00000000E+00 0.00000000E+00 0.00000000E+00-3.92703890E-01 0.00000000E+00
17  9 0.00000000E+00-3.82811577E-01 0.00000000E+00 0.00000000E+00 0.00000000E+00
17 10 0.00000000E+00 2.47603534E-03 0.00000000E+00-1.49634432E-03
18  1 1.08230038E-02-1.04493362E-01-1.54802368E-02 9.01649685E-01 0.00000000E+00
18  2 0.00000000E+00-1.72551302E-01 0.00000000E+00 0.00000000E+00 4.68858109E-01
18  3 0.00000000E+00 0.00000000E+00 7.44572059E-01-1.58035207E-01 1.29581384E-01
18  4 2.84538235E-02 0.00000000E+00 0.00000000E+00 0.00000000E+00 4.17937165E-02
18  5-8.15738841E-02-3.80526723E-01-2.64129074E-01 0.00000000E+00-2.71893723E-01
18  6-2.94682905E-01 0.00000000E+00-2.81850591E-01-7.95828419E-03 6.49487662E-03
18  7 1.46340757E-03 0.00000000E+00 2.66996039E-03 0.00000000E+00 4.17937165E-02
18  8-8.15738841E-02-3.80526723E-01 2.64129074E-01 0.00000000E+00-2.71893723E-01
18  9 2.94682905E-01 0.00000000E+00-2.81850591E-01-7.95828419E-03 6.49487662E-03
18 10 1.46340757E-03 0.00000000E+00-2.66996039E-03 0.00000000E+00
19  1 0.00000000E+00 0.00000000E+00 0.00000000E+00 0.00000000E+00-5.27160134E-02
19  2 0.00000000E+00 0.00000000E+00 1.64809448E-01 0.00000000E+00 0.00000000E+00
19  3 2.00083106E+00 0.00000000E+00 0.00000000E+00 0.00000000E+00 0.00000000E+00
19  4 0.00000000E+00 0.00000000E+00-1.00404700E-01 0.00000000E+00-7.70789374E-02
19  5 1.01942690E-01 1.15276435E+00-3.16997551E-03 0.00000000E+00-1.37189192E-01
19  6 2.29108817E-01 0.00000000E+00-2.25038324E-01 2.21227218E-02-1.00107553E-02
19  7-1.21119666E-02 0.00000000E+00-6.69249682E-03 0.00000000E+00 7.70789374E-02
19  8-1.01942690E-01-1.15276435E+00-3.16997551E-03 0.00000000E+00 1.37189192E-01
19  9 2.29108817E-01 0.00000000E+00 2.25038324E-01-2.21227218E-02 1.00107553E-02
19 10 1.21119666E-02 0.00000000E+00-6.69249682E-03 0.00000000E+00
20  1 0.00000000E+00 0.00000000E+00 0.00000000E+00 0.00000000E+00 0.00000000E+00
20  2 2.85297881E-01 0.00000000E+00 0.00000000E+00-1.09612765E+00 0.00000000E+00
20  3 0.00000000E+00 1.24022843E+00 0.00000000E+00 0.00000000E+00 0.00000000E+00
20  4 0.00000000E+00 0.00000000E+00 0.00000000E+00-1.55296843E-01 0.00000000E+00
20  5 0.00000000E+00 0.00000000E+00 0.00000000E+00-3.15530018E-02 0.00000000E+00
20  6 0.00000000E+00-7.47622431E-02 0.00000000E+00 0.00000000E+00 0.00000000E+00
20  7 0.00000000E+00-3.87433375E-02 0.00000000E+00 4.10308234E-03 0.00000000E+00
20  8 0.00000000E+00 0.00000000E+00 0.00000000E+00-3.15530018E-02 0.00000000E+00
20  9 0.00000000E+00-7.47622431E-02 0.00000000E+00 0.00000000E+00 0.00000000E+00
20 10 0.00000000E+00 3.87433375E-02 0.00000000E+00 4.10308234E-03
21  1-1.05875396E-02-4.12877004E-02-1.60574512E-01 6.84646734E-01 0.00000000E+00
21  2 0.00000000E+00 2.74438343E-01 0.00000000E+00 0.00000000E+00-1.02561619E+00
21  3 0.00000000E+00 0.00000000E+00 1.24316611E+00 2.76301493E-01-2.99724184E-02
21  4-2.46329074E-01 0.00000000E+00 0.00000000E+00 0.00000000E+00 1.08480160E-02
21  5 1.99375361E-02-4.01245344E-01 1.05475259E-01 0.00000000E+00-3.97867114E-02
21  6-1.84484036E-01 0.00000000E+00 4.63426437E-03-4.30283484E-02 1.98901348E-02
21  7 2.31382137E-02 0.00000000E+00-1.73110898E-02 0.00000000E+00 1.08480160E-02
21  8 1.99375361E-02-4.01245344E-01-1.05475259E-01 0.00000000E+00-3.97867114E-02
21  9 1.84484036E-01 0.00000000E+00 4.63426437E-03-4.30283484E-02 1.98901348E-02
21 10 2.31382137E-02 0.00000000E+00 1.73110898E-02 0.00000000E+00
22  1-1.02464913E-01-3.02320139E-01-1.48129911E+00 2.62239057E+00 0.00000000E+00
22  2 0.00000000E+00-6.47891716E-02 0.00000000E+00 0.00000000E+00 3.06767771E-01
22  3 0.00000000E+00 0.00000000E+00-1.04713011E-01 3.68998851E-01-2.66190517E-01
22  4-1.02808334E-01 0.00000000E+00 0.00000000E+00 0.00000000E+00 2.21876741E-02
22  5-3.70630580E-03-7.21233305E-01 2.36405531E-01 0.00000000E+00-6.99629020E-02
22  6-4.38513652E-01 0.00000000E+00 1.61373795E-01-6.09351296E-02 3.38958174E-02
22  7 2.70393121E-02 0.00000000E+00 4.38890953E-02 0.00000000E+00 2.21876741E-02
22  8-3.70630580E-03-7.21233305E-01-2.36405531E-01 0.00000000E+00-6.99629020E-02
22  9 4.38513652E-01 0.00000000E+00 1.61373795E-01-6.09351296E-02 3.38958174E-02
22 10 2.70393121E-02 0.00000000E+00-4.38890953E-02 0.00000000E+00
23  1 0.00000000E+00 0.00000000E+00 0.00000000E+00 0.00000000E+00 0.00000000E+00
23  2 4.48748047E-02 0.00000000E+00 0.00000000E+00-1.80916176E-01 0.00000000E+00
23  3 0.00000000E+00 2.32575568E-01 0.00000000E+00 0.00000000E+00 0.00000000E+00
23  4 0.00000000E+00 0.00000000E+00 0.00000000E+00 9.68796112E-01 0.00000000E+00
23  5 0.00000000E+00 0.00000000E+00 0.00000000E+00-1.50417113E-01 0.00000000E+00
23  6 0.00000000E+00-1.24330416E-02 0.00000000E+00 0.00000000E+00 0.00000000E+00
23  7 0.00000000E+00 1.49397425E-02 0.00000000E+00 4.77974770E-02 0.00000000E+00
23  8 0.00000000E+00 0.00000000E+00 0.00000000E+00-1.50417113E-01 0.00000000E+00
23  9 0.00000000E+00-1.24330416E-02 0.00000000E+00 0.00000000E+00 0.00000000E+00
23 10 0.00000000E+00-1.49397425E-02 0.00000000E+00 4.77974770E-02
24  1-1.34352177E-02-2.96368827E-02-1.85328093E-01-1.32483092E-02 0.00000000E+00
24  2 0.00000000E+00-3.54112047E-02 0.00000000E+00 0.00000000E+00 1.38134145E-01
24  3 0.00000000E+00 0.00000000E+00-2.37504636E-01-8.41752201E-03 8.40901567E-01
24  4-8.32484045E-01 0.00000000E+00 0.00000000E+00 0.00000000E+00-7.63894365E-03
24  5 2.63869893E-02 7.73079919E-02 5.38448295E-02 0.00000000E+00 1.44314178E-01
24  6 8.53146953E-02 0.00000000E+00-9.91489617E-03-2.59050313E-03 4.19953265E-02
24  7-3.94048234E-02 0.00000000E+00-1.76795423E-02 0.00000000E+00-7.63894365E-03
24  8 2.63869893E-02 7.73079919E-02-5.38448295E-02 0.00000000E+00 1.44314178E-01
24  9-8.53146953E-02 0.00000000E+00-9.91489617E-03-2.59050313E-03 4.19953265E-02
24 10-3.94048234E-02 0.00000000E+00 1.76795423E-02 0.00000000E+00
25  1 0.00000000E+00 0.00000000E+00 0.00000000E+00 0.00000000E+00 1.72888450E-01
25  2 0.00000000E+00 0.00000000E+00-4.58643571E-01 0.00000000E+00 0.00000000E+00
25  3 7.84684489E-01 0.00000000E+00 0.00000000E+00 0.00000000E+00 0.00000000E+00
25  4 0.00000000E+00 0.00000000E+00 7.82290443E-01 0.00000000E+00-7.78078408E-03
25  5-6.18128199E-02 4.88425584E-01-2.90936386E-01 0.00000000E+00 2.31918673E-01
25  6 4.09416772E-01 0.00000000E+00 8.07724301E-02 2.16217366E-02-2.89623167E-02
25  7 7.34058006E-03 0.00000000E+00-5.12212550E-02 0.00000000E+00 7.78078408E-03
25  8 6.18128199E-02-4.88425584E-01-2.90936386E-01 0.00000000E+00-2.31918673E-01
25  9 4.09416772E-01 0.00000000E+00-8.07724301E-02-2.16217366E-02 2.89623167E-02
25 10-7.34058006E-03 0.00000000E+00-5.12212550E-02 0.00000000E+00
26  1-6.89880547E-02-3.06945674E-01-1.15695175E+00-7.93662931E-01 0.00000000E+00
26  2 0.00000000E+00 6.53845496E-02 0.00000000E+00 0.00000000E+00-3.67955539E-01
26  3 0.00000000E+00 0.00000000E+00-2.22935056E-02-4.28649802E-01 1.86330372E-01
26  4 2.42319430E-01 0.00000000E+00 0.00000000E+00 0.00000000E+00-5.80312273E-02
26  5 8.83280513E-02 7.06702176E-01-2.60631255E-01 0.00000000E+00-7.92776610E-03
26  6 1.18720182E+00 0.00000000E+00-2.73659842E-01-4.27162304E-03-2.02892053E-03
26  7 6.30054356E-03 0.00000000E+00-6.00399059E-03 0.00000000E+00-5.80312273E-02
26  8 8.83280513E-02 7.06702176E-01 2.60631255E-01 0.00000000E+00-7.92776610E-03
26  9-1.18720182E+00 0.00000000E+00-2.73659842E-01-4.27162304E-03-2.02892053E-03
26 10 6.30054356E-03 0.00000000E+00 6.00399059E-03 0.00000000E+00
27  1 0.00000000E+00 0.00000000E+00 0.00000000E+00 0.00000000E+00-2.53407174E-01
27  2 0.00000000E+00 0.00000000E+00 1.31503452E+00 0.00000000E+00 0.00000000E+00
27  3-2.67356914E-01 0.00000000E+00 0.00000000E+00 0.00000000E+00 0.00000000E+00
27  4 0.00000000E+00 0.00000000E+00 1.07042919E-02 0.00000000E+00-4.93921367E-02
27  5 9.08721176E-02 3.99106943E-01-1.42828680E-01 0.00000000E+00 1.32632766E-01
27  6 1.01631997E+00 0.00000000E+00-4.14214364E-01-3.22768340E-02 2.43229502E-02
27  7 7.95388387E-03 0.00000000E+00 3.46295149E-02 0.00000000E+00 4.93921367E-02
27  8-9.08721176E-02-3.99106943E-01-1.42828680E-01 0.00000000E+00-1.32632766E-01
27  9 1.01631997E+00 0.00000000E+00 4.14214364E-01 3.22768340E-02-2.43229502E-02
27 10-7.95388387E-03 0.00000000E+00 3.46295149E-02 0.00000000E+00
28  1 0.00000000E+00 0.00000000E+00 0.00000000E+00 0.00000000E+00 0.00000000E+00
28  2 0.00000000E+00 0.00000000E+00 0.00000000E+00 0.00000000E+00 0.00000000E+00
28  3 0.00000000E+00 0.00000000E+00 0.00000000E+00 0.00000000E+00 0.00000000E+00
28  4 0.00000000E+00 1.01238229E+00 0.00000000E+00 0.00000000E+00 0.00000000E+00
28  5 0.00000000E+00 0.00000000E+00 0.00000000E+00 2.93662112E-01 0.00000000E+00
28  6 0.00000000E+00 1.85155669E-01 0.00000000E+00 0.00000000E+00 0.00000000E+00
28  7 0.00000000E+00-6.82536126E-02 0.00000000E+00 3.52669256E-02 0.00000000E+00
28  8 0.00000000E+00 0.00000000E+00 0.00000000E+00-2.93662112E-01 0.00000000E+00
28  9 0.00000000E+00-1.85155669E-01 0.00000000E+00 0.00000000E+00 0.00000000E+00
28 10 0.00000000E+00-6.82536126E-02 0.00000000E+00-3.52669256E-02
29  1 0.00000000E+00 0.00000000E+00 0.00000000E+00 0.00000000E+00 0.00000000E+00
29  2 0.00000000E+00 0.00000000E+00 0.00000000E+00 0.00000000E+00 0.00000000E+00
29  3 0.00000000E+00 0.00000000E+00 0.00000000E+00 0.00000000E+00 0.00000000E+00
29  4 0.00000000E+00 2.62844037E-01 0.00000000E+00 0.00000000E+00 0.00000000E+00
29  5 0.00000000E+00 0.00000000E+00 0.00000000E+00-5.98363710E-01 0.00000000E+00
29  6 0.00000000E+00 8.24749275E-01 0.00000000E+00 0.00000000E+00 0.00000000E+00
29  7 0.00000000E+00-2.33495703E-02 0.00000000E+00 6.73443737E-03 0.00000000E+00
29  8 0.00000000E+00 0.00000000E+00 0.00000000E+00 5.98363710E-01 0.00000000E+00
29  9 0.00000000E+00-8.24749275E-01 0.00000000E+00 0.00000000E+00 0.00000000E+00
29 10 0.00000000E+00-2.33495703E-02 0.00000000E+00-6.73443737E-03
30  1 0.00000000E+00 0.00000000E+00 0.00000000E+00 0.00000000E+00-7.08749013E-02
30  2 0.00000000E+00 0.00000000E+00 3.40336587E-01 0.00000000E+00 0.00000000E+00
30  3-3.62881869E-01 0.00000000E+00 0.00000000E+00 0.00000000E+00 0.00000000E+00
30  4 0.00000000E+00 0.00000000E+00 1.91524083E-01 0.00000000E+00-1.95131864E-04
30  5-6.87980574E-02 6.46273137E-02-1.05421182E-01 0.00000000E+00-5.98892969E-01
30  6 3.99025145E-01 0.00000000E+00 7.42250518E-01-2.39813983E-02 9.98830784E-03
30  7 1.39930905E-02 0.00000000E+00-1.16874644E-02 0.00000000E+00 1.95131864E-04
30  8 6.87980574E-02-6.46273137E-02-1.05421182E-01 0.00000000E+00 5.98892969E-01
30  9 3.99025145E-01 0.00000000E+00-7.42250518E-01 2.39813983E-02-9.98830784E-03
30 10-1.39930905E-02 0.00000000E+00-1.16874644E-02 0.00000000E+00
31  1 1.10856452E-02 5.55335545E-02 1.95254447E-01-6.01027978E-02 0.00000000E+00
31  2 0.00000000E+00-3.95192813E-02 0.00000000E+00 0.00000000E+00 1.25517586E-01
31  3 0.00000000E+00 0.00000000E+00-9.00604317E-01 1.77811480E-01 6.22656709E-02
31  4-2.40077151E-01 0.00000000E+00 0.00000000E+00 0.00000000E+00-5.30174093E-03
31  5 9.48590851E-02-7.26976996E-02-2.04448425E-01 0.00000000E+00-5.63149162E-01
31  6 1.71169252E-01 0.00000000E+00 1.01656285E+00-8.40045052E-03 2.92046582E-03
31  7 5.47998470E-03 0.00000000E+00-3.88520784E-02 0.00000000E+00-5.30174093E-03
31  8 9.48590851E-02-7.26976996E-02 2.04448425E-01 0.00000000E+00-5.63149162E-01
31  9-1.71169252E-01 0.00000000E+00 1.01656285E+00-8.40045052E-03 2.92046582E-03
31 10 5.47998470E-03 0.00000000E+00 3.88520784E-02 0.00000000E+00
32  1 0.00000000E+00 0.00000000E+00 0.00000000E+00 0.00000000E+00 0.00000000E+00
32  2-3.25979128E-02 0.00000000E+00 0.00000000E+00 8.19280686E-02 0.00000000E+00
32  3 0.00000000E+00-9.26566907E-01 0.00000000E+00 0.00000000E+00 0.00000000E+00
32  4 0.00000000E+00 0.00000000E+00 0.00000000E+00-1.73471906E-01 0.00000000E+00
32  5 0.00000000E+00 0.00000000E+00 0.00000000E+00-6.16858283E-01 0.00000000E+00
32  6 0.00000000E+00 1.05702396E+00 0.00000000E+00 0.00000000E+00 0.00000000E+00
32  7 0.00000000E+00-4.64075581E-02 0.00000000E+00 1.79047965E-03 0.00000000E+00
32  8 0.00000000E+00 0.00000000E+00 0.00000000E+00-6.16858283E-01 0.00000000E+00
32  9 0.00000000E+00 1.05702396E+00 0.00000000E+00 0.00000000E+00 0.00000000E+00
32 10 0.00000000E+00 4.64075581E-02 0.00000000E+00 1.79047965E-03
33  1 0.00000000E+00 0.00000000E+00 0.00000000E+00 0.00000000E+00-2.38363201E-01
33  2 0.00000000E+00 0.00000000E+00 8.01691954E-01 0.00000000E+00 0.00000000E+00
33  3 2.03861652E-01 0.00000000E+00 0.00000000E+00 0.00000000E+00 0.00000000E+00
33  4 0.00000000E+00 0.00000000E+00 7.40998878E-01 0.00000000E+00-3.58742673E-02
33  5 2.37122302E-01 3.33927906E-01 6.44754808E-01 0.00000000E+00 4.58686515E-03
33  6-1.58999328E-01 0.00000000E+00 7.05556728E-02-8.69395774E-02 3.64722383E-03
33  7 8.32923535E-02 0.00000000E+00-6.18514592E-02 0.00000000E+00 3.58742673E-02
33  8-2.37122302E-01-3.33927906E-01 6.44754808E-01 0.00000000E+00-4.58686515E-03
33  9-1.58999328E-01 0.00000000E+00-7.05556728E-02 8.69395774E-02-3.64722383E-03
33 10-8.32923535E-02 0.00000000E+00-6.18514592E-02 0.00000000E+00
34  1 1.31595029E-02-1.77752517E-01-6.00166779E-02 1.77740284E+00 0.00000000E+00
34  2 0.00000000E+00-8.28005717E-02 0.00000000E+00 0.00000000E+00 3.65894531E-01
34  3 0.00000000E+00 0.00000000E+00 2.99176027E-01 1.23916894E+00-6.99372988E-01
34  4-5.39795953E-01 0.00000000E+00 0.00000000E+00 0.00000000E+00 3.01035366E-02
34  5 1.89702780E-01-1.36402430E+00-5.59533558E-01 0.00000000E+00 3.08185507E-01
34  6-2.69786174E-01 0.00000000E+00-5.76933759E-02 3.32407323E-02-7.59042097E-02
34  7 4.26634774E-02 0.00000000E+00-1.23006848E-01 0.00000000E+00 3.01035366E-02
34  8 1.89702780E-01-1.36402430E+00 5.59533558E-01 0.00000000E+00 3.08185507E-01
34  9 2.69786174E-01 0.00000000E+00-5.76933759E-02 3.32407323E-02-7.59042097E-02
34 10 4.26634774E-02 0.00000000E+00 1.23006848E-01 0.00000000E+00
35  1 8.07025187E-03-3.77932623E-02 3.11621553E-02-1.74576411E+00 0.00000000E+00
35  2 0.00000000E+00-2.84473029E-02 0.00000000E+00 0.00000000E+00 1.62554213E-02
35  3 0.00000000E+00 0.00000000E+00-4.88612280E-01 1.60803373E-01-7.13983678E-02
35  4-8.94050053E-02 0.00000000E+00 0.00000000E+00 0.00000000E+00 8.56620536E-03
35  5-1.22846715E+00 1.84166204E+00-1.68001711E-01 0.00000000E+00 1.72731835E-02
35  6 6.79474113E-01 0.00000000E+00 3.23737515E-02-1.99300447E-01 5.16811249E-02
35  7 1.47619323E-01 0.00000000E+00-8.81327872E-02 0.00000000E+00 8.56620536E-03
35  8-1.22846715E+00 1.84166204E+00 1.68001711E-01 0.00000000E+00 1.72731835E-02
35  9-6.79474113E-01 0.00000000E+00 3.23737515E-02-1.99300447E-01 5.16811249E-02
35 10 1.47619323E-01 0.00000000E+00 8.81327872E-02 0.00000000E+00
36  1 0.00000000E+00 0.00000000E+00 0.00000000E+00 0.00000000E+00-2.08484002E-02
36  2 0.00000000E+00 0.00000000E+00 3.67859920E-01 0.00000000E+00 0.00000000E+00
36  3 1.75822904E+00 0.00000000E+00 0.00000000E+00 0.00000000E+00 0.00000000E+00
36  4 0.00000000E+00 0.00000000E+00 1.59439893E-01 0.00000000E+00-8.71233327E-03
36  5-1.29090523E+00 2.49120733E+00 9.86065251E-02 0.00000000E+00 5.97140434E-02
36  6 3.49650507E-01 0.00000000E+00-3.19335400E-01-1.31677310E-01 8.79146406E-02
36  7 4.37626690E-02 0.00000000E+00 1.58402060E-01 0.00000000E+00 8.71233327E-03
36  8 1.29090523E+00-2.49120733E+00 9.86065251E-02 0.00000000E+00-5.97140434E-02
36  9 3.49650507E-01 0.00000000E+00 3.19335400E-01 1.31677310E-01-8.79146406E-02
36 10-4.37626690E-02 0.00000000E+00 1.58402060E-01 0.00000000E+00
37  1 0.00000000E+00 0.00000000E+00 0.00000000E+00 0.00000000E+00 0.00000000E+00
37  2 0.00000000E+00 0.00000000E+00 0.00000000E+00 0.00000000E+00 0.00000000E+00
37  3 0.00000000E+00 0.00000000E+00 0.00000000E+00 0.00000000E+00 0.00000000E+00
37  4 0.00000000E+00 3.08062605E-02 0.00000000E+00 0.00000000E+00 0.00000000E+00
37  5 0.00000000E+00 0.00000000E+00 0.00000000E+00-8.27507332E-03 0.00000000E+00
37  6 0.00000000E+00 1.63205624E-02 0.00000000E+00 0.00000000E+00 0.00000000E+00
37  7 0.00000000E+00 2.79077313E-01 0.00000000E+00 6.50137882E-01 0.00000000E+00
37  8 0.00000000E+00 0.00000000E+00 0.00000000E+00 8.27507332E-03 0.00000000E+00
37  9 0.00000000E+00-1.63205624E-02 0.00000000E+00 0.00000000E+00 0.00000000E+00
37 10 0.00000000E+00 2.79077313E-01 0.00000000E+00-6.50137882E-01
38  1 0.00000000E+00 0.00000000E+00 0.00000000E+00 0.00000000E+00-1.45568021E-03
38  2 0.00000000E+00 0.00000000E+00-3.21116097E-03 0.00000000E+00 0.00000000E+00
38  3 5.77234648E-02 0.00000000E+00 0.00000000E+00 0.00000000E+00 0.00000000E+00
38  4 0.00000000E+00 0.00000000E+00-2.80890901E-02 0.00000000E+00-1.94011389E-04
38  5-2.87238108E-02 5.37910437E-02 7.37433052E-03 0.00000000E+00 1.26357941E-02
38  6-1.24196389E-02 0.00000000E+00-2.50212368E-02-1.06446645E-01 6.16176462E-01
38  7-5.09729817E-01 0.00000000E+00-2.58041049E-01 0.00000000E+00 1.94011389E-04
38  8 2.87238108E-02-5.37910437E-02 7.37433052E-03 0.00000000E+00-1.26357941E-02
38  9-1.24196389E-02 0.00000000E+00 2.50212368E-02 1.06446645E-01-6.16176462E-01
38 10 5.09729817E-01 0.00000000E+00-2.58041049E-01 0.00000000E+00
39  1 0.00000000E+00 0.00000000E+00 0.00000000E+00 0.00000000E+00 0.00000000E+00
39  2-3.49303620E-02 0.00000000E+00 0.00000000E+00 1.49624295E-01 0.00000000E+00
39  3 0.00000000E+00 8.67697526E-03 0.00000000E+00 0.00000000E+00 0.00000000E+00
39  4 0.00000000E+00 0.00000000E+00 0.00000000E+00-1.35183637E-01 0.00000000E+00
39  5 0.00000000E+00 0.00000000E+00 0.00000000E+00 3.05037635E-02 0.00000000E+00
39  6 0.00000000E+00-5.22100562E-02 0.00000000E+00 0.00000000E+00 0.00000000E+00
39  7 0.00000000E+00-8.70554826E-02 0.00000000E+00 7.06814879E-01 0.00000000E+00
39  8 0.00000000E+00 0.00000000E+00 0.00000000E+00 3.05037635E-02 0.00000000E+00
39  9 0.00000000E+00-5.22100562E-02 0.00000000E+00 0.00000000E+00 0.00000000E+00
39 10 0.00000000E+00 8.70554826E-02 0.00000000E+00 7.06814879E-01
40  1 9.95050493E-04 3.23794154E-02 5.52143917E-02-2.99660189E-02 0.00000000E+00
40  2 0.00000000E+00-4.35181805E-03 0.00000000E+00 0.00000000E+00 3.20513357E-02
40  3 0.00000000E+00 0.00000000E+00-1.38064476E-02-1.20998938E-01 2.33720183E-01
40  4-1.12721245E-01 0.00000000E+00 0.00000000E+00 0.00000000E+00-2.23697582E-03
40  5 8.76708560E-02-4.01186652E-02 6.04929200E-02 0.00000000E+00-1.50817638E-02
40  6-4.54788272E-02 0.00000000E+00 8.83126702E-03-1.32153519E-02-5.95576237E-01
40  7 6.08791589E-01 0.00000000E+00 1.37827489E-01 0.00000000E+00-2.23697582E-03
40  8 8.76708560E-02-4.01186652E-02-6.04929200E-02 0.00000000E+00-1.50817638E-02
40  9 4.54788272E-02 0.00000000E+00 8.83126702E-03-1.32153519E-02-5.95576237E-01
40 10 6.08791589E-01 0.00000000E+00-1.37827489E-01 0.00000000E+00
41  1 0.00000000E+00 0.00000000E+00 0.00000000E+00 0.00000000E+00 0.00000000E+00
41  2 8.74490048E-02 0.00000000E+00 0.00000000E+00-3.75132157E-01 0.00000000E+00
41  3 0.00000000E+00-1.29238950E-01 0.00000000E+00 0.00000000E+00 0.00000000E+00
41  4 0.00000000E+00 0.00000000E+00 0.00000000E+00-2.46887192E-01 0.00000000E+00
41  5 0.00000000E+00 0.00000000E+00 0.00000000E+00-7.49711310E-02 0.00000000E+00
41  6 0.00000000E+00 2.25989593E-01 0.00000000E+00 0.00000000E+00 0.00000000E+00
41  7 0.00000000E+00 7.42904644E-01 0.00000000E+00 7.78134368E-02 0.00000000E+00
41  8 0.00000000E+00 0.00000000E+00 0.00000000E+00-7.49711310E-02 0.00000000E+00
41  9 0.00000000E+00 2.25989593E-01 0.00000000E+00 0.00000000E+00 0.00000000E+00
41 10 0.00000000E+00-7.42904644E-01 0.00000000E+00 7.78134368E-02
42  1-8.11158479E-03-1.13143848E-01-2.56192902E-01-3.45668616E-01 0.00000000E+00
42  2 0.00000000E+00 8.25677606E-02 0.00000000E+00 0.00000000E+00-4.26516956E-01
42  3 0.00000000E+00 0.00000000E+00-2.47905090E-01 4.36332923E-01-4.34200729E-02
42  4-3.92912850E-01 0.00000000E+00 0.00000000E+00 0.00000000E+00-2.70726446E-03
42  5-4.50421266E-01 5.55942962E-01-1.75346708E-01 0.00000000E+00-4.73111087E-03
42  6 3.70785578E-01 0.00000000E+00 2.11931954E-01 4.56128288E-01-1.52596263E-01
42  7-3.03532026E-01 0.00000000E+00 5.74918176E-01 0.00000000E+00-2.70726446E-03
42  8-4.50421266E-01 5.55942962E-01 1.75346708E-01 0.00000000E+00-4.73111087E-03
42  9-3.70785578E-01 0.00000000E+00 2.11931954E-01 4.56128288E-01-1.52596263E-01
42 10-3.03532026E-01 0.00000000E+00-5.74918176E-01 0.00000000E+00
43  1 0.00000000E+00 0.00000000E+00 0.00000000E+00 0.00000000E+00 1.96432000E-02
43  2 0.00000000E+00 0.00000000E+00-2.77508817E-01 0.00000000E+00 0.00000000E+00
43  3-1.61334911E-01 0.00000000E+00 0.00000000E+00 0.00000000E+00 0.00000000E+00
43  4 0.00000000E+00 0.00000000E+00 7.07780850E-01 0.00000000E+00 3.35735835E-03
43  5 3.21779629E-01-4.14573391E-01 1.08936380E-01 0.00000000E+00-2.41742344E-02
43  6-1.32838026E-01 0.00000000E+00 3.00833663E-01 2.24298865E-01 1.46402585E-01
43  7-3.70701450E-01 0.00000000E+00 6.90129032E-01 0.00000000E+00-3.35735835E-03
43  8-3.21779629E-01 4.14573391E-01 1.08936380E-01 0.00000000E+00 2.41742344E-02
43  9-1.32838026E-01 0.00000000E+00-3.00833663E-01-2.24298865E-01-1.46402585E-01
43 10 3.70701450E-01 0.00000000E+00 6.90129032E-01 0.00000000E+00
44  1 0.00000000E+00 0.00000000E+00 0.00000000E+00 0.00000000E+00 0.00000000E+00
44  2 0.00000000E+00 0.00000000E+00 0.00000000E+00 0.00000000E+00 0.00000000E+00
44  3 0.00000000E+00 0.00000000E+00 0.00000000E+00 0.00000000E+00 0.00000000E+00
44  4 0.00000000E+00 7.98246838E-01 0.00000000E+00 0.00000000E+00 0.00000000E+00
44  5 0.00000000E+00 0.00000000E+00 0.00000000E+00 2.70582423E-02 0.00000000E+00
44  6 0.00000000E+00 2.66284548E-01 0.00000000E+00 0.00000000E+00 0.00000000E+00
44  7 0.00000000E+00 7.62520662E-01 0.00000000E+00-3.10644773E-01 0.00000000E+00
44  8 0.00000000E+00 0.00000000E+00 0.00000000E+00-2.70582423E-02 0.00000000E+00
44  9 0.00000000E+00-2.66284548E-01 0.00000000E+00 0.00000000E+00 0.00000000E+00
44 10 0.00000000E+00 7.62520662E-01 0.00000000E+00 3.10644773E-01
45  1-7.34461554E-02-2.92668683E-01-1.32604083E+00-1.61031857E+00 0.00000000E+00
45  2 0.00000000E+00 4.87061545E-02 0.00000000E+00 0.00000000E+00-4.59639376E-01
45  3 0.00000000E+00 0.00000000E+00-1.22150649E-01-1.16434805E+00 6.00321175E-01
45  4 5.64026872E-01 0.00000000E+00 0.00000000E+00 0.00000000E+00-4.61617440E-02
45  5-4.50423883E-01 1.83451392E+00 3.07346537E-01 0.00000000E+00-1.18944404E-01
45  6 9.36621015E-01 0.00000000E+00-3.03481742E-01 7.34978083E-01-4.73733788E-01
45  7-2.61244295E-01 0.00000000E+00-5.78227384E-01 0.00000000E+00-4.61617440E-02
45  8-4.50423883E-01 1.83451392E+00-3.07346537E-01 0.00000000E+00-1.18944404E-01
45  9-9.36621015E-01 0.00000000E+00-3.03481742E-01 7.34978083E-01-4.73733788E-01
45 10-2.61244295E-01 0.00000000E+00 5.78227384E-01 0.00000000E+00
46  1 0.00000000E+00 0.00000000E+00 0.00000000E+00 0.00000000E+00-2.21450226E-01
46  2 0.00000000E+00 0.00000000E+00 1.84720511E+00 0.00000000E+00 0.00000000E+00
46  3 4.67911912E-01 0.00000000E+00 0.00000000E+00 0.00000000E+00 0.00000000E+00
46  4 0.00000000E+00 0.00000000E+00 5.64579480E-01 0.00000000E+00-4.45857167E-02
46  5-5.16462344E-01 1.66669346E+00 2.32591175E-01 0.00000000E+00-2.20371664E-02
46  6 8.68550229E-01 0.00000000E+00-1.97272372E-01 8.76147612E-01-4.15297203E-01
46  7-4.60850409E-01 0.00000000E+00-2.46005820E-01 0.00000000E+00 4.45857167E-02
46  8 5.16462344E-01-1.66669346E+00 2.32591175E-01 0.00000000E+00 2.20371664E-02
46  9 8.68550229E-01 0.00000000E+00 1.97272372E-01-8.76147612E-01 4.15297203E-01
46 10 4.60850409E-01 0.00000000E+00-2.46005820E-01 0.00000000E+00
 $END   
 POPULATION ANALYSIS
S           15.50055   0.49945  15.40563   0.59437
O            8.24973  -0.24973   8.29719  -0.29719
O            8.24973  -0.24973   8.29719  -0.29719
 MOMENTS AT POINT    1 X,Y,Z=  0.000000  0.000000  0.000000
 DIPOLE       0.000000  0.000000  0.190744
