 $DATA  
Title                                                                           
CNV      2

S          16.0      0.0000000000      0.0000000000     -0.2565862927
   PC1     0
        
O           8.0      1.4095389312      0.0000000000      0.2564439222
   PC1     0
        
 $END      
 $ZMAT   IZMAT(1)=
         1,   3,   1,
         1,   2,   1,
         2,   2,   1,   3,
 $END
--- CLOSED SHELL ORBITALS --- GENERATED AT Thu Feb 26 00:17:10 2015
Title                                                                           
E(R-PBE)=     -548.2438882357, E(NUC)=  102.3265420856,   23 ITERS
 $VEC   
 1  1 1.00298377E+00-1.02903595E-02 1.83365874E-03-6.21262169E-04 0.00000000E+00
 1  2 0.00000000E+00 6.70207634E-05 0.00000000E+00 0.00000000E+00 7.43933068E-05
 1  3 0.00000000E+00 0.00000000E+00 1.82134915E-05 1.69435648E-04-9.83074176E-05
 1  4-7.11282301E-05 0.00000000E+00 0.00000000E+00 0.00000000E+00 1.44982929E-05
 1  5 5.91988312E-05-1.68569107E-04-4.86114738E-05 0.00000000E+00 1.75963214E-05
 1  6-1.90810857E-04 0.00000000E+00 8.30413881E-05-1.23425671E-04 8.03359456E-05
 1  7 4.30897256E-05 0.00000000E+00 9.83283665E-05 0.00000000E+00 1.44982929E-05
 1  8 5.91988312E-05-1.68569107E-04 4.86114738E-05 0.00000000E+00 1.75963214E-05
 1  9 1.90810857E-04 0.00000000E+00 8.30413881E-05-1.23425671E-04 8.03359456E-05
 1 10 4.30897256E-05 0.00000000E+00-9.83283665E-05 0.00000000E+00
 2  1 0.00000000E+00 0.00000000E+00 0.00000000E+00 0.00000000E+00 8.55552345E-06
 2  2 0.00000000E+00 0.00000000E+00-1.68101965E-03 0.00000000E+00 0.00000000E+00
 2  3-7.12129988E-03 0.00000000E+00 0.00000000E+00 0.00000000E+00 0.00000000E+00
 2  4 0.00000000E+00 0.00000000E+00-5.28849468E-04 0.00000000E+00 7.03291979E-01
 2  5 2.61156900E-02-1.37473343E-02 8.52207650E-04 0.00000000E+00-4.18417664E-04
 2  6-2.70211655E-03 0.00000000E+00 1.86042074E-03-2.31586419E-04 1.92199761E-04
 2  7 3.93866574E-05 0.00000000E+00 2.90825506E-04 0.00000000E+00-7.03291979E-01
 2  8-2.61156900E-02 1.37473343E-02 8.52207650E-04 0.00000000E+00 4.18417664E-04
 2  9-2.70211655E-03 0.00000000E+00-1.86042074E-03 2.31586419E-04-1.92199761E-04
 2 10-3.93866574E-05 0.00000000E+00 2.90825506E-04 0.00000000E+00
 3  1-4.09231910E-05-3.46479234E-04-7.00626676E-04 9.18630128E-03 0.00000000E+00
 3  2 0.00000000E+00-3.13411229E-05 0.00000000E+00 0.00000000E+00 7.65465588E-04
 3  3 0.00000000E+00 0.00000000E+00 2.75173727E-03 7.44377572E-04-6.17185468E-04
 3  4-1.27192104E-04 0.00000000E+00 0.00000000E+00 0.00000000E+00 7.03267901E-01
 3  5 2.58054477E-02-1.24579236E-02 1.03994365E-03 0.00000000E+00-1.10124488E-04
 3  6-3.75548086E-03 0.00000000E+00 3.92441323E-04-4.78312303E-04 2.62908463E-04
 3  7 2.15403840E-04 0.00000000E+00 1.76958387E-04 0.00000000E+00 7.03267901E-01
 3  8 2.58054477E-02-1.24579236E-02-1.03994365E-03 0.00000000E+00-1.10124488E-04
 3  9 3.75548086E-03 0.00000000E+00 3.92441323E-04-4.78312303E-04 2.62908463E-04
 3 10 2.15403840E-04 0.00000000E+00-1.76958387E-04 0.00000000E+00
 4  1-2.74052110E-01 1.03934208E+00 4.08965381E-02-9.97718935E-03 0.00000000E+00
 4  2 0.00000000E+00 1.30976604E-02 0.00000000E+00 0.00000000E+00 1.57550036E-03
 4  3 0.00000000E+00 0.00000000E+00-2.86804020E-04 1.74215216E-03-9.04159475E-04
 4  4-8.37992687E-04 0.00000000E+00 0.00000000E+00 0.00000000E+00-5.59299529E-06
 4  5 1.13960486E-04-8.73722131E-04-4.76939591E-04 0.00000000E+00 1.60308545E-04
 4  6-1.57347883E-03 0.00000000E+00 7.79641511E-04-5.90562920E-04 3.97951116E-04
 4  7 1.92611804E-04 0.00000000E+00 5.12795527E-04 0.00000000E+00-5.59299529E-06
 4  8 1.13960486E-04-8.73722131E-04 4.76939591E-04 0.00000000E+00 1.60308545E-04
 4  9 1.57347883E-03 0.00000000E+00 7.79641511E-04-5.90562920E-04 3.97951116E-04
 4 10 1.92611804E-04 0.00000000E+00-5.12795527E-04 0.00000000E+00
 5  1 0.00000000E+00 0.00000000E+00 0.00000000E+00 0.00000000E+00 9.96629615E-01
 5  2 0.00000000E+00 0.00000000E+00 9.33506233E-03 0.00000000E+00 0.00000000E+00
 5  3-3.73999451E-04 0.00000000E+00 0.00000000E+00 0.00000000E+00 0.00000000E+00
 5  4 0.00000000E+00 0.00000000E+00 1.10387134E-03 0.00000000E+00 3.81492236E-04
 5  5-1.97224130E-04-3.38821029E-04-6.41398082E-04 0.00000000E+00 2.53623934E-04
 5  6-1.32141644E-04 0.00000000E+00 2.24304492E-04-5.06132741E-04 3.69367155E-04
 5  7 1.36765587E-04 0.00000000E+00 5.26963423E-04 0.00000000E+00-3.81492236E-04
 5  8 1.97224130E-04 3.38821029E-04-6.41398082E-04 0.00000000E+00-2.53623934E-04
 5  9-1.32141644E-04 0.00000000E+00-2.24304492E-04 5.06132741E-04-3.69367155E-04
 5 10-1.36765587E-04 0.00000000E+00 5.26963423E-04 0.00000000E+00
 6  1 0.00000000E+00 0.00000000E+00 0.00000000E+00 0.00000000E+00 0.00000000E+00
 6  2 9.96901389E-01 0.00000000E+00 0.00000000E+00 8.90043520E-03 0.00000000E+00
 6  3 0.00000000E+00-1.69538526E-04 0.00000000E+00 0.00000000E+00 0.00000000E+00
 6  4 0.00000000E+00 0.00000000E+00 0.00000000E+00 8.31861788E-04 0.00000000E+00
 6  5 0.00000000E+00 0.00000000E+00 0.00000000E+00 6.25546565E-05 0.00000000E+00
 6  6 0.00000000E+00-5.29739488E-05 0.00000000E+00 0.00000000E+00 0.00000000E+00
 6  7 0.00000000E+00 1.06202451E-04 0.00000000E+00-6.21315995E-05 0.00000000E+00
 6  8 0.00000000E+00 0.00000000E+00 0.00000000E+00 6.25546565E-05 0.00000000E+00
 6  9 0.00000000E+00-5.29739488E-05 0.00000000E+00 0.00000000E+00 0.00000000E+00
 6 10 0.00000000E+00-1.06202451E-04 0.00000000E+00-6.21315995E-05
 7  1 3.69809886E-03-1.39999239E-02 2.03835864E-04-1.06558127E-03 0.00000000E+00
 7  2 0.00000000E+00 9.96884017E-01 0.00000000E+00 0.00000000E+00 8.56150399E-03
 7  3 0.00000000E+00 0.00000000E+00-2.55254188E-04-7.79607402E-04-3.20288456E-04
 7  4 1.09989586E-03 0.00000000E+00 0.00000000E+00 0.00000000E+00-1.58558806E-04
 7  5-4.09382323E-05 7.25402996E-04 3.54352019E-04 0.00000000E+00-7.40491029E-05
 7  6 3.72295657E-04 0.00000000E+00-2.17666957E-04 3.62234904E-04-1.78018020E-04
 7  7-1.84216884E-04 0.00000000E+00-1.68027538E-04 0.00000000E+00-1.58558806E-04
 7  8-4.09382323E-05 7.25402996E-04-3.54352019E-04 0.00000000E+00-7.40491029E-05
 7  9-3.72295657E-04 0.00000000E+00-2.17666957E-04 3.62234904E-04-1.78018020E-04
 7 10-1.84216884E-04 0.00000000E+00 1.68027538E-04 0.00000000E+00
 8  1 5.06466707E-02-1.46479299E-01 2.96074042E-01 1.46163246E-01 0.00000000E+00
 8  2 0.00000000E+00-4.52936353E-02 0.00000000E+00 0.00000000E+00 8.96907512E-02
 8  3 0.00000000E+00 0.00000000E+00 1.38278156E-03 5.89214566E-02-3.54133892E-02
 8  4-2.35080674E-02 0.00000000E+00 0.00000000E+00 0.00000000E+00-1.23803525E-01
 8  5 2.46436235E-01 2.76819391E-01 1.08918801E-01 0.00000000E+00-3.34017587E-02
 8  6 4.29636468E-02 0.00000000E+00-8.54368411E-03 1.25049982E-02-5.30632764E-03
 8  7-7.19867059E-03 0.00000000E+00-4.36469740E-03 0.00000000E+00-1.23803525E-01
 8  8 2.46436235E-01 2.76819391E-01-1.08918801E-01 0.00000000E+00-3.34017587E-02
 8  9-4.29636468E-02 0.00000000E+00-8.54368411E-03 1.25049982E-02-5.30632764E-03
 8 10-7.19867059E-03 0.00000000E+00 4.36469740E-03 0.00000000E+00
 9  1 0.00000000E+00 0.00000000E+00 0.00000000E+00 0.00000000E+00 1.30478781E-01
 9  2 0.00000000E+00 0.00000000E+00-2.51126596E-01 0.00000000E+00 0.00000000E+00
 9  3-1.33946003E-02 0.00000000E+00 0.00000000E+00 0.00000000E+00 0.00000000E+00
 9  4 0.00000000E+00 0.00000000E+00-5.46548476E-02 0.00000000E+00-1.44974830E-01
 9  5 2.91129110E-01 3.45680071E-01 1.02526716E-01 0.00000000E+00-3.55685521E-02
 9  6 3.73022816E-02 0.00000000E+00-1.66423067E-02 7.60044253E-03-3.77478351E-03
 9  7-3.82565902E-03 0.00000000E+00-6.38705591E-03 0.00000000E+00 1.44974830E-01
 9  8-2.91129110E-01-3.45680071E-01 1.02526716E-01 0.00000000E+00 3.55685521E-02
 9  9 3.73022816E-02 0.00000000E+00 1.66423067E-02-7.60044253E-03 3.77478351E-03
 9 10 3.82565902E-03 0.00000000E+00-6.38705591E-03 0.00000000E+00
10  1 6.48229398E-02-1.77596854E-01 4.17899614E-01 3.62408854E-01 0.00000000E+00
10  2 0.00000000E+00 1.33578338E-02 0.00000000E+00 0.00000000E+00-1.92729206E-02
10  3 0.00000000E+00 0.00000000E+00-3.55176742E-02-2.14644655E-02 1.78577590E-02
10  4 3.60670651E-03 0.00000000E+00 0.00000000E+00 0.00000000E+00 1.05899953E-01
10  5-2.18827330E-01-3.55662795E-01 1.67663565E-01 0.00000000E+00-6.54678059E-02
10  6 8.27767530E-02 0.00000000E+00-2.62406915E-02 9.19173497E-03-6.77066045E-03
10  7-2.42107452E-03 0.00000000E+00-7.26299704E-03 0.00000000E+00 1.05899953E-01
10  8-2.18827330E-01-3.55662795E-01-1.67663565E-01 0.00000000E+00-6.54678059E-02
10  9-8.27767530E-02 0.00000000E+00-2.62406915E-02 9.19173497E-03-6.77066045E-03
10 10-2.42107452E-03 0.00000000E+00 7.26299704E-03 0.00000000E+00
11  1 0.00000000E+00 0.00000000E+00 0.00000000E+00 0.00000000E+00-1.65997036E-01
11  2 0.00000000E+00 0.00000000E+00 3.93650991E-01 0.00000000E+00 0.00000000E+00
11  3 1.83566296E-02 0.00000000E+00 0.00000000E+00 0.00000000E+00 0.00000000E+00
11  4 0.00000000E+00 0.00000000E+00 3.53404801E-02 0.00000000E+00-6.67184604E-02
11  5 1.37287564E-01 2.36008933E-01-3.43013600E-01 0.00000000E+00 1.62945035E-01
11  6-1.90790225E-01 0.00000000E+00 1.02178711E-01-9.84381689E-03 8.12009611E-03
11  7 1.72372078E-03 0.00000000E+00 1.21199550E-02 0.00000000E+00 6.67184604E-02
11  8-1.37287564E-01-2.36008933E-01-3.43013600E-01 0.00000000E+00-1.62945035E-01
11  9-1.90790225E-01 0.00000000E+00-1.02178711E-01 9.84381689E-03-8.12009611E-03
11 10-1.72372078E-03 0.00000000E+00 1.21199550E-02 0.00000000E+00
12  1 0.00000000E+00 0.00000000E+00 0.00000000E+00 0.00000000E+00 0.00000000E+00
12  2-2.01811769E-01 0.00000000E+00 0.00000000E+00 4.70076297E-01 0.00000000E+00
12  3 0.00000000E+00 2.51485528E-01 0.00000000E+00 0.00000000E+00 0.00000000E+00
12  4 0.00000000E+00 0.00000000E+00 0.00000000E+00 4.27506158E-02 0.00000000E+00
12  5 0.00000000E+00 0.00000000E+00 0.00000000E+00 3.11479208E-01 0.00000000E+00
12  6 0.00000000E+00 1.84977228E-01 0.00000000E+00 0.00000000E+00 0.00000000E+00
12  7 0.00000000E+00 2.16212070E-02 0.00000000E+00-6.82959111E-03 0.00000000E+00
12  8 0.00000000E+00 0.00000000E+00 0.00000000E+00 3.11479208E-01 0.00000000E+00
12  9 0.00000000E+00 1.84977228E-01 0.00000000E+00 0.00000000E+00 0.00000000E+00
12 10 0.00000000E+00-2.16212070E-02 0.00000000E+00-6.82959111E-03
13  1-9.00611675E-03 3.69472744E-02-4.19954826E-02-1.57869945E-01 0.00000000E+00
13  2 0.00000000E+00-1.96527805E-01 0.00000000E+00 0.00000000E+00 4.55125001E-01
13  3 0.00000000E+00 0.00000000E+00 2.26107764E-01-4.32072510E-02-1.44200248E-02
13  4 5.76272758E-02 0.00000000E+00 0.00000000E+00 0.00000000E+00 1.48013691E-02
13  5-3.07558981E-02-5.35792980E-02 1.96869352E-01 0.00000000E+00 2.47075206E-01
13  6 1.28181223E-01 0.00000000E+00 1.48114061E-01 1.74759305E-02-4.41287245E-03
13  7-1.30630581E-02 0.00000000E+00 1.26749350E-02 0.00000000E+00 1.48013691E-02
13  8-3.07558981E-02-5.35792980E-02-1.96869352E-01 0.00000000E+00 2.47075206E-01
13  9-1.28181223E-01 0.00000000E+00 1.48114061E-01 1.74759305E-02-4.41287245E-03
13 10-1.30630581E-02 0.00000000E+00-1.26749350E-02 0.00000000E+00
14  1 0.00000000E+00 0.00000000E+00 0.00000000E+00 0.00000000E+00 0.00000000E+00
14  2 0.00000000E+00 0.00000000E+00 0.00000000E+00 0.00000000E+00 0.00000000E+00
14  3 0.00000000E+00 0.00000000E+00 0.00000000E+00 0.00000000E+00 0.00000000E+00
14  4 0.00000000E+00-1.28498160E-01 0.00000000E+00 0.00000000E+00 0.00000000E+00
14  5 0.00000000E+00 0.00000000E+00 0.00000000E+00 4.62104394E-01 0.00000000E+00
14  6 0.00000000E+00 3.24913074E-01 0.00000000E+00 0.00000000E+00 0.00000000E+00
14  7 0.00000000E+00 1.88728862E-02 0.00000000E+00-6.53433221E-03 0.00000000E+00
14  8 0.00000000E+00 0.00000000E+00 0.00000000E+00-4.62104394E-01 0.00000000E+00
14  9 0.00000000E+00-3.24913074E-01 0.00000000E+00 0.00000000E+00 0.00000000E+00
14 10 0.00000000E+00 1.88728862E-02 0.00000000E+00 6.53433221E-03
15  1 0.00000000E+00 0.00000000E+00 0.00000000E+00 0.00000000E+00-1.55381389E-02
15  2 0.00000000E+00 0.00000000E+00 3.05505218E-02 0.00000000E+00 0.00000000E+00
15  3 8.18791262E-02 0.00000000E+00 0.00000000E+00 0.00000000E+00 0.00000000E+00
15  4 0.00000000E+00 0.00000000E+00-1.21383762E-01 0.00000000E+00 1.06968761E-05
15  5-1.40557290E-03 2.14769714E-02 2.21780385E-01 0.00000000E+00 4.07431666E-01
15  6 1.49854203E-01 0.00000000E+00 2.84161948E-01 9.36979973E-03 9.85434931E-04
15  7-1.03552347E-02 0.00000000E+00 1.69763883E-02 0.00000000E+00-1.06968761E-05
15  8 1.40557290E-03-2.14769714E-02 2.21780385E-01 0.00000000E+00-4.07431666E-01
15  9 1.49854203E-01 0.00000000E+00-2.84161948E-01-9.36979973E-03-9.85434931E-04
15 10 1.03552347E-02 0.00000000E+00 1.69763883E-02 0.00000000E+00
16  1 2.43009562E-02-1.18258356E-01 9.44362156E-02 6.24446734E-01 0.00000000E+00
16  2 0.00000000E+00 1.06526740E-01 0.00000000E+00 0.00000000E+00-2.57520760E-01
16  3 0.00000000E+00 0.00000000E+00-1.08742116E-01-1.67793994E-01 8.14107592E-02
16  4 8.63832351E-02 0.00000000E+00 0.00000000E+00 0.00000000E+00 7.54878560E-03
16  5-2.01833271E-02-7.30790596E-02-2.12825257E-01 0.00000000E+00 3.68734246E-01
16  6-1.56872228E-01 0.00000000E+00 2.72768555E-01-2.17142310E-03 2.79674203E-03
16  7-6.25318929E-04 0.00000000E+00 7.54287595E-03 0.00000000E+00 7.54878560E-03
16  8-2.01833271E-02-7.30790596E-02 2.12825257E-01 0.00000000E+00 3.68734246E-01
16  9 1.56872228E-01 0.00000000E+00 2.72768555E-01-2.17142310E-03 2.79674203E-03
16 10-6.25318929E-04 0.00000000E+00-7.54287595E-03 0.00000000E+00
17  1 0.00000000E+00 0.00000000E+00 0.00000000E+00 0.00000000E+00 0.00000000E+00
17  2-2.13281960E-01 0.00000000E+00 0.00000000E+00 5.41331608E-01 0.00000000E+00
17  3 0.00000000E+00 4.75682030E-01 0.00000000E+00 0.00000000E+00 0.00000000E+00
17  4 0.00000000E+00 0.00000000E+00 0.00000000E+00-3.38171596E-02 0.00000000E+00
17  5 0.00000000E+00 0.00000000E+00 0.00000000E+00-3.91445280E-01 0.00000000E+00
17  6 0.00000000E+00-3.28705615E-01 0.00000000E+00 0.00000000E+00 0.00000000E+00
17  7 0.00000000E+00-1.46561765E-03 0.00000000E+00-5.86393466E-04 0.00000000E+00
17  8 0.00000000E+00 0.00000000E+00 0.00000000E+00-3.91445280E-01 0.00000000E+00
17  9 0.00000000E+00-3.28705615E-01 0.00000000E+00 0.00000000E+00 0.00000000E+00
17 10 0.00000000E+00 1.46561765E-03 0.00000000E+00-5.86393466E-04
18  1 2.13306790E-02-1.02171751E-01 9.20379852E-02 6.73094138E-01 0.00000000E+00
18  2 0.00000000E+00-1.80820489E-01 0.00000000E+00 0.00000000E+00 4.74209065E-01
18  3 0.00000000E+00 0.00000000E+00 5.91574222E-01-1.49516332E-01 1.24294874E-01
18  4 2.52214587E-02 0.00000000E+00 0.00000000E+00 0.00000000E+00 3.66045835E-02
18  5-7.67280677E-02-2.90296764E-01-3.54135048E-01 0.00000000E+00-1.74706337E-01
18  6-3.35918426E-01 0.00000000E+00-1.55271297E-01-4.93057614E-04 2.71439604E-03
18  7-2.22133843E-03 0.00000000E+00 3.86476174E-03 0.00000000E+00 3.66045835E-02
18  8-7.67280677E-02-2.90296764E-01 3.54135048E-01 0.00000000E+00-1.74706337E-01
18  9 3.35918426E-01 0.00000000E+00-1.55271297E-01-4.93057614E-04 2.71439604E-03
18 10-2.22133843E-03 0.00000000E+00-3.86476174E-03 0.00000000E+00
19  1 0.00000000E+00 0.00000000E+00 0.00000000E+00 0.00000000E+00-1.53164567E-01
19  2 0.00000000E+00 0.00000000E+00 3.97363564E-01 0.00000000E+00 0.00000000E+00
19  3 1.43991505E+00 0.00000000E+00 0.00000000E+00 0.00000000E+00 0.00000000E+00
19  4 0.00000000E+00 0.00000000E+00-1.89461155E-01 0.00000000E+00-6.73711196E-02
19  5 1.06554636E-01 7.75797097E-01 1.24345511E-01 0.00000000E+00-2.26097813E-01
19  6 2.74448855E-01 0.00000000E+00-2.58739862E-01 1.01276552E-02-1.49034383E-03
19  7-8.63731138E-03 0.00000000E+00 2.77289733E-03 0.00000000E+00 6.73711196E-02
19  8-1.06554636E-01-7.75797097E-01 1.24345511E-01 0.00000000E+00 2.26097813E-01
19  9 2.74448855E-01 0.00000000E+00 2.58739862E-01-1.01276552E-02 1.49034383E-03
19 10 8.63731138E-03 0.00000000E+00 2.77289733E-03 0.00000000E+00
20  1 0.00000000E+00 0.00000000E+00 0.00000000E+00 0.00000000E+00 0.00000000E+00
20  2 2.84489992E-01 0.00000000E+00 0.00000000E+00-1.10430328E+00 0.00000000E+00
20  3 0.00000000E+00 1.25434993E+00 0.00000000E+00 0.00000000E+00 0.00000000E+00
20  4 0.00000000E+00 0.00000000E+00 0.00000000E+00-1.94462962E-01 0.00000000E+00
20  5 0.00000000E+00 0.00000000E+00 0.00000000E+00-5.50290551E-02 0.00000000E+00
20  6 0.00000000E+00-1.09605274E-01 0.00000000E+00 0.00000000E+00 0.00000000E+00
20  7 0.00000000E+00-2.92675950E-02 0.00000000E+00 4.86447018E-03 0.00000000E+00
20  8 0.00000000E+00 0.00000000E+00 0.00000000E+00-5.50290551E-02 0.00000000E+00
20  9 0.00000000E+00-1.09605274E-01 0.00000000E+00 0.00000000E+00 0.00000000E+00
20 10 0.00000000E+00 2.92675950E-02 0.00000000E+00 4.86447018E-03
21  1-1.75614842E-02-9.43148718E-02-3.05958174E-01 6.84058922E-01 0.00000000E+00
21  2 0.00000000E+00 2.72162161E-01 0.00000000E+00 0.00000000E+00-1.04126976E+00
21  3 0.00000000E+00 0.00000000E+00 1.31299795E+00 1.80675680E-01 6.86128669E-02
21  4-2.49288547E-01 0.00000000E+00 0.00000000E+00 0.00000000E+00 1.34948099E-02
21  5 5.33202426E-03-3.38288272E-01 9.90662596E-02 0.00000000E+00-7.81261432E-02
21  6-1.72067621E-01 0.00000000E+00-4.67688680E-02-4.28853949E-02 2.06669695E-02
21  7 2.22184254E-02 0.00000000E+00-5.51070084E-03 0.00000000E+00 1.34948099E-02
21  8 5.33202426E-03-3.38288272E-01-9.90662596E-02 0.00000000E+00-7.81261432E-02
21  9 1.72067621E-01 0.00000000E+00-4.67688680E-02-4.28853949E-02 2.06669695E-02
21 10 2.22184254E-02 0.00000000E+00 5.51070084E-03 0.00000000E+00
22  1-1.15822838E-01-3.94522875E-01-1.75317019E+00 2.22742364E+00 0.00000000E+00
22  2 0.00000000E+00-5.69198717E-02 0.00000000E+00 0.00000000E+00 2.33465284E-01
22  3 0.00000000E+00 0.00000000E+00-8.62582666E-02-2.39037664E-02 9.22754376E-03
22  4 1.46762226E-02 0.00000000E+00 0.00000000E+00 0.00000000E+00 1.40134743E-02
22  5-2.58358716E-02-3.40180036E-01 1.42070825E-01 0.00000000E+00-9.29076303E-02
22  6-1.68363124E-01 0.00000000E+00 7.97052256E-02-4.21020828E-02 2.93033682E-02
22  7 1.27987147E-02 0.00000000E+00 3.89545355E-02 0.00000000E+00 1.40134743E-02
22  8-2.58358716E-02-3.40180036E-01-1.42070825E-01 0.00000000E+00-9.29076303E-02
22  9 1.68363124E-01 0.00000000E+00 7.97052256E-02-4.21020828E-02 2.93033682E-02
22 10 1.27987147E-02 0.00000000E+00-3.89545355E-02 0.00000000E+00
23  1 0.00000000E+00 0.00000000E+00 0.00000000E+00 0.00000000E+00 3.00871496E-01
23  2 0.00000000E+00 0.00000000E+00-1.08719851E+00 0.00000000E+00 0.00000000E+00
23  3 1.44872802E+00 0.00000000E+00 0.00000000E+00 0.00000000E+00 0.00000000E+00
23  4 0.00000000E+00 0.00000000E+00 2.91032736E-01 0.00000000E+00-8.12965831E-03
23  5-5.14907314E-02 5.39631979E-01-2.87928296E-01 0.00000000E+00 1.27096104E-01
23  6 7.92397831E-02 0.00000000E+00-4.78902097E-02 3.57311702E-02-3.03844051E-02
23  7-5.34676513E-03 0.00000000E+00-4.51110085E-02 0.00000000E+00 8.12965831E-03
23  8 5.14907314E-02-5.39631979E-01-2.87928296E-01 0.00000000E+00-1.27096104E-01
23  9 7.92397831E-02 0.00000000E+00 4.78902097E-02-3.57311702E-02 3.03844051E-02
23 10 5.34676513E-03 0.00000000E+00-4.51110085E-02 0.00000000E+00
24  1 0.00000000E+00 0.00000000E+00 0.00000000E+00 0.00000000E+00 0.00000000E+00
24  2 5.94439096E-02 0.00000000E+00 0.00000000E+00-2.34907555E-01 0.00000000E+00
24  3 0.00000000E+00 2.28549006E-01 0.00000000E+00 0.00000000E+00 0.00000000E+00
24  4 0.00000000E+00 0.00000000E+00 0.00000000E+00 9.50879668E-01 0.00000000E+00
24  5 0.00000000E+00 0.00000000E+00 0.00000000E+00-1.83063060E-01 0.00000000E+00
24  6 0.00000000E+00 4.28691717E-02 0.00000000E+00 0.00000000E+00 0.00000000E+00
24  7 0.00000000E+00 2.67785412E-02 0.00000000E+00 2.45566275E-02 0.00000000E+00
24  8 0.00000000E+00 0.00000000E+00 0.00000000E+00-1.83063060E-01 0.00000000E+00
24  9 0.00000000E+00 4.28691717E-02 0.00000000E+00 0.00000000E+00 0.00000000E+00
24 10 0.00000000E+00-2.67785412E-02 0.00000000E+00 2.45566275E-02
25  1-9.96098088E-05-1.82889602E-02-2.33070252E-02 1.72045196E-01 0.00000000E+00
25  2 0.00000000E+00 5.55394285E-02 0.00000000E+00 0.00000000E+00-2.16595279E-01
25  3 0.00000000E+00 0.00000000E+00 2.62739481E-01-2.49913296E-02-8.05822167E-01
25  4 8.30813497E-01 0.00000000E+00 0.00000000E+00 0.00000000E+00 6.80415757E-03
25  5-1.85586481E-02-8.32585092E-02-5.47733391E-02 0.00000000E+00-1.92699117E-01
25  6-4.85737112E-02 0.00000000E+00 7.20916032E-02 6.29648603E-03-2.33497029E-02
25  7 1.70532169E-02 0.00000000E+00 2.94233615E-02 0.00000000E+00 6.80415757E-03
25  8-1.85586481E-02-8.32585092E-02 5.47733391E-02 0.00000000E+00-1.92699117E-01
25  9 4.85737112E-02 0.00000000E+00 7.20916032E-02 6.29648603E-03-2.33497029E-02
25 10 1.70532169E-02 0.00000000E+00-2.94233615E-02 0.00000000E+00
26  1 0.00000000E+00 0.00000000E+00 0.00000000E+00 0.00000000E+00 0.00000000E+00
26  2 0.00000000E+00 0.00000000E+00 0.00000000E+00 0.00000000E+00 0.00000000E+00
26  3 0.00000000E+00 0.00000000E+00 0.00000000E+00 0.00000000E+00 0.00000000E+00
26  4 0.00000000E+00 8.64810615E-01 0.00000000E+00 0.00000000E+00 0.00000000E+00
26  5 0.00000000E+00 0.00000000E+00 0.00000000E+00 3.81838548E-01 0.00000000E+00
26  6 0.00000000E+00-1.11948315E-01 0.00000000E+00 0.00000000E+00 0.00000000E+00
26  7 0.00000000E+00-5.64291172E-02 0.00000000E+00 3.21038978E-02 0.00000000E+00
26  8 0.00000000E+00 0.00000000E+00 0.00000000E+00-3.81838548E-01 0.00000000E+00
26  9 0.00000000E+00 1.11948315E-01 0.00000000E+00 0.00000000E+00 0.00000000E+00
26 10 0.00000000E+00-5.64291172E-02 0.00000000E+00-3.21038978E-02
27  1 0.00000000E+00 0.00000000E+00 0.00000000E+00 0.00000000E+00-1.58374560E-01
27  2 0.00000000E+00 0.00000000E+00 7.80019238E-01 0.00000000E+00 0.00000000E+00
27  3 3.47472351E-01 0.00000000E+00 0.00000000E+00 0.00000000E+00 0.00000000E+00
27  4 0.00000000E+00 0.00000000E+00 6.92195107E-01 0.00000000E+00-5.85414675E-02
27  5 1.78850186E-01 3.96743461E-01-9.02223157E-02 0.00000000E+00 2.53998518E-01
27  6 7.82256895E-01 0.00000000E+00-4.02018438E-01-3.98487428E-02 7.39545833E-03
27  7 3.24532845E-02 0.00000000E+00-9.16732715E-03 0.00000000E+00 5.85414675E-02
27  8-1.78850186E-01-3.96743461E-01-9.02223157E-02 0.00000000E+00-2.53998518E-01
27  9 7.82256895E-01 0.00000000E+00 4.02018438E-01 3.98487428E-02-7.39545833E-03
27 10-3.24532845E-02 0.00000000E+00-9.16732715E-03 0.00000000E+00
28  1 1.96610425E-02 2.12008952E-02 2.59687288E-01 1.19893865E+00 0.00000000E+00
28  2 0.00000000E+00-7.32683796E-02 0.00000000E+00 0.00000000E+00 3.74973602E-01
28  3 0.00000000E+00 0.00000000E+00 1.24290499E-01 6.36053521E-01-3.80955038E-01
28  4-2.55098483E-01 0.00000000E+00 0.00000000E+00 0.00000000E+00 6.16309704E-02
28  5-1.73857665E-01-4.77220739E-01 3.43303116E-01 0.00000000E+00-1.04723858E-02
28  6-1.06189454E+00 0.00000000E+00 3.06644172E-01 5.03057221E-04-7.06751226E-03
28  7 6.56445504E-03 0.00000000E+00-1.16427725E-02 0.00000000E+00 6.16309704E-02
28  8-1.73857665E-01-4.77220739E-01-3.43303116E-01 0.00000000E+00-1.04723858E-02
28  9 1.06189454E+00 0.00000000E+00 3.06644172E-01 5.03057221E-04-7.06751226E-03
28 10 6.56445504E-03 0.00000000E+00 1.16427725E-02 0.00000000E+00
29  1 0.00000000E+00 0.00000000E+00 0.00000000E+00 0.00000000E+00 0.00000000E+00
29  2 0.00000000E+00 0.00000000E+00 0.00000000E+00 0.00000000E+00 0.00000000E+00
29  3 0.00000000E+00 0.00000000E+00 0.00000000E+00 0.00000000E+00 0.00000000E+00
29  4 0.00000000E+00 5.28795918E-01 0.00000000E+00 0.00000000E+00 0.00000000E+00
29  5 0.00000000E+00 0.00000000E+00 0.00000000E+00-5.34790124E-01 0.00000000E+00
29  6 0.00000000E+00 7.88922734E-01 0.00000000E+00 0.00000000E+00 0.00000000E+00
29  7 0.00000000E+00-5.68865786E-02 0.00000000E+00 2.76799615E-02 0.00000000E+00
29  8 0.00000000E+00 0.00000000E+00 0.00000000E+00 5.34790124E-01 0.00000000E+00
29  9 0.00000000E+00-7.88922734E-01 0.00000000E+00 0.00000000E+00 0.00000000E+00
29 10 0.00000000E+00-5.68865786E-02 0.00000000E+00-2.76799615E-02
30  1 0.00000000E+00 0.00000000E+00 0.00000000E+00 0.00000000E+00-2.63338499E-02
30  2 0.00000000E+00 0.00000000E+00 2.12701039E-01 0.00000000E+00 0.00000000E+00
30  3-3.14462247E-01 0.00000000E+00 0.00000000E+00 0.00000000E+00 0.00000000E+00
30  4 0.00000000E+00 0.00000000E+00 1.82155300E-01 0.00000000E+00 1.79181652E-03
30  5-8.41154648E-02 2.82431599E-02-3.35597554E-01 0.00000000E+00-5.17343429E-01
30  6 5.35613227E-01 0.00000000E+00 6.35925080E-01-2.99298094E-02 1.12989777E-02
30  7 1.86308317E-02 0.00000000E+00-6.97935546E-03 0.00000000E+00-1.79181652E-03
30  8 8.41154648E-02-2.82431599E-02-3.35597554E-01 0.00000000E+00 5.17343429E-01
30  9 5.35613227E-01 0.00000000E+00-6.35925080E-01 2.99298094E-02-1.12989777E-02
30 10-1.86308317E-02 0.00000000E+00-6.97935546E-03 0.00000000E+00
31  1 9.14310237E-03 5.57087220E-02 1.74667388E-01-9.90021404E-02 0.00000000E+00
31  2 0.00000000E+00-2.83698417E-02 0.00000000E+00 0.00000000E+00 1.36976257E-01
31  3 0.00000000E+00 0.00000000E+00-6.94102275E-01 1.56124444E-01 1.43494440E-01
31  4-2.99618884E-01 0.00000000E+00 0.00000000E+00 0.00000000E+00-6.30957801E-03
31  5 1.09405803E-01-2.75022193E-02-1.57581479E-01 0.00000000E+00-5.71386182E-01
31  6 1.94486888E-01 0.00000000E+00 8.98553729E-01-8.33120278E-03-6.41366261E-04
31  7 8.97256905E-03 0.00000000E+00-4.45288339E-02 0.00000000E+00-6.30957801E-03
31  8 1.09405803E-01-2.75022193E-02 1.57581479E-01 0.00000000E+00-5.71386182E-01
31  9-1.94486888E-01 0.00000000E+00 8.98553729E-01-8.33120278E-03-6.41366261E-04
31 10 8.97256905E-03 0.00000000E+00 4.45288339E-02 0.00000000E+00
32  1 0.00000000E+00 0.00000000E+00 0.00000000E+00 0.00000000E+00 0.00000000E+00
32  2-2.61179098E-02 0.00000000E+00 0.00000000E+00 1.07461705E-01 0.00000000E+00
32  3 0.00000000E+00-7.22506979E-01 0.00000000E+00 0.00000000E+00 0.00000000E+00
32  4 0.00000000E+00 0.00000000E+00 0.00000000E+00-2.46686353E-01 0.00000000E+00
32  5 0.00000000E+00 0.00000000E+00 0.00000000E+00-6.11749648E-01 0.00000000E+00
32  6 0.00000000E+00 9.45355261E-01 0.00000000E+00 0.00000000E+00 0.00000000E+00
32  7 0.00000000E+00-4.20435560E-02 0.00000000E+00 3.38097375E-03 0.00000000E+00
32  8 0.00000000E+00 0.00000000E+00 0.00000000E+00-6.11749648E-01 0.00000000E+00
32  9 0.00000000E+00 9.45355261E-01 0.00000000E+00 0.00000000E+00 0.00000000E+00
32 10 0.00000000E+00 4.20435560E-02 0.00000000E+00 3.38097375E-03
33  1 0.00000000E+00 0.00000000E+00 0.00000000E+00 0.00000000E+00-4.58642500E-02
33  2 0.00000000E+00 0.00000000E+00-5.50411259E-02 0.00000000E+00 0.00000000E+00
33  3 2.95581733E-01 0.00000000E+00 0.00000000E+00 0.00000000E+00 0.00000000E+00
33  4 0.00000000E+00 0.00000000E+00 7.49017470E-01 0.00000000E+00-1.63195881E-02
33  5 5.16516000E-02 2.09215303E-01 5.35639212E-01 0.00000000E+00-2.31068896E-01
33  6-3.96333351E-01 0.00000000E+00 3.51736675E-01-3.11248736E-02-2.22218168E-02
33  7 5.33466905E-02 0.00000000E+00-7.16134021E-02 0.00000000E+00 1.63195881E-02
33  8-5.16516000E-02-2.09215303E-01 5.35639212E-01 0.00000000E+00 2.31068896E-01
33  9-3.96333351E-01 0.00000000E+00-3.51736675E-01 3.11248736E-02 2.22218168E-02
33 10-5.33466905E-02 0.00000000E+00-7.16134021E-02 0.00000000E+00
34  1-1.97566723E-02-2.27345744E-01-5.12219191E-01 8.33081975E-01 0.00000000E+00
34  2 0.00000000E+00-5.19913892E-02 0.00000000E+00 0.00000000E+00 1.40883357E-01
34  3 0.00000000E+00 0.00000000E+00 6.37316457E-02 9.85773513E-01-5.81873533E-01
34  4-4.03899980E-01 0.00000000E+00 0.00000000E+00 0.00000000E+00 3.35775293E-02
34  5-1.13557238E-01-3.47771668E-01-5.07936685E-01 0.00000000E+00 2.23730846E-01
34  6 2.06246529E-01 0.00000000E+00 9.18845945E-03-5.79429325E-02-6.80821633E-03
34  7 6.47511488E-02 0.00000000E+00-5.25150559E-02 0.00000000E+00 3.35775293E-02
34  8-1.13557238E-01-3.47771668E-01 5.07936685E-01 0.00000000E+00 2.23730846E-01
34  9-2.06246529E-01 0.00000000E+00 9.18845945E-03-5.79429325E-02-6.80821633E-03
34 10 6.47511488E-02 0.00000000E+00 5.25150559E-02 0.00000000E+00
35  1-1.71315561E-02-1.78185672E-01-3.90920176E-01 2.00965420E+00 0.00000000E+00
35  2 0.00000000E+00-9.90641995E-03 0.00000000E+00 0.00000000E+00 1.14620949E-01
35  3 0.00000000E+00 0.00000000E+00 6.12190927E-01 3.19390150E-01-2.31257240E-01
35  4-8.81329108E-02 0.00000000E+00 0.00000000E+00 0.00000000E+00-1.96387040E-03
35  5 1.18001136E+00-1.89664084E+00 5.02318556E-02 0.00000000E+00 7.21991005E-02
35  6-6.97932703E-01 0.00000000E+00 5.48635212E-03 2.00606713E-01-1.12351060E-01
35  7-8.82556536E-02 0.00000000E+00-5.77756667E-02 0.00000000E+00-1.96387040E-03
35  8 1.18001136E+00-1.89664084E+00-5.02318556E-02 0.00000000E+00 7.21991005E-02
35  9 6.97932703E-01 0.00000000E+00 5.48635212E-03 2.00606713E-01-1.12351060E-01
35 10-8.82556536E-02 0.00000000E+00 5.77756667E-02 0.00000000E+00
36  1 0.00000000E+00 0.00000000E+00 0.00000000E+00 0.00000000E+00-2.48036880E-02
36  2 0.00000000E+00 0.00000000E+00 2.68457231E-01 0.00000000E+00 0.00000000E+00
36  3 1.50358108E+00 0.00000000E+00 0.00000000E+00 0.00000000E+00 0.00000000E+00
36  4 0.00000000E+00 0.00000000E+00 2.37570601E-01 0.00000000E+00-1.41372309E-03
36  5-1.24613732E+00 2.13294088E+00 2.47751920E-02 0.00000000E+00 8.55294963E-02
36  6 4.18815976E-01 0.00000000E+00-3.85086094E-01-1.42066046E-01 9.29926674E-02
36  7 4.90733784E-02 0.00000000E+00 1.45370751E-01 0.00000000E+00 1.41372309E-03
36  8 1.24613732E+00-2.13294088E+00 2.47751920E-02 0.00000000E+00-8.55294963E-02
36  9 4.18815976E-01 0.00000000E+00 3.85086094E-01 1.42066046E-01-9.29926674E-02
36 10-4.90733784E-02 0.00000000E+00 1.45370751E-01 0.00000000E+00
37  1 0.00000000E+00 0.00000000E+00 0.00000000E+00 0.00000000E+00 0.00000000E+00
37  2 0.00000000E+00 0.00000000E+00 0.00000000E+00 0.00000000E+00 0.00000000E+00
37  3 0.00000000E+00 0.00000000E+00 0.00000000E+00 0.00000000E+00 0.00000000E+00
37  4 0.00000000E+00 2.46427236E-02 0.00000000E+00 0.00000000E+00 0.00000000E+00
37  5 0.00000000E+00 0.00000000E+00 0.00000000E+00-6.14292684E-03 0.00000000E+00
37  6 0.00000000E+00 1.01078816E-02 0.00000000E+00 0.00000000E+00 0.00000000E+00
37  7 0.00000000E+00 3.34957596E-01 0.00000000E+00 6.22945702E-01 0.00000000E+00
37  8 0.00000000E+00 0.00000000E+00 0.00000000E+00 6.14292684E-03 0.00000000E+00
37  9 0.00000000E+00-1.01078816E-02 0.00000000E+00 0.00000000E+00 0.00000000E+00
37 10 0.00000000E+00 3.34957596E-01 0.00000000E+00-6.22945702E-01
38  1 0.00000000E+00 0.00000000E+00 0.00000000E+00 0.00000000E+00 9.69338003E-06
38  2 0.00000000E+00 0.00000000E+00-4.16959242E-03 0.00000000E+00 0.00000000E+00
38  3 4.21533413E-02 0.00000000E+00 0.00000000E+00 0.00000000E+00 0.00000000E+00
38  4 0.00000000E+00 0.00000000E+00-2.42328108E-02 0.00000000E+00 3.57889100E-04
38  5-2.22251146E-02 3.70910819E-02 3.74053727E-03 0.00000000E+00 1.05662965E-02
38  6-5.90183542E-03 0.00000000E+00-1.87778116E-02-1.50277335E-01 6.12927009E-01
38  7-4.62649675E-01 0.00000000E+00-3.03416057E-01 0.00000000E+00-3.57889100E-04
38  8 2.22251146E-02-3.70910819E-02 3.74053727E-03 0.00000000E+00-1.05662965E-02
38  9-5.90183542E-03 0.00000000E+00 1.87778116E-02 1.50277335E-01-6.12927009E-01
38 10 4.62649675E-01 0.00000000E+00-3.03416057E-01 0.00000000E+00
39  1 0.00000000E+00 0.00000000E+00 0.00000000E+00 0.00000000E+00 0.00000000E+00
39  2-2.29007855E-02 0.00000000E+00 0.00000000E+00 7.54896149E-02 0.00000000E+00
39  3 0.00000000E+00 3.20079050E-02 0.00000000E+00 0.00000000E+00 0.00000000E+00
39  4 0.00000000E+00 0.00000000E+00 0.00000000E+00-4.12595251E-02 0.00000000E+00
39  5 0.00000000E+00 0.00000000E+00 0.00000000E+00 2.24315554E-02 0.00000000E+00
39  6 0.00000000E+00-3.76696510E-02 0.00000000E+00 0.00000000E+00 0.00000000E+00
39  7 0.00000000E+00-2.80061089E-02 0.00000000E+00 7.07944111E-01 0.00000000E+00
39  8 0.00000000E+00 0.00000000E+00 0.00000000E+00 2.24315554E-02 0.00000000E+00
39  9 0.00000000E+00-3.76696510E-02 0.00000000E+00 0.00000000E+00 0.00000000E+00
39 10 0.00000000E+00 2.80061089E-02 0.00000000E+00 7.07944111E-01
40  1-2.56614563E-03-1.32006469E-02-4.70653060E-02 3.53887223E-02 0.00000000E+00
40  2 0.00000000E+00 7.33953709E-03 0.00000000E+00 0.00000000E+00-3.11921294E-02
40  3 0.00000000E+00 0.00000000E+00 9.82147678E-03 4.75044418E-02-1.09679672E-01
40  4 6.21752297E-02 0.00000000E+00 0.00000000E+00 0.00000000E+00 1.77370522E-03
40  5-2.06168417E-02 1.40291609E-03-2.31105155E-02 0.00000000E+00 4.86062584E-03
40  6 1.68096501E-02 0.00000000E+00-3.05780838E-03-3.22787321E-03 5.91336058E-01
40  7-5.88108185E-01 0.00000000E+00-1.91201198E-01 0.00000000E+00 1.77370522E-03
40  8-2.06168417E-02 1.40291609E-03 2.31105155E-02 0.00000000E+00 4.86062584E-03
40  9-1.68096501E-02 0.00000000E+00-3.05780838E-03-3.22787321E-03 5.91336058E-01
40 10-5.88108185E-01 0.00000000E+00 1.91201198E-01 0.00000000E+00
41  1 0.00000000E+00 0.00000000E+00 0.00000000E+00 0.00000000E+00 0.00000000E+00
41  2 5.44625231E-02 0.00000000E+00 0.00000000E+00-1.75369593E-01 0.00000000E+00
41  3 0.00000000E+00-1.34994733E-01 0.00000000E+00 0.00000000E+00 0.00000000E+00
41  4 0.00000000E+00 0.00000000E+00 0.00000000E+00-2.10600632E-01 0.00000000E+00
41  5 0.00000000E+00 0.00000000E+00 0.00000000E+00-6.48950274E-02 0.00000000E+00
41  6 0.00000000E+00 1.48515386E-01 0.00000000E+00 0.00000000E+00 0.00000000E+00
41  7 0.00000000E+00 7.22742780E-01 0.00000000E+00 2.08073041E-02 0.00000000E+00
41  8 0.00000000E+00 0.00000000E+00 0.00000000E+00-6.48950274E-02 0.00000000E+00
41  9 0.00000000E+00 1.48515386E-01 0.00000000E+00 0.00000000E+00 0.00000000E+00
41 10 0.00000000E+00-7.22742780E-01 0.00000000E+00 2.08073041E-02
42  1 0.00000000E+00 0.00000000E+00 0.00000000E+00 0.00000000E+00 4.22628537E-02
42  2 0.00000000E+00 0.00000000E+00-2.28449458E-01 0.00000000E+00 0.00000000E+00
42  3-8.86754693E-02 0.00000000E+00 0.00000000E+00 0.00000000E+00 0.00000000E+00
42  4 0.00000000E+00 0.00000000E+00 3.75474893E-01 0.00000000E+00-1.93902202E-03
42  5 1.86578280E-01-2.32504960E-01 6.09332604E-02 0.00000000E+00-6.77104936E-02
42  6-8.15723118E-02 0.00000000E+00 1.72333978E-01 2.94048442E-01 1.49937236E-01
42  7-4.43985678E-01 0.00000000E+00 5.64346437E-01 0.00000000E+00 1.93902202E-03
42  8-1.86578280E-01 2.32504960E-01 6.09332604E-02 0.00000000E+00 6.77104936E-02
42  9-8.15723118E-02 0.00000000E+00-1.72333978E-01-2.94048442E-01-1.49937236E-01
42 10 4.43985678E-01 0.00000000E+00 5.64346437E-01 0.00000000E+00
43  1-7.16900589E-03-7.50895464E-03-1.01637399E-01-2.97785001E-01 0.00000000E+00
43  2 0.00000000E+00 6.34549993E-02 0.00000000E+00 0.00000000E+00-2.44444466E-01
43  3 0.00000000E+00 0.00000000E+00-2.36691075E-01 2.22962778E-01 6.06765620E-02
43  4-2.83639340E-01 0.00000000E+00 0.00000000E+00 0.00000000E+00 9.04910191E-04
43  5-2.63159757E-01 3.78378304E-01-1.04037568E-01 0.00000000E+00-3.51578535E-02
43  6 2.59966417E-01 0.00000000E+00 1.30948180E-01 5.06439591E-01-1.31610172E-01
43  7-3.74829419E-01 0.00000000E+00 4.96552007E-01 0.00000000E+00 9.04910191E-04
43  8-2.63159757E-01 3.78378304E-01 1.04037568E-01 0.00000000E+00-3.51578535E-02
43  9-2.59966417E-01 0.00000000E+00 1.30948180E-01 5.06439591E-01-1.31610172E-01
43 10-3.74829419E-01 0.00000000E+00-4.96552007E-01 0.00000000E+00
44  1 0.00000000E+00 0.00000000E+00 0.00000000E+00 0.00000000E+00 0.00000000E+00
44  2 0.00000000E+00 0.00000000E+00 0.00000000E+00 0.00000000E+00 0.00000000E+00
44  3 0.00000000E+00 0.00000000E+00 0.00000000E+00 0.00000000E+00 0.00000000E+00
44  4 0.00000000E+00 5.08966813E-01 0.00000000E+00 0.00000000E+00 0.00000000E+00
44  5 0.00000000E+00 0.00000000E+00 0.00000000E+00-3.48007794E-02 0.00000000E+00
44  6 0.00000000E+00 1.58347397E-01 0.00000000E+00 0.00000000E+00 0.00000000E+00
44  7 0.00000000E+00 6.58609539E-01 0.00000000E+00-3.47621779E-01 0.00000000E+00
44  8 0.00000000E+00 0.00000000E+00 0.00000000E+00 3.48007794E-02 0.00000000E+00
44  9 0.00000000E+00-1.58347397E-01 0.00000000E+00 0.00000000E+00 0.00000000E+00
44 10 0.00000000E+00 6.58609539E-01 0.00000000E+00 3.47621779E-01
45  1 0.00000000E+00 0.00000000E+00 0.00000000E+00 0.00000000E+00-2.14764850E-01
45  2 0.00000000E+00 0.00000000E+00 1.16195959E+00 0.00000000E+00 0.00000000E+00
45  3 4.54561333E-01 0.00000000E+00 0.00000000E+00 0.00000000E+00 0.00000000E+00
45  4 0.00000000E+00 0.00000000E+00 5.44086680E-01 0.00000000E+00-2.98830152E-02
45  5-5.55599452E-01 1.20553125E+00 3.44542420E-02 0.00000000E+00 4.67946733E-03
45  6 6.39540838E-01 0.00000000E+00-2.27395855E-01 7.40196938E-01-3.71930014E-01
45  7-3.68266924E-01 0.00000000E+00-3.46421309E-01 0.00000000E+00 2.98830152E-02
45  8 5.55599452E-01-1.20553125E+00 3.44542420E-02 0.00000000E+00-4.67946733E-03
45  9 6.39540838E-01 0.00000000E+00 2.27395855E-01-7.40196938E-01 3.71930014E-01
45 10 3.68266924E-01 0.00000000E+00-3.46421309E-01 0.00000000E+00
46  1-4.18096962E-02 2.17441092E-02-4.91748507E-01-1.32674913E+00 0.00000000E+00
46  2 0.00000000E+00 7.49988127E-02 0.00000000E+00 0.00000000E+00-4.28031256E-01
46  3 0.00000000E+00 0.00000000E+00-1.85359167E-01-8.51843170E-01 4.81204800E-01
46  4 3.70638370E-01 0.00000000E+00 0.00000000E+00 0.00000000E+00-3.43391324E-02
46  5-5.90948839E-01 1.34556491E+00 4.39082387E-02 0.00000000E+00-3.17530446E-02
46  6 7.35237742E-01 0.00000000E+00-2.80012802E-01 5.76594219E-01-4.26135589E-01
46  7-1.50458630E-01 0.00000000E+00-5.83810048E-01 0.00000000E+00-3.43391324E-02
46  8-5.90948839E-01 1.34556491E+00-4.39082387E-02 0.00000000E+00-3.17530446E-02
46  9-7.35237742E-01 0.00000000E+00-2.80012802E-01 5.76594219E-01-4.26135589E-01
46 10-1.50458630E-01 0.00000000E+00 5.83810048E-01 0.00000000E+00
 $END   
 POPULATION ANALYSIS
S           15.22596   0.77404  15.25691   0.74309
O            8.38702  -0.38702   8.37155  -0.37155
O            8.38702  -0.38702   8.37155  -0.37155
 MOMENTS AT POINT    1 X,Y,Z=  0.000000  0.000000  0.000000
 DIPOLE       0.000000  0.000000 -0.830766
