 $DATA  
Title                                                                           
CNV      2

S          16.0      0.0000000000      0.0000000000     -0.4500761923
   PC1     0
        
O           8.0      1.0724622204      0.0000000000      0.4498264612
   PC1     0
        
 $END      
 $ZMAT   IZMAT(1)=
         1,   3,   1,
         1,   2,   1,
         2,   2,   1,   3,
 $END
--- CLOSED SHELL ORBITALS --- GENERATED AT Thu Feb 26 00:15:19 2015
Title                                                                           
E(R-PBE)=     -548.2178894989, E(NUC)=  112.5533675983,   21 ITERS
 $VEC   
 1  1 1.00298367E+00-1.02450576E-02 1.91565786E-03-6.91366756E-04 0.00000000E+00
 1  2 0.00000000E+00 3.77541998E-05 0.00000000E+00 0.00000000E+00 2.05853089E-04
 1  3 0.00000000E+00 0.00000000E+00-1.64434884E-05 8.29278178E-05-9.30579541E-05
 1  4 1.01301363E-05 0.00000000E+00 0.00000000E+00 0.00000000E+00 1.36044324E-05
 1  5 1.82980947E-05-1.32813962E-04-6.17362990E-05 0.00000000E+00 4.77907189E-05
 1  6-1.44322472E-04 0.00000000E+00 1.47828035E-04-5.34046148E-05 7.64316689E-05
 1  7-2.30270541E-05 0.00000000E+00 1.28372641E-04 0.00000000E+00 1.36044324E-05
 1  8 1.82980947E-05-1.32813962E-04 6.17362990E-05 0.00000000E+00 4.77907189E-05
 1  9 1.44322472E-04 0.00000000E+00 1.47828035E-04-5.34046148E-05 7.64316689E-05
 1 10-2.30270541E-05 0.00000000E+00-1.28372641E-04 0.00000000E+00
 2  1 0.00000000E+00 0.00000000E+00 0.00000000E+00 0.00000000E+00-1.32300957E-04
 2  2 0.00000000E+00 0.00000000E+00-1.12159445E-03 0.00000000E+00 0.00000000E+00
 2  3-3.85405098E-03 0.00000000E+00 0.00000000E+00 0.00000000E+00 0.00000000E+00
 2  4 0.00000000E+00 0.00000000E+00 2.34904879E-04 0.00000000E+00 7.03231612E-01
 2  5 2.60228108E-02-1.20054764E-02 1.02765742E-03 0.00000000E+00-8.87127513E-04
 2  6-2.35821552E-03 0.00000000E+00 2.05622095E-03-2.73508664E-04 2.88572483E-04
 2  7-1.50638189E-05 0.00000000E+00 1.25904659E-04 0.00000000E+00-7.03231612E-01
 2  8-2.60228108E-02 1.20054764E-02 1.02765742E-03 0.00000000E+00 8.87127513E-04
 2  9-2.35821552E-03 0.00000000E+00-2.05622095E-03 2.73508664E-04-2.88572483E-04
 2 10 1.50638189E-05 0.00000000E+00 1.25904659E-04 0.00000000E+00
 3  1-7.92510413E-05-3.22276914E-04-1.16264184E-03 1.19156566E-02 0.00000000E+00
 3  2 0.00000000E+00-9.95903387E-07 0.00000000E+00 0.00000000E+00 1.45767504E-03
 3  3 0.00000000E+00 0.00000000E+00 5.25305459E-03 3.60879779E-04-6.42326075E-04
 3  4 2.81446296E-04 0.00000000E+00 0.00000000E+00 0.00000000E+00 7.03275215E-01
 3  5 2.61840400E-02-1.46190412E-02 7.18903218E-04 0.00000000E+00-6.83266429E-04
 3  6-3.03559588E-03 0.00000000E+00 2.13482842E-03-2.10566043E-05 5.62278664E-05
 3  7-3.51712621E-05 0.00000000E+00 3.92338247E-04 0.00000000E+00 7.03275215E-01
 3  8 2.61840400E-02-1.46190412E-02-7.18903218E-04 0.00000000E+00-6.83266429E-04
 3  9 3.03559588E-03 0.00000000E+00 2.13482842E-03-2.10566043E-05 5.62278664E-05
 3 10-3.51712621E-05 0.00000000E+00-3.92338247E-04 0.00000000E+00
 4  1-2.73989053E-01 1.03958539E+00 4.19998932E-02-1.12802468E-02 0.00000000E+00
 4  2 0.00000000E+00 1.00460769E-02 0.00000000E+00 0.00000000E+00 2.13856667E-03
 4  3 0.00000000E+00 0.00000000E+00-6.27783035E-04 7.84173262E-04-7.05775804E-04
 4  4-7.83974580E-05 0.00000000E+00 0.00000000E+00 0.00000000E+00-1.98487524E-04
 4  5-2.29240587E-04-7.62021570E-05-2.78464305E-04 0.00000000E+00 2.00736608E-04
 4  6-1.05295316E-03 0.00000000E+00 1.16974038E-03-6.60684978E-05 1.28786023E-04
 4  7-6.27175254E-05 0.00000000E+00 1.87172933E-04 0.00000000E+00-1.98487524E-04
 4  8-2.29240587E-04-7.62021570E-05 2.78464305E-04 0.00000000E+00 2.00736608E-04
 4  9 1.05295316E-03 0.00000000E+00 1.16974038E-03-6.60684978E-05 1.28786023E-04
 4 10-6.27175254E-05 0.00000000E+00-1.87172933E-04 0.00000000E+00
 5  1 0.00000000E+00 0.00000000E+00 0.00000000E+00 0.00000000E+00 9.96320102E-01
 5  2 0.00000000E+00 0.00000000E+00 1.02784455E-02 0.00000000E+00 0.00000000E+00
 5  3-2.43380159E-04 0.00000000E+00 0.00000000E+00 0.00000000E+00 0.00000000E+00
 5  4 0.00000000E+00 0.00000000E+00 1.28072930E-03 0.00000000E+00 5.48385362E-04
 5  5-5.28396822E-04 1.31133201E-04-6.82036329E-04 0.00000000E+00 7.01692160E-04
 5  6 8.01064480E-05 0.00000000E+00-7.34577732E-05-1.30168795E-04 3.69205677E-04
 5  7-2.39036882E-04 0.00000000E+00 6.11929906E-04 0.00000000E+00-5.48385362E-04
 5  8 5.28396822E-04-1.31133201E-04-6.82036329E-04 0.00000000E+00-7.01692160E-04
 5  9 8.01064480E-05 0.00000000E+00 7.34577732E-05 1.30168795E-04-3.69205677E-04
 5 10 2.39036882E-04 0.00000000E+00 6.11929906E-04 0.00000000E+00
 6  1 0.00000000E+00 0.00000000E+00 0.00000000E+00 0.00000000E+00 0.00000000E+00
 6  2 9.96670790E-01 0.00000000E+00 0.00000000E+00 9.60086536E-03 0.00000000E+00
 6  3 0.00000000E+00-3.64038544E-04 0.00000000E+00 0.00000000E+00 0.00000000E+00
 6  4 0.00000000E+00 0.00000000E+00 0.00000000E+00 6.45161777E-04 0.00000000E+00
 6  5 0.00000000E+00 0.00000000E+00 0.00000000E+00 1.34035690E-04 0.00000000E+00
 6  6 0.00000000E+00-8.89688607E-05 0.00000000E+00 0.00000000E+00 0.00000000E+00
 6  7 0.00000000E+00 1.18254197E-04 0.00000000E+00-1.28032992E-04 0.00000000E+00
 6  8 0.00000000E+00 0.00000000E+00 0.00000000E+00 1.34035690E-04 0.00000000E+00
 6  9 0.00000000E+00-8.89688607E-05 0.00000000E+00 0.00000000E+00 0.00000000E+00
 6 10 0.00000000E+00-1.18254197E-04 0.00000000E+00-1.28032992E-04
 7  1 2.90695410E-03-1.11519970E-02 2.02289923E-05-2.95150636E-04 0.00000000E+00
 7  2 0.00000000E+00 9.96506530E-01 0.00000000E+00 0.00000000E+00 9.53380393E-03
 7  3 0.00000000E+00 0.00000000E+00-3.38459475E-04-4.00732836E-04-4.82917343E-04
 7  4 8.83650179E-04 0.00000000E+00 0.00000000E+00 0.00000000E+00-4.68356312E-04
 7  5 4.42312688E-04 3.62421240E-04 8.00318920E-04 0.00000000E+00-5.60768470E-04
 7  6 2.53157849E-05 0.00000000E+00-2.28038975E-04 2.96370438E-04-3.28729939E-04
 7  7 3.23595012E-05 0.00000000E+00-6.04036199E-04 0.00000000E+00-4.68356312E-04
 7  8 4.42312688E-04 3.62421240E-04-8.00318920E-04 0.00000000E+00-5.60768470E-04
 7  9-2.53157849E-05 0.00000000E+00-2.28038975E-04 2.96370438E-04-3.28729939E-04
 7 10 3.23595012E-05 0.00000000E+00 6.04036199E-04 0.00000000E+00
 8  1 5.26963996E-02-1.50817311E-01 3.06399025E-01 1.13689157E-01 0.00000000E+00
 8  2 0.00000000E+00-8.57661967E-02 0.00000000E+00 0.00000000E+00 1.56120795E-01
 8  3 0.00000000E+00 0.00000000E+00-4.56210875E-03 2.57770007E-02-3.71518815E-02
 8  4 1.13748808E-02 0.00000000E+00 0.00000000E+00 0.00000000E+00-1.19779388E-01
 8  5 2.34941595E-01 2.48484909E-01 1.07845887E-01 0.00000000E+00-7.91546389E-02
 8  6 3.35173649E-02 0.00000000E+00-2.54743334E-02 5.47921055E-03-6.43045192E-03
 8  7 9.51241376E-04 0.00000000E+00-1.42000296E-02 0.00000000E+00-1.19779388E-01
 8  8 2.34941595E-01 2.48484909E-01-1.07845887E-01 0.00000000E+00-7.91546389E-02
 8  9-3.35173649E-02 0.00000000E+00-2.54743334E-02 5.47921055E-03-6.43045192E-03
 8 10 9.51241376E-04 0.00000000E+00 1.42000296E-02 0.00000000E+00
 9  1 0.00000000E+00 0.00000000E+00 0.00000000E+00 0.00000000E+00 1.39723537E-01
 9  2 0.00000000E+00 0.00000000E+00-2.70963752E-01 0.00000000E+00 0.00000000E+00
 9  3-2.94100872E-02 0.00000000E+00 0.00000000E+00 0.00000000E+00 0.00000000E+00
 9  4 0.00000000E+00 0.00000000E+00-9.81414933E-02 0.00000000E+00-1.46092754E-01
 9  5 2.91583970E-01 3.20631607E-01 7.73826640E-02 0.00000000E+00-9.09384714E-02
 9  6 2.10903971E-02 0.00000000E+00-2.58294837E-02 4.57839893E-04-3.09840478E-03
 9  7 2.64056489E-03 0.00000000E+00-9.23111701E-03 0.00000000E+00 1.46092754E-01
 9  8-2.91583970E-01-3.20631607E-01 7.73826640E-02 0.00000000E+00 9.09384714E-02
 9  9 2.10903971E-02 0.00000000E+00 2.58294837E-02-4.57839893E-04 3.09840478E-03
 9 10-2.64056489E-03 0.00000000E+00-9.23111701E-03 0.00000000E+00
10  1 6.51054829E-02-1.80692410E-01 4.16588755E-01 4.03134800E-01 0.00000000E+00
10  2 0.00000000E+00 8.93502542E-02 0.00000000E+00 0.00000000E+00-1.88780778E-01
10  3 0.00000000E+00 0.00000000E+00-1.10800272E-01 2.29608087E-03 2.52266903E-02
10  4-2.75227711E-02 0.00000000E+00 0.00000000E+00 0.00000000E+00 9.16479540E-02
10  5-1.86407282E-01-3.06194411E-01 6.43186849E-02 0.00000000E+00-1.37670723E-01
10  6 2.72025439E-02 0.00000000E+00-6.21290588E-02-1.16302859E-03-5.04474428E-03
10  7 6.20777287E-03 0.00000000E+00-8.91601580E-03 0.00000000E+00 9.16479540E-02
10  8-1.86407282E-01-3.06194411E-01-6.43186849E-02 0.00000000E+00-1.37670723E-01
10  9-2.72025439E-02 0.00000000E+00-6.21290588E-02-1.16302859E-03-5.04474428E-03
10 10 6.20777287E-03 0.00000000E+00 8.91601580E-03 0.00000000E+00
11  1 0.00000000E+00 0.00000000E+00 0.00000000E+00 0.00000000E+00 0.00000000E+00
11  2-2.06471560E-01 0.00000000E+00 0.00000000E+00 4.79173167E-01 0.00000000E+00
11  3 0.00000000E+00 2.28395518E-01 0.00000000E+00 0.00000000E+00 0.00000000E+00
11  4 0.00000000E+00 0.00000000E+00 0.00000000E+00 6.79054734E-02 0.00000000E+00
11  5 0.00000000E+00 0.00000000E+00 0.00000000E+00 3.04979519E-01 0.00000000E+00
11  6 0.00000000E+00 1.71535125E-01 0.00000000E+00 0.00000000E+00 0.00000000E+00
11  7 0.00000000E+00 1.90616183E-02 0.00000000E+00-1.53560562E-02 0.00000000E+00
11  8 0.00000000E+00 0.00000000E+00 0.00000000E+00 3.04979519E-01 0.00000000E+00
11  9 0.00000000E+00 1.71535125E-01 0.00000000E+00 0.00000000E+00 0.00000000E+00
11 10 0.00000000E+00-1.90616183E-02 0.00000000E+00-1.53560562E-02
12  1 1.09250734E-03 2.75883665E-02 4.77554207E-02-2.26684858E-01 0.00000000E+00
12  2 0.00000000E+00-1.73552308E-01 0.00000000E+00 0.00000000E+00 4.03020736E-01
12  3 0.00000000E+00 0.00000000E+00 1.11998058E-01-6.57992750E-02-1.24034549E-02
12  4 7.82027299E-02 0.00000000E+00 0.00000000E+00 0.00000000E+00 5.23525470E-02
12  5-1.05771468E-01-1.87850842E-01 3.42865642E-01 0.00000000E+00 4.13950189E-02
12  6 2.03280140E-01 0.00000000E+00 2.37391466E-02 1.89936672E-02-6.31003510E-03
12  7-1.26836321E-02 0.00000000E+00-6.41562075E-03 0.00000000E+00 5.23525470E-02
12  8-1.05771468E-01-1.87850842E-01-3.42865642E-01 0.00000000E+00 4.13950189E-02
12  9-2.03280140E-01 0.00000000E+00 2.37391466E-02 1.89936672E-02-6.31003510E-03
12 10-1.26836321E-02 0.00000000E+00 6.41562075E-03 0.00000000E+00
13  1 0.00000000E+00 0.00000000E+00 0.00000000E+00 0.00000000E+00-1.68969913E-01
13  2 0.00000000E+00 0.00000000E+00 4.00636999E-01 0.00000000E+00 0.00000000E+00
13  3 8.01030625E-02 0.00000000E+00 0.00000000E+00 0.00000000E+00 0.00000000E+00
13  4 0.00000000E+00 0.00000000E+00 4.17044777E-02 0.00000000E+00-6.99254954E-02
13  5 1.39287671E-01 2.82543110E-01-1.95193138E-01 0.00000000E+00 3.13215056E-01
13  6-1.06477880E-01 0.00000000E+00 1.72146309E-01 1.95794988E-03 9.16004757E-03
13  7-1.11179975E-02 0.00000000E+00 1.26910144E-02 0.00000000E+00 6.99254954E-02
13  8-1.39287671E-01-2.82543110E-01-1.95193138E-01 0.00000000E+00-3.13215056E-01
13  9-1.06477880E-01 0.00000000E+00-1.72146309E-01-1.95794988E-03-9.16004757E-03
13 10 1.11179975E-02 0.00000000E+00 1.26910144E-02 0.00000000E+00
14  1 0.00000000E+00 0.00000000E+00 0.00000000E+00 0.00000000E+00 0.00000000E+00
14  2 0.00000000E+00 0.00000000E+00 0.00000000E+00 0.00000000E+00 0.00000000E+00
14  3 0.00000000E+00 0.00000000E+00 0.00000000E+00 0.00000000E+00 0.00000000E+00
14  4 0.00000000E+00-1.35650223E-01 0.00000000E+00 0.00000000E+00 0.00000000E+00
14  5 0.00000000E+00 0.00000000E+00 0.00000000E+00 4.67262141E-01 0.00000000E+00
14  6 0.00000000E+00 3.31398665E-01 0.00000000E+00 0.00000000E+00 0.00000000E+00
14  7 0.00000000E+00 1.66546489E-02 0.00000000E+00-1.74898246E-02 0.00000000E+00
14  8 0.00000000E+00 0.00000000E+00 0.00000000E+00-4.67262141E-01 0.00000000E+00
14  9 0.00000000E+00-3.31398665E-01 0.00000000E+00 0.00000000E+00 0.00000000E+00
14 10 0.00000000E+00 1.66546489E-02 0.00000000E+00 1.74898246E-02
15  1 1.59640642E-02-8.46689767E-02 5.40319138E-02 4.86959227E-01 0.00000000E+00
15  2 0.00000000E+00 1.17975053E-01 0.00000000E+00 0.00000000E+00-2.75761908E-01
15  3 0.00000000E+00 0.00000000E+00-1.09635018E-01-1.43521575E-01 4.97547386E-02
15  4 9.37668362E-02 0.00000000E+00 0.00000000E+00 0.00000000E+00-7.90227191E-04
15  5-1.75116068E-03-2.37527793E-02 4.32497315E-02 0.00000000E+00 4.13345472E-01
15  6 3.74499666E-02 0.00000000E+00 3.05477794E-01 7.63611149E-03 5.15117696E-03
15  7-1.27872884E-02 0.00000000E+00 1.25094898E-02 0.00000000E+00-7.90227191E-04
15  8-1.75116068E-03-2.37527793E-02-4.32497315E-02 0.00000000E+00 4.13345472E-01
15  9-3.74499666E-02 0.00000000E+00 3.05477794E-01 7.63611149E-03 5.15117696E-03
15 10-1.27872884E-02 0.00000000E+00-1.25094898E-02 0.00000000E+00
16  1 0.00000000E+00 0.00000000E+00 0.00000000E+00 0.00000000E+00-9.76073246E-03
16  2 0.00000000E+00 0.00000000E+00 1.64866911E-02 0.00000000E+00 0.00000000E+00
16  3 1.70081268E-01 0.00000000E+00 0.00000000E+00 0.00000000E+00 0.00000000E+00
16  4 0.00000000E+00 0.00000000E+00-1.20233802E-01 0.00000000E+00-8.01486986E-03
16  5 1.79184858E-02 6.34348092E-02 4.34726713E-01 0.00000000E+00 2.16633150E-01
16  6 2.91592098E-01 0.00000000E+00 1.57048417E-01 2.13043440E-02-7.59793161E-04
16  7-2.05445508E-02 0.00000000E+00-4.29705050E-03 0.00000000E+00 8.01486986E-03
16  8-1.79184858E-02-6.34348092E-02 4.34726713E-01 0.00000000E+00-2.16633150E-01
16  9 2.91592098E-01 0.00000000E+00-1.57048417E-01-2.13043440E-02 7.59793161E-04
16 10 2.05445508E-02 0.00000000E+00-4.29705050E-03 0.00000000E+00
17  1 0.00000000E+00 0.00000000E+00 0.00000000E+00 0.00000000E+00 0.00000000E+00
17  2-2.06626188E-01 0.00000000E+00 0.00000000E+00 5.26317780E-01 0.00000000E+00
17  3 0.00000000E+00 5.41669486E-01 0.00000000E+00 0.00000000E+00 0.00000000E+00
17  4 0.00000000E+00 0.00000000E+00 0.00000000E+00-1.13256371E-01 0.00000000E+00
17  5 0.00000000E+00 0.00000000E+00 0.00000000E+00-3.63341785E-01 0.00000000E+00
17  6 0.00000000E+00-3.46255038E-01 0.00000000E+00 0.00000000E+00 0.00000000E+00
17  7 0.00000000E+00-5.20349556E-03 0.00000000E+00 2.94514088E-04 0.00000000E+00
17  8 0.00000000E+00 0.00000000E+00 0.00000000E+00-3.63341785E-01 0.00000000E+00
17  9 0.00000000E+00-3.46255038E-01 0.00000000E+00 0.00000000E+00 0.00000000E+00
17 10 0.00000000E+00 5.20349556E-03 0.00000000E+00 2.94514088E-04
18  1 0.00000000E+00 0.00000000E+00 0.00000000E+00 0.00000000E+00-1.54210592E-01
18  2 0.00000000E+00 0.00000000E+00 3.90514593E-01 0.00000000E+00 0.00000000E+00
18  3 1.04563664E+00 0.00000000E+00 0.00000000E+00 0.00000000E+00 0.00000000E+00
18  4 0.00000000E+00 0.00000000E+00-2.43442183E-01 0.00000000E+00-4.29210858E-02
18  5 6.52105614E-02 4.69575760E-01-2.12258750E-02 0.00000000E+00-2.96910505E-01
18  6-2.96931810E-02 0.00000000E+00-3.16116318E-01-1.54831994E-03 3.33517592E-03
18  7-1.78685598E-03 0.00000000E+00 4.71103019E-04 0.00000000E+00 4.29210858E-02
18  8-6.52105614E-02-4.69575760E-01-2.12258750E-02 0.00000000E+00 2.96910505E-01
18  9-2.96931810E-02 0.00000000E+00 3.16116318E-01 1.54831994E-03-3.33517592E-03
18 10 1.78685598E-03 0.00000000E+00 4.71103019E-04 0.00000000E+00
19  1 2.03993456E-02-1.55760193E-01 2.19278171E-02 1.32524109E+00 0.00000000E+00
19  2 0.00000000E+00-9.48586067E-02 0.00000000E+00 0.00000000E+00 2.52870488E-01
19  3 0.00000000E+00 0.00000000E+00 1.25618136E+00-1.11099313E-01 2.77270056E-01
19  4-1.66170743E-01 0.00000000E+00 0.00000000E+00 0.00000000E+00 6.37893230E-02
19  5-8.06949244E-02-8.02156321E-01-2.11900615E-01 0.00000000E+00 6.82176624E-02
19  6-4.14056785E-01 0.00000000E+00 8.42740338E-02-6.90447175E-03 1.38285090E-02
19  7-6.92403728E-03 0.00000000E+00-5.42687928E-04 0.00000000E+00 6.37893230E-02
19  8-8.06949244E-02-8.02156321E-01 2.11900615E-01 0.00000000E+00 6.82176624E-02
19  9 4.14056785E-01 0.00000000E+00 8.42740338E-02-6.90447175E-03 1.38285090E-02
19 10-6.92403728E-03 0.00000000E+00 5.42687928E-04 0.00000000E+00
20  1 0.00000000E+00 0.00000000E+00 0.00000000E+00 0.00000000E+00 0.00000000E+00
20  2 2.86391187E-01 0.00000000E+00 0.00000000E+00-1.09909441E+00 0.00000000E+00
20  3 0.00000000E+00 1.22898541E+00 0.00000000E+00 0.00000000E+00 0.00000000E+00
20  4 0.00000000E+00 0.00000000E+00 0.00000000E+00-2.05270457E-01 0.00000000E+00
20  5 0.00000000E+00 0.00000000E+00 0.00000000E+00 1.43706811E-02 0.00000000E+00
20  6 0.00000000E+00-9.84665827E-02 0.00000000E+00 0.00000000E+00 0.00000000E+00
20  7 0.00000000E+00-3.16452920E-02 0.00000000E+00 1.79701531E-02 0.00000000E+00
20  8 0.00000000E+00 0.00000000E+00 0.00000000E+00 1.43706811E-02 0.00000000E+00
20  9 0.00000000E+00-9.84665827E-02 0.00000000E+00 0.00000000E+00 0.00000000E+00
20 10 0.00000000E+00 3.16452920E-02 0.00000000E+00 1.79701531E-02
21  1-5.36747815E-02-1.81040492E-01-8.14182516E-01 9.21182370E-01 0.00000000E+00
21  2 0.00000000E+00-2.63621411E-01 0.00000000E+00 0.00000000E+00 9.88020171E-01
21  3 0.00000000E+00 0.00000000E+00-9.31109191E-01-2.84756261E-01 2.67959067E-01
21  4 1.67971942E-02 0.00000000E+00 0.00000000E+00 0.00000000E+00 7.78849102E-03
21  5-7.28781233E-02 1.01349625E-01-1.04639441E-01 0.00000000E+00 1.91084685E-02
21  6-2.93670316E-02 0.00000000E+00 5.58419995E-02 2.57893702E-02 4.07712425E-03
21  7-2.98664944E-02 0.00000000E+00 3.23534819E-05 0.00000000E+00 7.78849102E-03
21  8-7.28781233E-02 1.01349625E-01 1.04639441E-01 0.00000000E+00 1.91084685E-02
21  9 2.93670316E-02 0.00000000E+00 5.58419995E-02 2.57893702E-02 4.07712425E-03
21 10-2.98664944E-02 0.00000000E+00-3.23534819E-05 0.00000000E+00
22  1 0.00000000E+00 0.00000000E+00 0.00000000E+00 0.00000000E+00 2.72588411E-01
22  2 0.00000000E+00 0.00000000E+00-9.70774874E-01 0.00000000E+00 0.00000000E+00
22  3 1.43947712E+00 0.00000000E+00 0.00000000E+00 0.00000000E+00 0.00000000E+00
22  4 0.00000000E+00 0.00000000E+00 4.07727687E-01 0.00000000E+00-1.44183863E-02
22  5-4.71006735E-02 5.70986487E-01-2.17069450E-01 0.00000000E+00 1.30961846E-01
22  6 9.36164559E-02 0.00000000E+00-1.47244699E-01-1.47602699E-03-2.96954522E-02
22  7 3.11714792E-02 0.00000000E+00-4.81047493E-02 0.00000000E+00 1.44183863E-02
22  8 4.71006735E-02-5.70986487E-01-2.17069450E-01 0.00000000E+00-1.30961846E-01
22  9 9.36164559E-02 0.00000000E+00 1.47244699E-01 1.47602699E-03 2.96954522E-02
22 10-3.11714792E-02 0.00000000E+00-4.81047493E-02 0.00000000E+00
23  1-1.04748320E-01-3.58197696E-01-1.58270401E+00 2.29530739E+00 0.00000000E+00
23  2 0.00000000E+00 1.15156800E-01 0.00000000E+00 0.00000000E+00-3.67555066E-01
23  3 0.00000000E+00 0.00000000E+00 8.17779924E-01 2.66726774E-01-1.89266918E-01
23  4-7.74598566E-02 0.00000000E+00 0.00000000E+00 0.00000000E+00 1.66837861E-02
23  5 1.23022080E-02-6.51295394E-01 2.51986916E-01 0.00000000E+00-1.71136098E-01
23  6-1.78991847E-01 0.00000000E+00 1.32485496E-01-4.73206923E-02 3.61025925E-02
23  7 1.12180998E-02 0.00000000E+00 5.33803135E-02 0.00000000E+00 1.66837861E-02
23  8 1.23022080E-02-6.51295394E-01-2.51986916E-01 0.00000000E+00-1.71136098E-01
23  9 1.78991847E-01 0.00000000E+00 1.32485496E-01-4.73206923E-02 3.61025925E-02
23 10 1.12180998E-02 0.00000000E+00-5.33803135E-02 0.00000000E+00
24  1 0.00000000E+00 0.00000000E+00 0.00000000E+00 0.00000000E+00 0.00000000E+00
24  2 0.00000000E+00 0.00000000E+00 0.00000000E+00 0.00000000E+00 0.00000000E+00
24  3 0.00000000E+00 0.00000000E+00 0.00000000E+00 0.00000000E+00 0.00000000E+00
24  4 0.00000000E+00 9.49137911E-01 0.00000000E+00 0.00000000E+00 0.00000000E+00
24  5 0.00000000E+00 0.00000000E+00 0.00000000E+00 3.07843368E-01 0.00000000E+00
24  6 0.00000000E+00 4.42728017E-03 0.00000000E+00 0.00000000E+00 0.00000000E+00
24  7 0.00000000E+00-1.77458328E-02 0.00000000E+00 5.09786202E-02 0.00000000E+00
24  8 0.00000000E+00 0.00000000E+00 0.00000000E+00-3.07843368E-01 0.00000000E+00
24  9 0.00000000E+00-4.42728017E-03 0.00000000E+00 0.00000000E+00 0.00000000E+00
24 10 0.00000000E+00-1.77458328E-02 0.00000000E+00-5.09786202E-02
25  1 0.00000000E+00 0.00000000E+00 0.00000000E+00 0.00000000E+00 0.00000000E+00
25  2 5.50148293E-02 0.00000000E+00 0.00000000E+00-2.42320579E-01 0.00000000E+00
25  3 0.00000000E+00 3.15585376E-01 0.00000000E+00 0.00000000E+00 0.00000000E+00
25  4 0.00000000E+00 0.00000000E+00 0.00000000E+00 8.98031202E-01 0.00000000E+00
25  5 0.00000000E+00 0.00000000E+00 0.00000000E+00-3.38291341E-01 0.00000000E+00
25  6 0.00000000E+00 4.08812265E-02 0.00000000E+00 0.00000000E+00 0.00000000E+00
25  7 0.00000000E+00 4.43254263E-02 0.00000000E+00 5.19006022E-03 0.00000000E+00
25  8 0.00000000E+00 0.00000000E+00 0.00000000E+00-3.38291341E-01 0.00000000E+00
25  9 0.00000000E+00 4.08812265E-02 0.00000000E+00 0.00000000E+00 0.00000000E+00
25 10 0.00000000E+00-4.43254263E-02 0.00000000E+00 5.19006022E-03
26  1 1.39799436E-02 1.31283448E-02 1.79891603E-01 1.02765797E+00 0.00000000E+00
26  2 0.00000000E+00-5.84366510E-02 0.00000000E+00 0.00000000E+00 3.28172069E-01
26  3 0.00000000E+00 0.00000000E+00 4.57784720E-01-2.02836660E-01-5.85252975E-01
26  4 7.88089635E-01 0.00000000E+00 0.00000000E+00 0.00000000E+00 4.61204058E-02
26  5-1.11420348E-01-5.22036382E-01-4.91200698E-02 0.00000000E+00-3.22212196E-01
26  6-5.46579441E-01 0.00000000E+00 4.47271490E-01 4.40004267E-02-1.33985363E-02
26  7-3.06018905E-02 0.00000000E+00 2.06761976E-02 0.00000000E+00 4.61204058E-02
26  8-1.11420348E-01-5.22036382E-01 4.91200698E-02 0.00000000E+00-3.22212196E-01
26  9 5.46579441E-01 0.00000000E+00 4.47271490E-01 4.40004267E-02-1.33985363E-02
26 10-3.06018905E-02 0.00000000E+00-2.06761976E-02 0.00000000E+00
27  1 2.81868117E-02 8.56925083E-02 4.27067892E-01 7.67312386E-01 0.00000000E+00
27  2 0.00000000E+00-1.43052901E-01 0.00000000E+00 0.00000000E+00 7.12689885E-01
27  3 0.00000000E+00 0.00000000E+00-8.80086289E-02 6.99769173E-01-3.23061830E-01
27  4-3.76707343E-01 0.00000000E+00 0.00000000E+00 0.00000000E+00 4.27303951E-02
27  5-8.88440707E-02-4.08319458E-01 2.89192672E-01 0.00000000E+00 1.51982686E-01
27  6-6.34735221E-01 0.00000000E+00 4.79321017E-01-2.27713496E-02-1.58682073E-02
27  7 3.86395569E-02 0.00000000E+00-2.53703541E-02 0.00000000E+00 4.27303951E-02
27  8-8.88440707E-02-4.08319458E-01-2.89192672E-01 0.00000000E+00 1.51982686E-01
27  9 6.34735221E-01 0.00000000E+00 4.79321017E-01-2.27713496E-02-1.58682073E-02
27 10 3.86395569E-02 0.00000000E+00 2.53703541E-02 0.00000000E+00
28  1 0.00000000E+00 0.00000000E+00 0.00000000E+00 0.00000000E+00-1.68809572E-01
28  2 0.00000000E+00 0.00000000E+00 9.17600524E-01 0.00000000E+00 0.00000000E+00
28  3 1.30523000E-01 0.00000000E+00 0.00000000E+00 0.00000000E+00 0.00000000E+00
28  4 0.00000000E+00 0.00000000E+00 5.10962377E-01 0.00000000E+00-6.27504758E-02
28  5 1.41589001E-01 5.32518356E-01-1.76547220E-01 0.00000000E+00 2.06978150E-01
28  6 8.90764447E-01 0.00000000E+00-7.50463092E-01-3.49313788E-04 3.17591574E-03
28  7-2.82660195E-03 0.00000000E+00 4.50157537E-03 0.00000000E+00 6.27504758E-02
28  8-1.41589001E-01-5.32518356E-01-1.76547220E-01 0.00000000E+00-2.06978150E-01
28  9 8.90764447E-01 0.00000000E+00 7.50463092E-01 3.49313788E-04-3.17591574E-03
28 10 2.82660195E-03 0.00000000E+00 4.50157537E-03 0.00000000E+00
29  1 9.90545434E-03 5.15115326E-02 1.72960358E-01-2.13981418E-01 0.00000000E+00
29  2 0.00000000E+00-3.71374022E-02 0.00000000E+00 0.00000000E+00 1.34478366E-01
29  3 0.00000000E+00 0.00000000E+00-6.24273370E-01 4.13792394E-01 6.73938441E-02
29  4-4.81186238E-01 0.00000000E+00 0.00000000E+00 0.00000000E+00 3.32139356E-03
29  5-3.06020284E-02 1.54279979E-01-3.63093146E-01 0.00000000E+00-3.87222378E-01
29  6 4.80328476E-01 0.00000000E+00 6.67089050E-01-2.40460477E-02-1.82308336E-02
29  7 4.22768813E-02 0.00000000E+00-7.28956712E-03 0.00000000E+00 3.32139356E-03
29  8-3.06020284E-02 1.54279979E-01 3.63093146E-01 0.00000000E+00-3.87222378E-01
29  9-4.80328476E-01 0.00000000E+00 6.67089050E-01-2.40460477E-02-1.82308336E-02
29 10 4.22768813E-02 0.00000000E+00 7.28956712E-03 0.00000000E+00
30  1 0.00000000E+00 0.00000000E+00 0.00000000E+00 0.00000000E+00 0.00000000E+00
30  2 0.00000000E+00 0.00000000E+00 0.00000000E+00 0.00000000E+00 0.00000000E+00
30  3 0.00000000E+00 0.00000000E+00 0.00000000E+00 0.00000000E+00 0.00000000E+00
30  4 0.00000000E+00 3.70969832E-01 0.00000000E+00 0.00000000E+00 0.00000000E+00
30  5 0.00000000E+00 0.00000000E+00 0.00000000E+00-5.81567757E-01 0.00000000E+00
30  6 0.00000000E+00 8.43863241E-01 0.00000000E+00 0.00000000E+00 0.00000000E+00
30  7 0.00000000E+00-4.42720372E-02 0.00000000E+00 3.02333076E-02 0.00000000E+00
30  8 0.00000000E+00 0.00000000E+00 0.00000000E+00 5.81567757E-01 0.00000000E+00
30  9 0.00000000E+00-8.43863241E-01 0.00000000E+00 0.00000000E+00 0.00000000E+00
30 10 0.00000000E+00-4.42720372E-02 0.00000000E+00-3.02333076E-02
31  1 0.00000000E+00 0.00000000E+00 0.00000000E+00 0.00000000E+00 0.00000000E+00
31  2-2.78654350E-02 0.00000000E+00 0.00000000E+00 9.10877749E-02 0.00000000E+00
31  3 0.00000000E+00-7.72520517E-01 0.00000000E+00 0.00000000E+00 0.00000000E+00
31  4 0.00000000E+00 0.00000000E+00 0.00000000E+00-4.43547134E-01 0.00000000E+00
31  5 0.00000000E+00 0.00000000E+00 0.00000000E+00-5.60554918E-01 0.00000000E+00
31  6 0.00000000E+00 9.47260611E-01 0.00000000E+00 0.00000000E+00 0.00000000E+00
31  7 0.00000000E+00-3.51867787E-02 0.00000000E+00 3.12250263E-02 0.00000000E+00
31  8 0.00000000E+00 0.00000000E+00 0.00000000E+00-5.60554918E-01 0.00000000E+00
31  9 0.00000000E+00 9.47260611E-01 0.00000000E+00 0.00000000E+00 0.00000000E+00
31 10 0.00000000E+00 3.51867787E-02 0.00000000E+00 3.12250263E-02
32  1 0.00000000E+00 0.00000000E+00 0.00000000E+00 0.00000000E+00-3.86848388E-02
32  2 0.00000000E+00 0.00000000E+00 1.48078560E-01 0.00000000E+00 0.00000000E+00
32  3-7.18228319E-01 0.00000000E+00 0.00000000E+00 0.00000000E+00 0.00000000E+00
32  4 0.00000000E+00 0.00000000E+00 7.33184695E-02 0.00000000E+00-3.60960660E-03
32  5 4.49466464E-02-1.78101685E-01-3.67389046E-01 0.00000000E+00-5.07024431E-01
32  6 7.08473023E-01 0.00000000E+00 7.61201903E-01-6.43689162E-02 2.82370724E-02
32  7 3.61318438E-02 0.00000000E+00-1.75484159E-02 0.00000000E+00 3.60960660E-03
32  8-4.49466464E-02 1.78101685E-01-3.67389046E-01 0.00000000E+00 5.07024431E-01
32  9 7.08473023E-01 0.00000000E+00-7.61201903E-01 6.43689162E-02-2.82370724E-02
32 10-3.61318438E-02 0.00000000E+00-1.75484159E-02 0.00000000E+00
33  1 1.16464767E-02 2.45595026E-01 4.44319909E-01-5.50402436E-01 0.00000000E+00
33  2 0.00000000E+00 9.13093509E-02 0.00000000E+00 0.00000000E+00-1.92137813E-01
33  3 0.00000000E+00 0.00000000E+00-2.61874942E-01-5.44563515E-01 7.70613368E-01
33  4-2.26049853E-01 0.00000000E+00 0.00000000E+00 0.00000000E+00-3.11215137E-02
33  5 2.60701769E-01 1.63553634E-01 4.45523348E-01 0.00000000E+00-3.96513113E-01
33  6-2.67442049E-01 0.00000000E+00 3.08486515E-01-1.89772468E-02 2.58693499E-02
33  7-6.89210303E-03 0.00000000E+00-5.67412452E-02 0.00000000E+00-3.11215137E-02
33  8 2.60701769E-01 1.63553634E-01-4.45523348E-01 0.00000000E+00-3.96513113E-01
33  9 2.67442049E-01 0.00000000E+00 3.08486515E-01-1.89772468E-02 2.58693499E-02
33 10-6.89210303E-03 0.00000000E+00 5.67412452E-02 0.00000000E+00
34  1 0.00000000E+00 0.00000000E+00 0.00000000E+00 0.00000000E+00-1.22832685E-01
34  2 0.00000000E+00 0.00000000E+00 3.82478820E-01 0.00000000E+00 0.00000000E+00
34  3 6.11338946E-01 0.00000000E+00 0.00000000E+00 0.00000000E+00 0.00000000E+00
34  4 0.00000000E+00 0.00000000E+00 1.11151153E+00 0.00000000E+00-3.49215550E-02
34  5 2.44996838E-02 6.95063186E-01 5.10254732E-01 0.00000000E+00-3.73070384E-01
34  6-1.62953245E-01 0.00000000E+00-4.17887066E-02 2.12125184E-02-2.66306126E-02
34  7 5.41809413E-03 0.00000000E+00 6.14122469E-02 0.00000000E+00 3.49215550E-02
34  8-2.44996838E-02-6.95063186E-01 5.10254732E-01 0.00000000E+00 3.73070384E-01
34  9-1.62953245E-01 0.00000000E+00 4.17887066E-02-2.12125184E-02 2.66306126E-02
34 10-5.41809413E-03 0.00000000E+00 6.14122469E-02 0.00000000E+00
35  1 0.00000000E+00 0.00000000E+00 0.00000000E+00 0.00000000E+00-1.29084578E-02
35  2 0.00000000E+00 0.00000000E+00 2.78671828E-01 0.00000000E+00 0.00000000E+00
35  3 7.97516926E-01 0.00000000E+00 0.00000000E+00 0.00000000E+00 0.00000000E+00
35  4 0.00000000E+00 0.00000000E+00 7.41268052E-02 0.00000000E+00 1.06795586E-02
35  5-1.20783954E+00 1.76291920E+00-5.14612940E-02 0.00000000E+00 5.30544104E-02
35  6 3.78529646E-01 0.00000000E+00-3.93320344E-01-1.61841632E-01 1.80631087E-01
35  7-1.87894550E-02 0.00000000E+00 9.01343926E-02 0.00000000E+00-1.06795586E-02
35  8 1.20783954E+00-1.76291920E+00-5.14612940E-02 0.00000000E+00-5.30544104E-02
35  9 3.78529646E-01 0.00000000E+00 3.93320344E-01 1.61841632E-01-1.80631087E-01
35 10 1.87894550E-02 0.00000000E+00 9.01343926E-02 0.00000000E+00
36  1-2.15899074E-02-2.26485689E-01-5.00372318E-01 2.66851994E+00 0.00000000E+00
36  2 0.00000000E+00-5.34686685E-02 0.00000000E+00 0.00000000E+00 3.88350995E-01
36  3 0.00000000E+00 0.00000000E+00 1.16242932E+00 2.02802941E-01-4.04614360E-01
36  4 2.01811419E-01 0.00000000E+00 0.00000000E+00 0.00000000E+00 9.47898870E-03
36  5 1.22368480E+00-2.41922535E+00-9.72381320E-02 0.00000000E+00 5.62480493E-02
36  6-5.23343428E-01 0.00000000E+00 3.16577128E-01 1.13192350E-03 9.41388672E-03
36  7-1.05458102E-02 0.00000000E+00-2.02416794E-01 0.00000000E+00 9.47898870E-03
36  8 1.22368480E+00-2.41922535E+00 9.72381320E-02 0.00000000E+00 5.62480493E-02
36  9 5.23343428E-01 0.00000000E+00 3.16577128E-01 1.13192350E-03 9.41388672E-03
36 10-1.05458102E-02 0.00000000E+00 2.02416794E-01 0.00000000E+00
37  1 0.00000000E+00 0.00000000E+00 0.00000000E+00 0.00000000E+00 0.00000000E+00
37  2-1.50262393E-02 0.00000000E+00 0.00000000E+00 5.59322340E-02 0.00000000E+00
37  3 0.00000000E+00 3.84573827E-02 0.00000000E+00 0.00000000E+00 0.00000000E+00
37  4 0.00000000E+00 0.00000000E+00 0.00000000E+00-3.78466890E-02 0.00000000E+00
37  5 0.00000000E+00 0.00000000E+00 0.00000000E+00 3.43321337E-02 0.00000000E+00
37  6 0.00000000E+00-5.52769994E-02 0.00000000E+00 0.00000000E+00 0.00000000E+00
37  7 0.00000000E+00 3.36586176E-01 0.00000000E+00 6.22309522E-01 0.00000000E+00
37  8 0.00000000E+00 0.00000000E+00 0.00000000E+00 3.43321337E-02 0.00000000E+00
37  9 0.00000000E+00-5.52769994E-02 0.00000000E+00 0.00000000E+00 0.00000000E+00
37 10 0.00000000E+00-3.36586176E-01 0.00000000E+00 6.22309522E-01
38  1 0.00000000E+00 0.00000000E+00 0.00000000E+00 0.00000000E+00 0.00000000E+00
38  2 0.00000000E+00 0.00000000E+00 0.00000000E+00 0.00000000E+00 0.00000000E+00
38  3 0.00000000E+00 0.00000000E+00 0.00000000E+00 0.00000000E+00 0.00000000E+00
38  4 0.00000000E+00 1.96254639E-02 0.00000000E+00 0.00000000E+00 0.00000000E+00
38  5 0.00000000E+00 0.00000000E+00 0.00000000E+00-3.72647271E-02 0.00000000E+00
38  6 0.00000000E+00 5.88719393E-02 0.00000000E+00 0.00000000E+00 0.00000000E+00
38  7 0.00000000E+00 5.78528353E-01 0.00000000E+00 4.08894333E-01 0.00000000E+00
38  8 0.00000000E+00 0.00000000E+00 0.00000000E+00 3.72647271E-02 0.00000000E+00
38  9 0.00000000E+00-5.88719393E-02 0.00000000E+00 0.00000000E+00 0.00000000E+00
38 10 0.00000000E+00 5.78528353E-01 0.00000000E+00-4.08894333E-01
39  1 0.00000000E+00 0.00000000E+00 0.00000000E+00 0.00000000E+00-2.05997182E-02
39  2 0.00000000E+00 0.00000000E+00 8.95347430E-02 0.00000000E+00 0.00000000E+00
39  3 4.92673272E-02 0.00000000E+00 0.00000000E+00 0.00000000E+00 0.00000000E+00
39  4 0.00000000E+00 0.00000000E+00-1.60382278E-01 0.00000000E+00 1.43419435E-03
39  5-9.92805905E-02 9.94002918E-02-1.39760119E-02 0.00000000E+00 4.73500532E-02
39  6 3.65074891E-04 0.00000000E+00-6.10226901E-02-1.45719891E-01-4.89984291E-01
39  7 6.35704183E-01 0.00000000E+00 2.46267566E-01 0.00000000E+00-1.43419435E-03
39  8 9.92805905E-02-9.94002918E-02-1.39760119E-02 0.00000000E+00-4.73500532E-02
39  9 3.65074891E-04 0.00000000E+00 6.10226901E-02 1.45719891E-01 4.89984291E-01
39 10-6.35704183E-01 0.00000000E+00 2.46267566E-01 0.00000000E+00
40  1 5.35843270E-03 2.98270589E-02 9.44303311E-02-4.57253815E-01 0.00000000E+00
40  2 0.00000000E+00-6.28448652E-03 0.00000000E+00 0.00000000E+00-1.23875039E-02
40  3 0.00000000E+00 0.00000000E+00-2.26345415E-01 2.68598465E-02-1.10473964E-01
40  4 8.36141174E-02 0.00000000E+00 0.00000000E+00 0.00000000E+00 8.48718520E-04
40  5-2.47102494E-01 4.16931873E-01-4.80898083E-02 0.00000000E+00 7.89079733E-03
40  6 1.34892330E-01 0.00000000E+00-4.60572927E-02-3.23548901E-01 6.30071807E-01
40  7-3.06522906E-01 0.00000000E+00-3.06343791E-01 0.00000000E+00 8.48718520E-04
40  8-2.47102494E-01 4.16931873E-01 4.80898083E-02 0.00000000E+00 7.89079733E-03
40  9-1.34892330E-01 0.00000000E+00-4.60572927E-02-3.23548901E-01 6.30071807E-01
40 10-3.06522906E-01 0.00000000E+00 3.06343791E-01 0.00000000E+00
41  1 0.00000000E+00 0.00000000E+00 0.00000000E+00 0.00000000E+00 4.22140909E-02
41  2 0.00000000E+00 0.00000000E+00-8.99583306E-02 0.00000000E+00 0.00000000E+00
41  3-7.15646110E-02 0.00000000E+00 0.00000000E+00 0.00000000E+00 0.00000000E+00
41  4 0.00000000E+00 0.00000000E+00-1.50681295E-02 0.00000000E+00 3.39599390E-03
41  5-2.34110818E-01 2.47358973E-01-1.48816152E-01 0.00000000E+00-4.10388534E-02
41  6 2.93963836E-01 0.00000000E+00 9.81189342E-02 6.41379570E-01-3.22683545E-01
41  7-3.18696026E-01 0.00000000E+00 3.13513304E-01 0.00000000E+00-3.39599390E-03
41  8 2.34110818E-01-2.47358973E-01-1.48816152E-01 0.00000000E+00 4.10388534E-02
41  9 2.93963836E-01 0.00000000E+00-9.81189342E-02-6.41379570E-01 3.22683545E-01
41 10 3.18696026E-01 0.00000000E+00 3.13513304E-01 0.00000000E+00
42  1 0.00000000E+00 0.00000000E+00 0.00000000E+00 0.00000000E+00 0.00000000E+00
42  2 0.00000000E+00 0.00000000E+00 0.00000000E+00 0.00000000E+00 0.00000000E+00
42  3 0.00000000E+00 0.00000000E+00 0.00000000E+00 0.00000000E+00 0.00000000E+00
42  4 0.00000000E+00-4.88733483E-01 0.00000000E+00 0.00000000E+00 0.00000000E+00
42  5 0.00000000E+00 0.00000000E+00 0.00000000E+00 4.43524642E-02 0.00000000E+00
42  6 0.00000000E+00-1.76063838E-01 0.00000000E+00 0.00000000E+00 0.00000000E+00
42  7 0.00000000E+00-4.40405605E-01 0.00000000E+00 6.07298118E-01 0.00000000E+00
42  8 0.00000000E+00 0.00000000E+00 0.00000000E+00-4.43524642E-02 0.00000000E+00
42  9 0.00000000E+00 1.76063838E-01 0.00000000E+00 0.00000000E+00 0.00000000E+00
42 10 0.00000000E+00-4.40405605E-01 0.00000000E+00-6.07298118E-01
43  1 0.00000000E+00 0.00000000E+00 0.00000000E+00 0.00000000E+00 0.00000000E+00
43  2 7.60287427E-02 0.00000000E+00 0.00000000E+00-2.78704644E-01 0.00000000E+00
43  3 0.00000000E+00-1.70671348E-01 0.00000000E+00 0.00000000E+00 0.00000000E+00
43  4 0.00000000E+00 0.00000000E+00 0.00000000E+00-4.36163371E-01 0.00000000E+00
43  5 0.00000000E+00 0.00000000E+00 0.00000000E+00-4.22498500E-02 0.00000000E+00
43  6 0.00000000E+00 2.12747338E-01 0.00000000E+00 0.00000000E+00 0.00000000E+00
43  7 0.00000000E+00 6.62943724E-01 0.00000000E+00-3.67659355E-01 0.00000000E+00
43  8 0.00000000E+00 0.00000000E+00 0.00000000E+00-4.22498500E-02 0.00000000E+00
43  9 0.00000000E+00 2.12747338E-01 0.00000000E+00 0.00000000E+00 0.00000000E+00
43 10 0.00000000E+00-6.62943724E-01 0.00000000E+00-3.67659355E-01
44  1-4.57446217E-03-3.05120303E-02-9.38365146E-02-5.97020569E-04 0.00000000E+00
44  2 0.00000000E+00-5.48803321E-02 0.00000000E+00 0.00000000E+00 1.64531217E-01
44  3 0.00000000E+00 0.00000000E+00 1.59486252E-01-5.63455121E-01-2.18323652E-03
44  4 5.65638358E-01 0.00000000E+00 0.00000000E+00 0.00000000E+00 1.73166575E-03
44  5-6.01579782E-02 4.31150804E-02-3.22562656E-02 0.00000000E+00 1.15493542E-02
44  6-6.56022154E-02 0.00000000E+00-2.04807122E-01-6.31584244E-01-7.51361765E-02
44  7 7.06720421E-01 0.00000000E+00-1.34454306E-01 0.00000000E+00 1.73166575E-03
44  8-6.01579782E-02 4.31150804E-02 3.22562656E-02 0.00000000E+00 1.15493542E-02
44  9 6.56022154E-02 0.00000000E+00-2.04807122E-01-6.31584244E-01-7.51361765E-02
44 10 7.06720421E-01 0.00000000E+00 1.34454306E-01 0.00000000E+00
45  1-5.24878886E-02-1.13034165E-01-8.14065589E-01-1.26200673E+00 0.00000000E+00
45  2 0.00000000E+00 1.55507017E-01 0.00000000E+00 0.00000000E+00-1.00972342E+00
45  3 0.00000000E+00 0.00000000E+00-3.44905732E-01-3.10689908E-01 4.41253561E-01
45  4-1.30563652E-01 0.00000000E+00 0.00000000E+00 0.00000000E+00-3.56732433E-02
45  5-5.85547002E-01 1.46314738E+00 6.52390742E-02 0.00000000E+00-4.20386672E-02
45  6 6.13942046E-01 0.00000000E+00-5.06712552E-01 3.45297680E-01-4.02693949E-01
45  7 5.73962688E-02 0.00000000E+00-7.24588959E-01 0.00000000E+00-3.56732433E-02
45  8-5.85547002E-01 1.46314738E+00-6.52390742E-02 0.00000000E+00-4.20386672E-02
45  9-6.13942046E-01 0.00000000E+00-5.06712552E-01 3.45297680E-01-4.02693949E-01
45 10 5.73962688E-02 0.00000000E+00 7.24588959E-01 0.00000000E+00
46  1 0.00000000E+00 0.00000000E+00 0.00000000E+00 0.00000000E+00-2.10401539E-01
46  2 0.00000000E+00 0.00000000E+00 1.33634592E+00 0.00000000E+00 0.00000000E+00
46  3 4.14160836E-01 0.00000000E+00 0.00000000E+00 0.00000000E+00 0.00000000E+00
46  4 0.00000000E+00 0.00000000E+00 8.60265668E-01 0.00000000E+00-4.19992102E-02
46  5-5.87634394E-01 1.54752625E+00 1.11308367E-01 0.00000000E+00-1.10701756E-01
46  6 6.85660310E-01 0.00000000E+00-5.59181880E-01 3.30676791E-01-4.53462765E-01
46  7 1.22785974E-01 0.00000000E+00-7.56760966E-01 0.00000000E+00 4.19992102E-02
46  8 5.87634394E-01-1.54752625E+00 1.11308367E-01 0.00000000E+00 1.10701756E-01
46  9 6.85660310E-01 0.00000000E+00 5.59181880E-01-3.30676791E-01 4.53462765E-01
46 10-1.22785974E-01 0.00000000E+00-7.56760966E-01 0.00000000E+00
 $END   
 POPULATION ANALYSIS
S           15.23427   0.76573  15.21763   0.78237
O            8.38287  -0.38287   8.39118  -0.39118
O            8.38287  -0.38287   8.39118  -0.39118
 MOMENTS AT POINT    1 X,Y,Z=  0.000000  0.000000  0.000000
 DIPOLE       0.000000  0.000000 -2.519671
