 $DATA  
Title                                                                           
CNV      2

S          16.0      0.0000000000      0.0000000000     -0.5658424077
   PC1     0
        
O           8.0      1.1313708499      0.0000000000      0.5655284422
   PC1     0
        
 $END      
 $ZMAT   IZMAT(1)=
         1,   3,   1,
         1,   2,   1,
         2,   2,   1,   3,
 $END
--- CLOSED SHELL ORBITALS --- GENERATED AT Thu Feb 26 00:17:45 2015
Title                                                                           
E(R-PBE)=     -548.2074580836, E(NUC)=   99.6357527339,   19 ITERS
 $VEC   
 1  1 1.00297974E+00-1.02668415E-02 1.82006357E-03-9.21755354E-04 0.00000000E+00
 1  2 0.00000000E+00 4.44399321E-05 0.00000000E+00 0.00000000E+00 8.55689033E-05
 1  3 0.00000000E+00 0.00000000E+00-8.87671449E-05 1.85408729E-05-2.40213960E-05
 1  4 5.48052307E-06 0.00000000E+00 0.00000000E+00 0.00000000E+00 5.08196683E-06
 1  5 4.20946969E-06 6.28461777E-05-1.14324988E-05 0.00000000E+00 1.01360178E-05
 1  6-4.37466614E-05 0.00000000E+00 6.29599313E-05-2.61711068E-05 5.77161986E-05
 1  7-3.15450918E-05 0.00000000E+00 9.86702360E-05 0.00000000E+00 5.08196683E-06
 1  8 4.20946969E-06 6.28461777E-05 1.14324988E-05 0.00000000E+00 1.01360178E-05
 1  9 4.37466614E-05 0.00000000E+00 6.29599313E-05-2.61711068E-05 5.77161986E-05
 1 10-3.15450918E-05 0.00000000E+00-9.86702360E-05 0.00000000E+00
 2  1 0.00000000E+00 0.00000000E+00 0.00000000E+00 0.00000000E+00 8.97845568E-05
 2  2 0.00000000E+00 0.00000000E+00-1.35549675E-03 0.00000000E+00 0.00000000E+00
 2  3-3.28853109E-03 0.00000000E+00 0.00000000E+00 0.00000000E+00 0.00000000E+00
 2  4 0.00000000E+00 0.00000000E+00-1.09654096E-03 0.00000000E+00 7.03252593E-01
 2  5 2.55452390E-02-1.11575610E-02 7.69185709E-04 0.00000000E+00-7.20116621E-04
 2  6-2.25931364E-03 0.00000000E+00 2.01651033E-03-2.66637501E-04 3.56130189E-04
 2  7-8.94926877E-05 0.00000000E+00 3.27355958E-04 0.00000000E+00-7.03252593E-01
 2  8-2.55452390E-02 1.11575610E-02 7.69185709E-04 0.00000000E+00 7.20116621E-04
 2  9-2.25931364E-03 0.00000000E+00-2.01651033E-03 2.66637501E-04-3.56130189E-04
 2 10 8.94926877E-05 0.00000000E+00 3.27355958E-04 0.00000000E+00
 3  1-8.04499155E-05-1.01105465E-03-1.99240831E-03 1.00538046E-02 0.00000000E+00
 3  2 0.00000000E+00-1.12502400E-04 0.00000000E+00 0.00000000E+00 1.34095466E-03
 3  3 0.00000000E+00 0.00000000E+00 5.01004811E-03 5.39495005E-04-1.11471273E-03
 3  4 5.75217729E-04 0.00000000E+00 0.00000000E+00 0.00000000E+00 7.03283122E-01
 3  5 2.56661544E-02-1.29611463E-02 4.91728891E-04 0.00000000E+00-7.00655281E-04
 3  6-2.43176323E-03 0.00000000E+00 2.39088337E-03-3.70568822E-05 1.37255310E-04
 3  7-1.00198427E-04 0.00000000E+00 4.55404719E-04 0.00000000E+00 7.03283122E-01
 3  8 2.56661544E-02-1.29611463E-02-4.91728891E-04 0.00000000E+00-7.00655281E-04
 3  9 2.43176323E-03 0.00000000E+00 2.39088337E-03-3.70568822E-05 1.37255310E-04
 3 10-1.00198427E-04 0.00000000E+00-4.55404719E-04 0.00000000E+00
 4  1-2.74072548E-01 1.03961950E+00 4.11375565E-02-1.25968827E-02 0.00000000E+00
 4  2 0.00000000E+00 7.63136025E-03 0.00000000E+00 0.00000000E+00 1.14662050E-03
 4  3 0.00000000E+00 0.00000000E+00-9.82925094E-04 2.77632651E-04-2.90034822E-04
 4  4 1.24021712E-05 0.00000000E+00 0.00000000E+00 0.00000000E+00 7.59419161E-06
 4  5-1.92896261E-04 8.83777192E-04-2.21321413E-04 0.00000000E+00 2.07416644E-04
 4  6-4.02212249E-04 0.00000000E+00 5.98748099E-04-1.83000686E-04 4.05087004E-04
 4  7-2.22086318E-04 0.00000000E+00 6.85815989E-04 0.00000000E+00 7.59419161E-06
 4  8-1.92896261E-04 8.83777192E-04 2.21321413E-04 0.00000000E+00 2.07416644E-04
 4  9 4.02212249E-04 0.00000000E+00 5.98748099E-04-1.83000686E-04 4.05087004E-04
 4 10-2.22086318E-04 0.00000000E+00-6.85815989E-04 0.00000000E+00
 5  1 0.00000000E+00 0.00000000E+00 0.00000000E+00 0.00000000E+00 9.96757674E-01
 5  2 0.00000000E+00 0.00000000E+00 9.23662404E-03 0.00000000E+00 0.00000000E+00
 5  3-2.80831802E-04 0.00000000E+00 0.00000000E+00 0.00000000E+00 0.00000000E+00
 5  4 0.00000000E+00 0.00000000E+00 4.61848962E-04 0.00000000E+00 1.52389706E-04
 5  5 2.71726943E-06-1.73133956E-04-1.41238501E-04 0.00000000E+00 1.67138406E-04
 5  6-1.07377039E-04 0.00000000E+00 6.70160783E-05-5.87136019E-05 1.84055323E-04
 5  7-1.25341721E-04 0.00000000E+00 3.04579863E-04 0.00000000E+00-1.52389706E-04
 5  8-2.71726943E-06 1.73133956E-04-1.41238501E-04 0.00000000E+00-1.67138406E-04
 5  9-1.07377039E-04 0.00000000E+00-6.70160783E-05 5.87136019E-05-1.84055323E-04
 5 10 1.25341721E-04 0.00000000E+00 3.04579863E-04 0.00000000E+00
 6  1 0.00000000E+00 0.00000000E+00 0.00000000E+00 0.00000000E+00 0.00000000E+00
 6  2 9.96824126E-01 0.00000000E+00 0.00000000E+00 9.14499242E-03 0.00000000E+00
 6  3 0.00000000E+00-2.59010343E-04 0.00000000E+00 0.00000000E+00 0.00000000E+00
 6  4 0.00000000E+00 0.00000000E+00 0.00000000E+00 3.33037239E-04 0.00000000E+00
 6  5 0.00000000E+00 0.00000000E+00 0.00000000E+00 2.06556763E-05 0.00000000E+00
 6  6 0.00000000E+00-4.56760821E-05 0.00000000E+00 0.00000000E+00 0.00000000E+00
 6  7 0.00000000E+00 2.15777719E-05 0.00000000E+00-2.85143694E-05 0.00000000E+00
 6  8 0.00000000E+00 0.00000000E+00 0.00000000E+00 2.06556763E-05 0.00000000E+00
 6  9 0.00000000E+00-4.56760821E-05 0.00000000E+00 0.00000000E+00 0.00000000E+00
 6 10 0.00000000E+00-2.15777719E-05 0.00000000E+00-2.85143694E-05
 7  1 2.09346553E-03-8.21503380E-03-4.84178876E-04-1.78149292E-04 0.00000000E+00
 7  2 0.00000000E+00 9.96799759E-01 0.00000000E+00 0.00000000E+00 8.97428117E-03
 7  3 0.00000000E+00 0.00000000E+00-3.18449707E-04-2.33837522E-04-1.94785707E-04
 7  4 4.28623229E-04 0.00000000E+00 0.00000000E+00 0.00000000E+00-1.60953039E-04
 7  5-4.55971388E-05 3.66235356E-04 1.94676545E-04 0.00000000E+00-1.72125019E-04
 7  6 1.29310233E-04 0.00000000E+00-2.35048058E-04 9.88773134E-05-2.11558180E-04
 7  7 1.12680866E-04 0.00000000E+00-3.82724328E-04 0.00000000E+00-1.60953039E-04
 7  8-4.55971388E-05 3.66235356E-04-1.94676545E-04 0.00000000E+00-1.72125019E-04
 7  9-1.29310233E-04 0.00000000E+00-2.35048058E-04 9.88773134E-05-2.11558180E-04
 7 10 1.12680866E-04 0.00000000E+00 3.82724328E-04 0.00000000E+00
 8  1 4.70892877E-02-1.34540047E-01 2.79710048E-01 1.53779422E-01 0.00000000E+00
 8  2 0.00000000E+00-6.81067849E-02 0.00000000E+00 0.00000000E+00 1.32538641E-01
 8  3 0.00000000E+00 0.00000000E+00 5.21023488E-03 1.38714125E-02-2.93341399E-02
 8  4 1.54627274E-02 0.00000000E+00 0.00000000E+00 0.00000000E+00-1.22371511E-01
 8  5 2.42712055E-01 2.84410344E-01 8.05258071E-02 0.00000000E+00-7.22268147E-02
 8  6 3.25192209E-02 0.00000000E+00-3.19886507E-02 2.40615197E-03-5.46267339E-03
 8  7 3.05652143E-03 0.00000000E+00-1.26918708E-02 0.00000000E+00-1.22371511E-01
 8  8 2.42712055E-01 2.84410344E-01-8.05258071E-02 0.00000000E+00-7.22268147E-02
 8  9-3.25192209E-02 0.00000000E+00-3.19886507E-02 2.40615197E-03-5.46267339E-03
 8 10 3.05652143E-03 0.00000000E+00 1.26918708E-02 0.00000000E+00
 9  1 0.00000000E+00 0.00000000E+00 0.00000000E+00 0.00000000E+00 9.49984338E-02
 9  2 0.00000000E+00 0.00000000E+00-1.90912022E-01 0.00000000E+00 0.00000000E+00
 9  3-3.31999651E-02 0.00000000E+00 0.00000000E+00 0.00000000E+00 0.00000000E+00
 9  4 0.00000000E+00 0.00000000E+00-7.01363297E-02 0.00000000E+00-1.51415875E-01
 9  5 3.06369998E-01 3.77023945E-01 4.90970910E-02 0.00000000E+00-7.45434118E-02
 9  6 2.26552359E-02 0.00000000E+00-3.25052377E-02-1.67733941E-03-1.96139193E-03
 9  7 3.63873134E-03 0.00000000E+00-8.69521186E-03 0.00000000E+00 1.51415875E-01
 9  8-3.06369998E-01-3.77023945E-01 4.90970910E-02 0.00000000E+00 7.45434118E-02
 9  9 2.26552359E-02 0.00000000E+00 3.25052377E-02 1.67733941E-03 1.96139193E-03
 9 10-3.63873134E-03 0.00000000E+00-8.69521186E-03 0.00000000E+00
10  1 7.14279246E-02-2.02459561E-01 4.49942005E-01 4.40913569E-01 0.00000000E+00
10  2 0.00000000E+00 6.25926187E-02 0.00000000E+00 0.00000000E+00-1.30662844E-01
10  3 0.00000000E+00 0.00000000E+00-7.99215558E-02-2.88551465E-03 1.69219316E-02
10  4-1.40364170E-02 0.00000000E+00 0.00000000E+00 0.00000000E+00 9.36313050E-02
10  5-1.92359835E-01-2.97706201E-01 5.31870046E-02 0.00000000E+00-8.70142079E-02
10  6 2.05104645E-02 0.00000000E+00-3.76130358E-02 1.18516737E-04-4.40047255E-03
10  7 4.28195581E-03 0.00000000E+00-6.18526194E-03 0.00000000E+00 9.36313050E-02
10  8-1.92359835E-01-2.97706201E-01-5.31870046E-02 0.00000000E+00-8.70142079E-02
10  9-2.05104645E-02 0.00000000E+00-3.76130358E-02 1.18516737E-04-4.40047255E-03
10 10 4.28195581E-03 0.00000000E+00 6.18526194E-03 0.00000000E+00
11  1 0.00000000E+00 0.00000000E+00 0.00000000E+00 0.00000000E+00-1.85556480E-01
11  2 0.00000000E+00 0.00000000E+00 4.40884544E-01 0.00000000E+00 0.00000000E+00
11  3 1.58138771E-01 0.00000000E+00 0.00000000E+00 0.00000000E+00 0.00000000E+00
11  4 0.00000000E+00 0.00000000E+00 4.66326508E-02 0.00000000E+00-6.06932444E-02
11  5 1.21238822E-01 2.35462901E-01-1.61323592E-01 0.00000000E+00 3.08766489E-01
11  6-9.90812576E-02 0.00000000E+00 1.74687764E-01 2.89868300E-03 7.63971568E-03
11  7-1.05383987E-02 0.00000000E+00 8.99075729E-03 0.00000000E+00 6.06932444E-02
11  8-1.21238822E-01-2.35462901E-01-1.61323592E-01 0.00000000E+00-3.08766489E-01
11  9-9.90812576E-02 0.00000000E+00-1.74687764E-01-2.89868300E-03-7.63971568E-03
11 10 1.05383987E-02 0.00000000E+00 8.99075729E-03 0.00000000E+00
12  1-5.94864098E-03 4.76698478E-02 3.95328135E-03-2.65628009E-01 0.00000000E+00
12  2 0.00000000E+00-1.96982086E-01 0.00000000E+00 0.00000000E+00 4.64497939E-01
12  3 0.00000000E+00 0.00000000E+00 1.75846788E-01-2.71868171E-02-2.00313586E-02
12  4 4.72181757E-02 0.00000000E+00 0.00000000E+00 0.00000000E+00 4.73590759E-02
12  5-9.39880995E-02-1.73473313E-01 3.15113194E-01 0.00000000E+00-7.05730550E-02
12  6 1.93051621E-01 0.00000000E+00-4.75160872E-02 1.32714988E-02-6.14416004E-03
12  7-7.12733877E-03 0.00000000E+00-9.88643903E-03 0.00000000E+00 4.73590759E-02
12  8-9.39880995E-02-1.73473313E-01-3.15113194E-01 0.00000000E+00-7.05730550E-02
12  9-1.93051621E-01 0.00000000E+00-4.75160872E-02 1.32714988E-02-6.14416004E-03
12 10-7.12733877E-03 0.00000000E+00 9.88643903E-03 0.00000000E+00
13  1 0.00000000E+00 0.00000000E+00 0.00000000E+00 0.00000000E+00 0.00000000E+00
13  2-2.11741418E-01 0.00000000E+00 0.00000000E+00 4.98088426E-01 0.00000000E+00
13  3 0.00000000E+00 2.94314196E-01 0.00000000E+00 0.00000000E+00 0.00000000E+00
13  4 0.00000000E+00 0.00000000E+00 0.00000000E+00 4.92274036E-02 0.00000000E+00
13  5 0.00000000E+00 0.00000000E+00 0.00000000E+00 2.83408484E-01 0.00000000E+00
13  6 0.00000000E+00 1.70146539E-01 0.00000000E+00 0.00000000E+00 0.00000000E+00
13  7 0.00000000E+00 1.40865525E-02 0.00000000E+00-1.37021454E-02 0.00000000E+00
13  8 0.00000000E+00 0.00000000E+00 0.00000000E+00 2.83408484E-01 0.00000000E+00
13  9 0.00000000E+00 1.70146539E-01 0.00000000E+00 0.00000000E+00 0.00000000E+00
13 10 0.00000000E+00-1.40865525E-02 0.00000000E+00-1.37021454E-02
14  1 1.13584642E-02-5.07313330E-02 4.98043983E-02 2.55358329E-01 0.00000000E+00
14  2 0.00000000E+00 7.57305432E-02 0.00000000E+00 0.00000000E+00-1.81204091E-01
14  3 0.00000000E+00 0.00000000E+00-7.44374509E-02-1.09673000E-01 3.07207746E-02
14  4 7.89522259E-02 0.00000000E+00 0.00000000E+00 0.00000000E+00-1.62516792E-03
14  5 1.59028297E-03-5.91490570E-03 1.64579458E-01 0.00000000E+00 4.10006989E-01
14  6 1.22471545E-01 0.00000000E+00 3.02850625E-01 1.22131834E-02 3.71002772E-03
14  7-1.59232111E-02 0.00000000E+00 6.97654139E-03 0.00000000E+00-1.62516792E-03
14  8 1.59028297E-03-5.91490570E-03-1.64579458E-01 0.00000000E+00 4.10006989E-01
14  9-1.22471545E-01 0.00000000E+00 3.02850625E-01 1.22131834E-02 3.71002772E-03
14 10-1.59232111E-02 0.00000000E+00-6.97654139E-03 0.00000000E+00
15  1 0.00000000E+00 0.00000000E+00 0.00000000E+00 0.00000000E+00 0.00000000E+00
15  2 0.00000000E+00 0.00000000E+00 0.00000000E+00 0.00000000E+00 0.00000000E+00
15  3 0.00000000E+00 0.00000000E+00 0.00000000E+00 0.00000000E+00 0.00000000E+00
15  4 0.00000000E+00-9.49569803E-02 0.00000000E+00 0.00000000E+00 0.00000000E+00
15  5 0.00000000E+00 0.00000000E+00 0.00000000E+00 4.75339583E-01 0.00000000E+00
15  6 0.00000000E+00 3.41616765E-01 0.00000000E+00 0.00000000E+00 0.00000000E+00
15  7 0.00000000E+00 1.09065955E-02 0.00000000E+00-1.49798038E-02 0.00000000E+00
15  8 0.00000000E+00 0.00000000E+00 0.00000000E+00-4.75339583E-01 0.00000000E+00
15  9 0.00000000E+00-3.41616765E-01 0.00000000E+00 0.00000000E+00 0.00000000E+00
15 10 0.00000000E+00 1.09065955E-02 0.00000000E+00 1.49798038E-02
16  1 0.00000000E+00 0.00000000E+00 0.00000000E+00 0.00000000E+00-1.46515736E-02
16  2 0.00000000E+00 0.00000000E+00 2.70502515E-02 0.00000000E+00 0.00000000E+00
16  3 1.73317594E-01 0.00000000E+00 0.00000000E+00 0.00000000E+00 0.00000000E+00
16  4 0.00000000E+00 0.00000000E+00-8.43189411E-02 0.00000000E+00-9.23596319E-03
16  5 1.90584813E-02 7.52214180E-02 4.60950400E-01 0.00000000E+00 1.70862934E-01
16  6 3.26686563E-01 0.00000000E+00 1.11971026E-01 1.31965572E-02-1.06075930E-03
16  7-1.21357979E-02 0.00000000E+00-8.71439407E-03 0.00000000E+00 9.23596319E-03
16  8-1.90584813E-02-7.52214180E-02 4.60950400E-01 0.00000000E+00-1.70862934E-01
16  9 3.26686563E-01 0.00000000E+00-1.11971026E-01-1.31965572E-02 1.06075930E-03
16 10 1.21357979E-02 0.00000000E+00-8.71439407E-03 0.00000000E+00
17  1 0.00000000E+00 0.00000000E+00 0.00000000E+00 0.00000000E+00 0.00000000E+00
17  2-2.00177286E-01 0.00000000E+00 0.00000000E+00 5.01553439E-01 0.00000000E+00
17  3 0.00000000E+00 4.25238989E-01 0.00000000E+00 0.00000000E+00 0.00000000E+00
17  4 0.00000000E+00 0.00000000E+00 0.00000000E+00-8.58612245E-02 0.00000000E+00
17  5 0.00000000E+00 0.00000000E+00 0.00000000E+00-3.80053956E-01 0.00000000E+00
17  6 0.00000000E+00-3.18522921E-01 0.00000000E+00 0.00000000E+00 0.00000000E+00
17  7 0.00000000E+00-4.41105747E-03 0.00000000E+00 1.95875180E-03 0.00000000E+00
17  8 0.00000000E+00 0.00000000E+00 0.00000000E+00-3.80053956E-01 0.00000000E+00
17  9 0.00000000E+00-3.18522921E-01 0.00000000E+00 0.00000000E+00 0.00000000E+00
17 10 0.00000000E+00 4.41105747E-03 0.00000000E+00 1.95875180E-03
18  1 0.00000000E+00 0.00000000E+00 0.00000000E+00 0.00000000E+00-1.92193970E-01
18  2 0.00000000E+00 0.00000000E+00 4.85080592E-01 0.00000000E+00 0.00000000E+00
18  3 7.53603930E-01 0.00000000E+00 0.00000000E+00 0.00000000E+00 0.00000000E+00
18  4 0.00000000E+00 0.00000000E+00-1.95344919E-01 0.00000000E+00-3.18270810E-02
18  5 5.29093269E-02 3.00534348E-01 1.92434079E-02 0.00000000E+00-3.37910094E-01
18  6 2.00303424E-02 0.00000000E+00-3.13226635E-01 3.27222724E-04 1.73720195E-03
18  7-2.06442468E-03 0.00000000E+00 1.34541198E-05 0.00000000E+00 3.18270810E-02
18  8-5.29093269E-02-3.00534348E-01 1.92434079E-02 0.00000000E+00 3.37910094E-01
18  9 2.00303424E-02 0.00000000E+00 3.13226635E-01-3.27222724E-04-1.73720195E-03
18 10 2.06442468E-03 0.00000000E+00 1.34541198E-05 0.00000000E+00
19  1 3.21135460E-02-1.24447897E-01 1.79328390E-01 8.09337789E-01 0.00000000E+00
19  2 0.00000000E+00-1.53277111E-01 0.00000000E+00 0.00000000E+00 3.90828602E-01
19  3 0.00000000E+00 0.00000000E+00 9.63822518E-01-6.40808959E-02 2.04275983E-01
19  4-1.40195087E-01 0.00000000E+00 0.00000000E+00 0.00000000E+00 5.35851608E-02
19  5-7.70680404E-02-5.46033798E-01-2.63750455E-01 0.00000000E+00 1.79725764E-01
19  6-3.63783193E-01 0.00000000E+00 1.94604278E-01-1.71769554E-03 5.92458130E-03
19  7-4.20688576E-03 0.00000000E+00-2.64417770E-03 0.00000000E+00 5.35851608E-02
19  8-7.70680404E-02-5.46033798E-01 2.63750455E-01 0.00000000E+00 1.79725764E-01
19  9 3.63783193E-01 0.00000000E+00 1.94604278E-01-1.71769554E-03 5.92458130E-03
19 10-4.20688576E-03 0.00000000E+00 2.64417770E-03 0.00000000E+00
20  1-1.45792483E-02-8.86626670E-02-2.65110759E-01 6.11251793E-01 0.00000000E+00
20  2 0.00000000E+00 2.90818584E-01 0.00000000E+00 0.00000000E+00-1.08289838E+00
20  3 0.00000000E+00 0.00000000E+00 1.41531250E+00 1.89712832E-01-5.75060419E-02
20  4-1.32206791E-01 0.00000000E+00 0.00000000E+00 0.00000000E+00 7.40895443E-03
20  5 6.62793057E-02-4.92620187E-01 2.04665844E-01 0.00000000E+00-1.29214359E-01
20  6-1.60400565E-01 0.00000000E+00 1.72212391E-02-3.79038427E-02 2.38319472E-02
20  7 1.40718955E-02 0.00000000E+00 3.12501794E-02 0.00000000E+00 7.40895443E-03
20  8 6.62793057E-02-4.92620187E-01-2.04665844E-01 0.00000000E+00-1.29214359E-01
20  9 1.60400565E-01 0.00000000E+00 1.72212391E-02-3.79038427E-02 2.38319472E-02
20 10 1.40718955E-02 0.00000000E+00-3.12501794E-02 0.00000000E+00
21  1 0.00000000E+00 0.00000000E+00 0.00000000E+00 0.00000000E+00 0.00000000E+00
21  2 2.85523670E-01 0.00000000E+00 0.00000000E+00-1.10310001E+00 0.00000000E+00
21  3 0.00000000E+00 1.22760608E+00 0.00000000E+00 0.00000000E+00 0.00000000E+00
21  4 0.00000000E+00 0.00000000E+00 0.00000000E+00-2.45156155E-01 0.00000000E+00
21  5 0.00000000E+00 0.00000000E+00 0.00000000E+00-1.06742328E-03 0.00000000E+00
21  6 0.00000000E+00-1.27690715E-01 0.00000000E+00 0.00000000E+00 0.00000000E+00
21  7 0.00000000E+00-2.46003199E-02 0.00000000E+00 1.69515444E-02 0.00000000E+00
21  8 0.00000000E+00 0.00000000E+00 0.00000000E+00-1.06742328E-03 0.00000000E+00
21  9 0.00000000E+00-1.27690715E-01 0.00000000E+00 0.00000000E+00 0.00000000E+00
21 10 0.00000000E+00 2.46003199E-02 0.00000000E+00 1.69515444E-02
22  1 0.00000000E+00 0.00000000E+00 0.00000000E+00 0.00000000E+00 2.94432728E-01
22  2 0.00000000E+00 0.00000000E+00-1.11214803E+00 0.00000000E+00 0.00000000E+00
22  3 1.41083230E+00 0.00000000E+00 0.00000000E+00 0.00000000E+00 0.00000000E+00
22  4 0.00000000E+00 0.00000000E+00 9.02088216E-02 0.00000000E+00-7.82029877E-03
22  5-3.94608184E-02 3.94896524E-01-2.03487767E-01 0.00000000E+00 1.00693981E-01
22  6 4.13820245E-03 0.00000000E+00-1.32233619E-01-4.36796376E-03-1.86506273E-02
22  7 2.30185911E-02 0.00000000E+00-3.25388023E-02 0.00000000E+00 7.82029877E-03
22  8 3.94608184E-02-3.94896524E-01-2.03487767E-01 0.00000000E+00-1.00693981E-01
22  9 4.13820245E-03 0.00000000E+00 1.32233619E-01 4.36796376E-03 1.86506273E-02
22 10-2.30185911E-02 0.00000000E+00-3.25388023E-02 0.00000000E+00
23  1-1.11150963E-01-4.04945510E-01-1.71891446E+00 2.18478783E+00 0.00000000E+00
23  2 0.00000000E+00-5.25911712E-02 0.00000000E+00 0.00000000E+00 2.07411383E-01
23  3 0.00000000E+00 0.00000000E+00 1.53054455E-01-1.47436622E-01 2.91103905E-01
23  4-1.43667283E-01 0.00000000E+00 0.00000000E+00 0.00000000E+00 1.78660674E-02
23  5-3.70467334E-02-3.41743069E-01 8.67366024E-02 0.00000000E+00-8.05803041E-02
23  6-1.42503849E-01 0.00000000E+00 1.24451698E-01-1.56275428E-02 3.24244917E-02
23  7-1.67969489E-02 0.00000000E+00 3.59398247E-02 0.00000000E+00 1.78660674E-02
23  8-3.70467334E-02-3.41743069E-01-8.67366024E-02 0.00000000E+00-8.05803041E-02
23  9 1.42503849E-01 0.00000000E+00 1.24451698E-01-1.56275428E-02 3.24244917E-02
23 10-1.67969489E-02 0.00000000E+00-3.59398247E-02 0.00000000E+00
24  1 0.00000000E+00 0.00000000E+00 0.00000000E+00 0.00000000E+00 0.00000000E+00
24  2 0.00000000E+00 0.00000000E+00 0.00000000E+00 0.00000000E+00 0.00000000E+00
24  3 0.00000000E+00 0.00000000E+00 0.00000000E+00 0.00000000E+00 0.00000000E+00
24  4 0.00000000E+00 9.21138376E-01 0.00000000E+00 0.00000000E+00 0.00000000E+00
24  5 0.00000000E+00 0.00000000E+00 0.00000000E+00 2.76772563E-01 0.00000000E+00
24  6 0.00000000E+00-9.38241892E-02 0.00000000E+00 0.00000000E+00 0.00000000E+00
24  7 0.00000000E+00-2.02516851E-02 0.00000000E+00 4.67618402E-02 0.00000000E+00
24  8 0.00000000E+00 0.00000000E+00 0.00000000E+00-2.76772563E-01 0.00000000E+00
24  9 0.00000000E+00 9.38241892E-02 0.00000000E+00 0.00000000E+00 0.00000000E+00
24 10 0.00000000E+00-2.02516851E-02 0.00000000E+00-4.67618402E-02
25  1 0.00000000E+00 0.00000000E+00 0.00000000E+00 0.00000000E+00 0.00000000E+00
25  2 7.37998264E-02 0.00000000E+00 0.00000000E+00-2.97188200E-01 0.00000000E+00
25  3 0.00000000E+00 2.89858365E-01 0.00000000E+00 0.00000000E+00 0.00000000E+00
25  4 0.00000000E+00 0.00000000E+00 0.00000000E+00 8.59571620E-01 0.00000000E+00
25  5 0.00000000E+00 0.00000000E+00 0.00000000E+00-3.24455766E-01 0.00000000E+00
25  6 0.00000000E+00 1.08194687E-01 0.00000000E+00 0.00000000E+00 0.00000000E+00
25  7 0.00000000E+00 4.20487842E-02 0.00000000E+00-1.65032647E-02 0.00000000E+00
25  8 0.00000000E+00 0.00000000E+00 0.00000000E+00-3.24455766E-01 0.00000000E+00
25  9 0.00000000E+00 1.08194687E-01 0.00000000E+00 0.00000000E+00 0.00000000E+00
25 10 0.00000000E+00-4.20487842E-02 0.00000000E+00-1.65032647E-02
26  1-1.81529707E-03-1.35779446E-03-2.31351991E-02-4.37324716E-02 0.00000000E+00
26  2 0.00000000E+00-6.63029059E-02 0.00000000E+00 0.00000000E+00 2.55114072E-01
26  3 0.00000000E+00 0.00000000E+00-3.08781542E-01 7.72095490E-01-8.78285954E-02
26  4-6.84266894E-01 0.00000000E+00 0.00000000E+00 0.00000000E+00-1.15454995E-03
26  5-5.26575239E-03 7.84083903E-02 1.97025677E-01 0.00000000E+00 3.07412004E-01
26  6-2.94009331E-02 0.00000000E+00-8.86360908E-02-4.99166140E-02-6.95098223E-03
26  7 5.68675962E-02 0.00000000E+00-7.35237648E-03 0.00000000E+00-1.15454995E-03
26  8-5.26575239E-03 7.84083903E-02-1.97025677E-01 0.00000000E+00 3.07412004E-01
26  9 2.94009331E-02 0.00000000E+00-8.86360908E-02-4.99166140E-02-6.95098223E-03
26 10 5.68675962E-02 0.00000000E+00 7.35237648E-03 0.00000000E+00
27  1-1.90252721E-02-1.78498981E-01-4.24721145E-01 1.55191520E+00 0.00000000E+00
27  2 0.00000000E+00-8.37169067E-02 0.00000000E+00 0.00000000E+00 3.78136867E-01
27  3 0.00000000E+00 0.00000000E+00 5.06200564E-01 4.19168687E-01-8.60807073E-01
27  4 4.41638386E-01 0.00000000E+00 0.00000000E+00 0.00000000E+00 6.33523253E-02
27  5-2.37901710E-01-4.43126291E-01 6.92803661E-02 0.00000000E+00-1.64268739E-01
27  6-5.33544590E-01 0.00000000E+00 5.84570020E-01 9.30383201E-03-1.28411253E-02
27  7 3.53729332E-03 0.00000000E+00 8.62941265E-03 0.00000000E+00 6.33523253E-02
27  8-2.37901710E-01-4.43126291E-01-6.92803661E-02 0.00000000E+00-1.64268739E-01
27  9 5.33544590E-01 0.00000000E+00 5.84570020E-01 9.30383201E-03-1.28411253E-02
27 10 3.53729332E-03 0.00000000E+00-8.62941265E-03 0.00000000E+00
28  1 0.00000000E+00 0.00000000E+00 0.00000000E+00 0.00000000E+00-9.35230535E-02
28  2 0.00000000E+00 0.00000000E+00 4.67614285E-01 0.00000000E+00 0.00000000E+00
28  3 3.20654147E-01 0.00000000E+00 0.00000000E+00 0.00000000E+00 0.00000000E+00
28  4 0.00000000E+00 0.00000000E+00 7.91820456E-01 0.00000000E+00-6.40024969E-02
28  5 2.35943510E-01 2.84153365E-01-2.02015349E-01 0.00000000E+00 1.53997350E-01
28  6 7.00571864E-01 0.00000000E+00-6.27927215E-01-8.90390564E-03 1.19764487E-02
28  7-3.07254310E-03 0.00000000E+00 2.22624972E-02 0.00000000E+00 6.40024969E-02
28  8-2.35943510E-01-2.84153365E-01-2.02015349E-01 0.00000000E+00-1.53997350E-01
28  9 7.00571864E-01 0.00000000E+00 6.27927215E-01 8.90390564E-03-1.19764487E-02
28 10 3.07254310E-03 0.00000000E+00 2.22624972E-02 0.00000000E+00
29  1-1.86607538E-03 7.77926693E-03-1.49717000E-02-2.24879351E-01 0.00000000E+00
29  2 0.00000000E+00 1.98133535E-03 0.00000000E+00 0.00000000E+00-3.35830309E-02
29  3 0.00000000E+00 0.00000000E+00-4.02835206E-01 4.30764429E-01 2.51534537E-02
29  4-4.55917883E-01 0.00000000E+00 0.00000000E+00 0.00000000E+00-1.78716851E-03
29  5-4.16437784E-02 1.71028463E-01-4.63162967E-01 0.00000000E+00-3.16543833E-01
29  6 6.34190213E-01 0.00000000E+00 3.76746930E-01-3.20035078E-02-1.30235616E-02
29  7 4.50270694E-02 0.00000000E+00 1.89132635E-02 0.00000000E+00-1.78716851E-03
29  8-4.16437784E-02 1.71028463E-01 4.63162967E-01 0.00000000E+00-3.16543833E-01
29  9-6.34190213E-01 0.00000000E+00 3.76746930E-01-3.20035078E-02-1.30235616E-02
29 10 4.50270694E-02 0.00000000E+00-1.89132635E-02 0.00000000E+00
30  1 0.00000000E+00 0.00000000E+00 0.00000000E+00 0.00000000E+00 0.00000000E+00
30  2-2.43587126E-02 0.00000000E+00 0.00000000E+00 1.14937821E-01 0.00000000E+00
30  3 0.00000000E+00-6.04035339E-01 0.00000000E+00 0.00000000E+00 0.00000000E+00
30  4 0.00000000E+00 0.00000000E+00 0.00000000E+00-4.72140436E-01 0.00000000E+00
30  5 0.00000000E+00 0.00000000E+00 0.00000000E+00-5.64727162E-01 0.00000000E+00
30  6 0.00000000E+00 8.51313288E-01 0.00000000E+00 0.00000000E+00 0.00000000E+00
30  7 0.00000000E+00-3.30438046E-02 0.00000000E+00 3.98806836E-02 0.00000000E+00
30  8 0.00000000E+00 0.00000000E+00 0.00000000E+00-5.64727162E-01 0.00000000E+00
30  9 0.00000000E+00 8.51313288E-01 0.00000000E+00 0.00000000E+00 0.00000000E+00
30 10 0.00000000E+00 3.30438046E-02 0.00000000E+00 3.98806836E-02
31  1 0.00000000E+00 0.00000000E+00 0.00000000E+00 0.00000000E+00 0.00000000E+00
31  2 0.00000000E+00 0.00000000E+00 0.00000000E+00 0.00000000E+00 0.00000000E+00
31  3 0.00000000E+00 0.00000000E+00 0.00000000E+00 0.00000000E+00 0.00000000E+00
31  4 0.00000000E+00 4.06600072E-01 0.00000000E+00 0.00000000E+00 0.00000000E+00
31  5 0.00000000E+00 0.00000000E+00 0.00000000E+00-5.90934178E-01 0.00000000E+00
31  6 0.00000000E+00 8.03209256E-01 0.00000000E+00 0.00000000E+00 0.00000000E+00
31  7 0.00000000E+00-4.02532578E-02 0.00000000E+00 3.24623987E-02 0.00000000E+00
31  8 0.00000000E+00 0.00000000E+00 0.00000000E+00 5.90934178E-01 0.00000000E+00
31  9 0.00000000E+00-8.03209256E-01 0.00000000E+00 0.00000000E+00 0.00000000E+00
31 10 0.00000000E+00-4.02532578E-02 0.00000000E+00-3.24623987E-02
32  1 3.70793931E-02 2.15224351E-01 6.96622729E-01-3.97645793E-01 0.00000000E+00
32  2 0.00000000E+00-2.79222769E-02 0.00000000E+00 0.00000000E+00 2.99639019E-01
32  3 0.00000000E+00 0.00000000E+00-3.93537045E-01-1.20363676E-01 4.84464021E-01
32  4-3.64100345E-01 0.00000000E+00 0.00000000E+00 0.00000000E+00-1.16878039E-02
32  5 8.71083827E-02 1.20461525E-01 3.74753990E-01 0.00000000E+00-4.35776272E-01
32  6-3.31352019E-01 0.00000000E+00 5.62364922E-01-2.20503226E-02-1.66312465E-02
32  7 3.86815692E-02 0.00000000E+00-5.99238977E-02 0.00000000E+00-1.16878039E-02
32  8 8.71083827E-02 1.20461525E-01-3.74753990E-01 0.00000000E+00-4.35776272E-01
32  9 3.31352019E-01 0.00000000E+00 5.62364922E-01-2.20503226E-02-1.66312465E-02
32 10 3.86815692E-02 0.00000000E+00 5.99238977E-02 0.00000000E+00
33  1 0.00000000E+00 0.00000000E+00 0.00000000E+00 0.00000000E+00-5.71348486E-03
33  2 0.00000000E+00 0.00000000E+00-6.43297491E-02 0.00000000E+00 0.00000000E+00
33  3-2.72616186E-01 0.00000000E+00 0.00000000E+00 0.00000000E+00 0.00000000E+00
33  4 0.00000000E+00 0.00000000E+00 4.13887769E-01 0.00000000E+00-1.07994200E-02
33  5 6.98857334E-02-4.13144373E-02-9.88314002E-02 0.00000000E+00-6.27491525E-01
33  6 2.89552187E-01 0.00000000E+00 7.57253570E-01-2.68302955E-02 5.85616946E-03
33  7 2.09741260E-02 0.00000000E+00-1.16920888E-02 0.00000000E+00 1.07994200E-02
33  8-6.98857334E-02 4.13144373E-02-9.88314002E-02 0.00000000E+00 6.27491525E-01
33  9 2.89552187E-01 0.00000000E+00-7.57253570E-01 2.68302955E-02-5.85616946E-03
33 10-2.09741260E-02 0.00000000E+00-1.16920888E-02 0.00000000E+00
34  1 0.00000000E+00 0.00000000E+00 0.00000000E+00 0.00000000E+00 1.29714377E-02
34  2 0.00000000E+00 0.00000000E+00-1.84061278E-01 0.00000000E+00 0.00000000E+00
34  3 7.33008268E-01 0.00000000E+00 0.00000000E+00 0.00000000E+00 0.00000000E+00
34  4 0.00000000E+00 0.00000000E+00 6.99799488E-01 0.00000000E+00-1.69214024E-02
34  5-3.27904839E-02 3.57256600E-01 5.77356859E-01 0.00000000E+00-6.09482773E-02
34  6-6.66761932E-01 0.00000000E+00-2.67297276E-01 5.98226433E-02-2.79935141E-02
34  7-3.18291292E-02 0.00000000E+00 2.15939048E-02 0.00000000E+00 1.69214024E-02
34  8 3.27904839E-02-3.57256600E-01 5.77356859E-01 0.00000000E+00 6.09482773E-02
34  9-6.66761932E-01 0.00000000E+00 2.67297276E-01-5.98226433E-02 2.79935141E-02
34 10 3.18291292E-02 0.00000000E+00 2.15939048E-02 0.00000000E+00
35  1 0.00000000E+00 0.00000000E+00 0.00000000E+00 0.00000000E+00-2.84907104E-02
35  2 0.00000000E+00 0.00000000E+00 2.17359578E-01 0.00000000E+00 0.00000000E+00
35  3 6.61771565E-01 0.00000000E+00 0.00000000E+00 0.00000000E+00 0.00000000E+00
35  4 0.00000000E+00 0.00000000E+00 3.01539887E-01 0.00000000E+00 1.12316424E-02
35  5-1.14292762E+00 1.57022194E+00-8.34202817E-02 0.00000000E+00 2.74355486E-02
35  6 4.13410366E-01 0.00000000E+00-3.48870515E-01-1.48232324E-01 1.80742655E-01
35  7-3.25103312E-02 0.00000000E+00 1.39039950E-01 0.00000000E+00-1.12316424E-02
35  8 1.14292762E+00-1.57022194E+00-8.34202817E-02 0.00000000E+00-2.74355486E-02
35  9 4.13410366E-01 0.00000000E+00 3.48870515E-01 1.48232324E-01-1.80742655E-01
35 10 3.25103312E-02 0.00000000E+00 1.39039950E-01 0.00000000E+00
36  1-3.06072480E-02-3.10092182E-01-7.09076938E-01 2.27510585E+00 0.00000000E+00
36  2 0.00000000E+00-4.09793622E-02 0.00000000E+00 0.00000000E+00 2.32676015E-01
36  3 0.00000000E+00 0.00000000E+00 1.09567815E+00 1.68907143E-01-3.96841378E-01
36  4 2.27934235E-01 0.00000000E+00 0.00000000E+00 0.00000000E+00 1.86202315E-03
36  5 1.19260979E+00-2.06279119E+00-4.44448355E-02 0.00000000E+00-1.76896785E-02
36  6-4.33302840E-01 0.00000000E+00 4.24670774E-01-2.18983212E-02-7.43361439E-03
36  7 2.93319356E-02 0.00000000E+00-2.00598070E-01 0.00000000E+00 1.86202315E-03
36  8 1.19260979E+00-2.06279119E+00 4.44448355E-02 0.00000000E+00-1.76896785E-02
36  9 4.33302840E-01 0.00000000E+00 4.24670774E-01-2.18983212E-02-7.43361439E-03
36 10 2.93319356E-02 0.00000000E+00 2.00598070E-01 0.00000000E+00
37  1 0.00000000E+00 0.00000000E+00 0.00000000E+00 0.00000000E+00 0.00000000E+00
37  2-4.72351293E-03 0.00000000E+00 0.00000000E+00 1.12503152E-02 0.00000000E+00
37  3 0.00000000E+00 3.87103590E-02 0.00000000E+00 0.00000000E+00 0.00000000E+00
37  4 0.00000000E+00 0.00000000E+00 0.00000000E+00-1.00237016E-02 0.00000000E+00
37  5 0.00000000E+00 0.00000000E+00 0.00000000E+00 2.47148977E-02 0.00000000E+00
37  6 0.00000000E+00-4.21493527E-02 0.00000000E+00 0.00000000E+00 0.00000000E+00
37  7 0.00000000E+00 4.30953213E-01 0.00000000E+00 5.60518636E-01 0.00000000E+00
37  8 0.00000000E+00 0.00000000E+00 0.00000000E+00 2.47148977E-02 0.00000000E+00
37  9 0.00000000E+00-4.21493527E-02 0.00000000E+00 0.00000000E+00 0.00000000E+00
37 10 0.00000000E+00-4.30953213E-01 0.00000000E+00 5.60518636E-01
38  1 0.00000000E+00 0.00000000E+00 0.00000000E+00 0.00000000E+00-1.35843048E-02
38  2 0.00000000E+00 0.00000000E+00 3.23247298E-02 0.00000000E+00 0.00000000E+00
38  3 9.47611051E-02 0.00000000E+00 0.00000000E+00 0.00000000E+00 0.00000000E+00
38  4 0.00000000E+00 0.00000000E+00-2.35697282E-02 0.00000000E+00-7.14172977E-04
38  5-3.80304427E-02 7.24793911E-02 2.06542101E-02 0.00000000E+00 1.40466354E-02
38  6-2.23684639E-02 0.00000000E+00-3.43265982E-02-1.41502945E-01-4.63056398E-01
38  7 6.04559343E-01 0.00000000E+00 3.20127358E-01 0.00000000E+00 7.14172977E-04
38  8 3.80304427E-02-7.24793911E-02 2.06542101E-02 0.00000000E+00-1.40466354E-02
38  9-2.23684639E-02 0.00000000E+00 3.43265982E-02 1.41502945E-01 4.63056398E-01
38 10-6.04559343E-01 0.00000000E+00 3.20127358E-01 0.00000000E+00
39  1 6.86830941E-03 4.80503186E-02 1.34001189E-01-3.62406798E-01 0.00000000E+00
39  2 0.00000000E+00-7.30323110E-03 0.00000000E+00 0.00000000E+00 1.33928405E-02
39  3 0.00000000E+00 0.00000000E+00-2.00587567E-01-8.22486233E-03-3.35234072E-02
39  4 4.17482695E-02 0.00000000E+00 0.00000000E+00 0.00000000E+00 5.77920265E-04
39  5-1.77042509E-01 3.03042131E-01-3.09577351E-02 0.00000000E+00 2.85939041E-03
39  6 1.02651316E-01 0.00000000E+00-4.50539709E-02-4.05095081E-01 6.37998721E-01
39  7-2.32903640E-01 0.00000000E+00-2.77886143E-01 0.00000000E+00 5.77920265E-04
39  8-1.77042509E-01 3.03042131E-01 3.09577351E-02 0.00000000E+00 2.85939041E-03
39  9-1.02651316E-01 0.00000000E+00-4.50539709E-02-4.05095081E-01 6.37998721E-01
39 10-2.32903640E-01 0.00000000E+00 2.77886143E-01 0.00000000E+00
40  1 0.00000000E+00 0.00000000E+00 0.00000000E+00 0.00000000E+00 0.00000000E+00
40  2 0.00000000E+00 0.00000000E+00 0.00000000E+00 0.00000000E+00 0.00000000E+00
40  3 0.00000000E+00 0.00000000E+00 0.00000000E+00 0.00000000E+00 0.00000000E+00
40  4 0.00000000E+00 8.54621377E-03 0.00000000E+00 0.00000000E+00 0.00000000E+00
40  5 0.00000000E+00 0.00000000E+00 0.00000000E+00-2.74870406E-02 0.00000000E+00
40  6 0.00000000E+00 4.31458085E-02 0.00000000E+00 0.00000000E+00 0.00000000E+00
40  7 0.00000000E+00 5.90312550E-01 0.00000000E+00 3.90214290E-01 0.00000000E+00
40  8 0.00000000E+00 0.00000000E+00 0.00000000E+00 2.74870406E-02 0.00000000E+00
40  9 0.00000000E+00-4.31458085E-02 0.00000000E+00 0.00000000E+00 0.00000000E+00
40 10 0.00000000E+00 5.90312550E-01 0.00000000E+00-3.90214290E-01
41  1 0.00000000E+00 0.00000000E+00 0.00000000E+00 0.00000000E+00 0.00000000E+00
41  2 0.00000000E+00 0.00000000E+00 0.00000000E+00 0.00000000E+00 0.00000000E+00
41  3 0.00000000E+00 0.00000000E+00 0.00000000E+00 0.00000000E+00 0.00000000E+00
41  4 0.00000000E+00-3.04520399E-01 0.00000000E+00 0.00000000E+00 0.00000000E+00
41  5 0.00000000E+00 0.00000000E+00 0.00000000E+00 4.85408605E-02 0.00000000E+00
41  6 0.00000000E+00-9.91096649E-02 0.00000000E+00 0.00000000E+00 0.00000000E+00
41  7 0.00000000E+00-3.97578642E-01 0.00000000E+00 5.97873085E-01 0.00000000E+00
41  8 0.00000000E+00 0.00000000E+00 0.00000000E+00-4.85408605E-02 0.00000000E+00
41  9 0.00000000E+00 9.91096649E-02 0.00000000E+00 0.00000000E+00 0.00000000E+00
41 10 0.00000000E+00-3.97578642E-01 0.00000000E+00-5.97873085E-01
42  1 0.00000000E+00 0.00000000E+00 0.00000000E+00 0.00000000E+00 1.89754071E-02
42  2 0.00000000E+00 0.00000000E+00-1.17996103E-02 0.00000000E+00 0.00000000E+00
42  3-9.87370952E-02 0.00000000E+00 0.00000000E+00 0.00000000E+00 0.00000000E+00
42  4 0.00000000E+00 0.00000000E+00-3.79886580E-02 0.00000000E+00 3.16705252E-03
42  5-1.80795142E-01 1.84170014E-01-1.30890864E-01 0.00000000E+00-3.15879696E-02
42  6 2.51051432E-01 0.00000000E+00 7.48827808E-02 6.60897615E-01-3.38537767E-01
42  7-3.22359848E-01 0.00000000E+00 2.57082123E-01 0.00000000E+00-3.16705252E-03
42  8 1.80795142E-01-1.84170014E-01-1.30890864E-01 0.00000000E+00 3.15879696E-02
42  9 2.51051432E-01 0.00000000E+00-7.48827808E-02-6.60897615E-01 3.38537767E-01
42 10 3.22359848E-01 0.00000000E+00 2.57082123E-01 0.00000000E+00
43  1 0.00000000E+00 0.00000000E+00 0.00000000E+00 0.00000000E+00 0.00000000E+00
43  2 3.99918604E-02 0.00000000E+00 0.00000000E+00-1.07962339E-01 0.00000000E+00
43  3 0.00000000E+00-1.59734551E-01 0.00000000E+00 0.00000000E+00 0.00000000E+00
43  4 0.00000000E+00 0.00000000E+00 0.00000000E+00-3.19704040E-01 0.00000000E+00
43  5 0.00000000E+00 0.00000000E+00 0.00000000E+00-4.71097067E-02 0.00000000E+00
43  6 0.00000000E+00 1.35592084E-01 0.00000000E+00 0.00000000E+00 0.00000000E+00
43  7 0.00000000E+00 5.73453237E-01 0.00000000E+00-4.44576730E-01 0.00000000E+00
43  8 0.00000000E+00 0.00000000E+00 0.00000000E+00-4.71097067E-02 0.00000000E+00
43  9 0.00000000E+00 1.35592084E-01 0.00000000E+00 0.00000000E+00 0.00000000E+00
43 10 0.00000000E+00-5.73453237E-01 0.00000000E+00-4.44576730E-01
44  1-4.80150010E-03-1.78353024E-02-7.86551927E-02 1.05760503E-02 0.00000000E+00
44  2 0.00000000E+00-1.76834115E-02 0.00000000E+00 0.00000000E+00 1.36870101E-02
44  3 0.00000000E+00 0.00000000E+00 1.27316790E-01-3.67548204E-01 8.32822591E-03
44  4 3.59219978E-01 0.00000000E+00 0.00000000E+00 0.00000000E+00 2.65629963E-03
44  5-6.30936581E-02 3.15287527E-02-1.96641762E-02 0.00000000E+00 4.60273398E-02
44  6-2.13576486E-02 0.00000000E+00-1.19460817E-01-5.68828607E-01-1.11007988E-01
44  7 6.79836595E-01 0.00000000E+00 6.03164158E-03 0.00000000E+00 2.65629963E-03
44  8-6.30936581E-02 3.15287527E-02 1.96641762E-02 0.00000000E+00 4.60273398E-02
44  9 2.13576486E-02 0.00000000E+00-1.19460817E-01-5.68828607E-01-1.11007988E-01
44 10 6.79836595E-01 0.00000000E+00-6.03164158E-03 0.00000000E+00
45  1 2.69013807E-02-9.10485983E-02 2.10764791E-01 1.08897496E+00 0.00000000E+00
45  2 0.00000000E+00-1.49503156E-01 0.00000000E+00 0.00000000E+00 6.93921659E-01
45  3 0.00000000E+00 0.00000000E+00 3.89867536E-01 1.73575544E-01-4.04752028E-01
45  4 2.31176483E-01 0.00000000E+00 0.00000000E+00 0.00000000E+00 1.96986167E-02
45  5 5.51527841E-01-1.08375464E+00 2.72495225E-02 0.00000000E+00-3.62715505E-02
45  6-4.38055873E-01 0.00000000E+00 4.22204582E-01-2.12317998E-01 3.28105056E-01
45  7-1.15787058E-01 0.00000000E+00 6.86386681E-01 0.00000000E+00 1.96986167E-02
45  8 5.51527841E-01-1.08375464E+00-2.72495225E-02 0.00000000E+00-3.62715505E-02
45  9 4.38055873E-01 0.00000000E+00 4.22204582E-01-2.12317998E-01 3.28105056E-01
45 10-1.15787058E-01 0.00000000E+00-6.86386681E-01 0.00000000E+00
46  1 0.00000000E+00 0.00000000E+00 0.00000000E+00 0.00000000E+00-1.59852647E-01
46  2 0.00000000E+00 0.00000000E+00 7.52423564E-01 0.00000000E+00 0.00000000E+00
46  3 3.58542335E-01 0.00000000E+00 0.00000000E+00 0.00000000E+00 0.00000000E+00
46  4 0.00000000E+00 0.00000000E+00 7.30518247E-01 0.00000000E+00-2.54181680E-02
46  5-5.96199180E-01 1.10501230E+00-3.09262020E-02 0.00000000E+00 1.13150776E-02
46  6 4.88364343E-01 0.00000000E+00-4.69914023E-01 2.04522980E-01-4.29916218E-01
46  7 2.25393238E-01 0.00000000E+00-6.60110279E-01 0.00000000E+00 2.54181680E-02
46  8 5.96199180E-01-1.10501230E+00-3.09262020E-02 0.00000000E+00-1.13150776E-02
46  9 4.88364343E-01 0.00000000E+00 4.69914023E-01-2.04522980E-01 4.29916218E-01
46 10-2.25393238E-01 0.00000000E+00-6.60110279E-01 0.00000000E+00
 $END   
 POPULATION ANALYSIS
S           15.18681   0.81319  15.20650   0.79350
O            8.40659  -0.40659   8.39675  -0.39675
O            8.40659  -0.40659   8.39675  -0.39675
 MOMENTS AT POINT    1 X,Y,Z=  0.000000  0.000000  0.000000
 DIPOLE       0.000000  0.000000 -3.224117
