 $DATA  
Title                                                                           
CNV      2

S          16.0      0.0000000000      0.0000000000     -0.4589884872
   PC1     0
        
O           8.0      1.3106432709      0.0000000000      0.4587338110
   PC1     0
        
 $END      
 $ZMAT   IZMAT(1)=
         1,   3,   1,
         1,   2,   1,
         2,   2,   1,   3,
 $END
--- CLOSED SHELL ORBITALS --- GENERATED AT Thu Feb 26 00:18:00 2015
Title                                                                           
E(R-PBE)=     -548.2445714119, E(NUC)=   97.5884826549,   19 ITERS
 $VEC   
 1  1 1.00297987E+00-1.02779429E-02 1.80352194E-03-8.63673239E-04 0.00000000E+00
 1  2 0.00000000E+00 5.46564620E-05 0.00000000E+00 0.00000000E+00 6.71378369E-05
 1  3 0.00000000E+00 0.00000000E+00-5.12423494E-05 4.39565673E-05-3.44611171E-05
 1  4-9.49545022E-06 0.00000000E+00 0.00000000E+00 0.00000000E+00 6.30135492E-06
 1  5 1.71997406E-05 1.97400248E-05-1.57142638E-05 0.00000000E+00 5.76735169E-06
 1  6-6.31722103E-05 0.00000000E+00 6.89510041E-05-5.41309859E-05 5.81683167E-05
 1  7-4.03733084E-06 0.00000000E+00 9.57846894E-05 0.00000000E+00 6.30135492E-06
 1  8 1.71997406E-05 1.97400248E-05 1.57142638E-05 0.00000000E+00 5.76735169E-06
 1  9 6.31722103E-05 0.00000000E+00 6.89510041E-05-5.41309859E-05 5.81683167E-05
 1 10-4.03733084E-06 0.00000000E+00-9.57846894E-05 0.00000000E+00
 2  1-7.45914571E-05-1.02410818E-03-1.93072615E-03 1.05498320E-02 0.00000000E+00
 2  2 0.00000000E+00-1.17075018E-04 0.00000000E+00 0.00000000E+00 1.21335918E-03
 2  3 0.00000000E+00 0.00000000E+00 4.68197512E-03 9.20617823E-04-1.20962744E-03
 2  4 2.89009621E-04 0.00000000E+00 0.00000000E+00 0.00000000E+00 7.03308197E-01
 2  5 2.59586912E-02-1.33250514E-02 8.01375500E-04 0.00000000E+00-4.74786733E-04
 2  6-3.55644787E-03 0.00000000E+00 1.59434749E-03-3.66556597E-04 2.59724265E-04
 2  7 1.06832332E-04 0.00000000E+00 3.87440690E-04 0.00000000E+00 7.03308197E-01
 2  8 2.59586912E-02-1.33250514E-02-8.01375500E-04 0.00000000E+00-4.74786733E-04
 2  9 3.55644787E-03 0.00000000E+00 1.59434749E-03-3.66556597E-04 2.59724265E-04
 2 10 1.06832332E-04 0.00000000E+00-3.87440690E-04 0.00000000E+00
 3  1 0.00000000E+00 0.00000000E+00 0.00000000E+00 0.00000000E+00 6.11456337E-05
 3  2 0.00000000E+00 0.00000000E+00-1.27735246E-03 0.00000000E+00 0.00000000E+00
 3  3-4.39751464E-03 0.00000000E+00 0.00000000E+00 0.00000000E+00 0.00000000E+00
 3  4 0.00000000E+00 0.00000000E+00-9.47343166E-04 0.00000000E+00 7.03245868E-01
 3  5 2.53440380E-02-1.12037633E-02 7.79316426E-04 0.00000000E+00-6.30160531E-04
 3  6-1.96583484E-03 0.00000000E+00 1.99734488E-03-1.50962797E-04 2.31021368E-04
 3  7-8.00585707E-05 0.00000000E+00 3.29297831E-04 0.00000000E+00-7.03245868E-01
 3  8-2.53440380E-02 1.12037633E-02 7.79316426E-04 0.00000000E+00 6.30160531E-04
 3  9-1.96583484E-03 0.00000000E+00-1.99734488E-03 1.50962797E-04-2.31021368E-04
 3 10 8.00585707E-05 0.00000000E+00 3.29297831E-04 0.00000000E+00
 4  1-2.74082422E-01 1.03951807E+00 4.08589024E-02-1.19638608E-02 0.00000000E+00
 4  2 0.00000000E+00 9.42726837E-03 0.00000000E+00 0.00000000E+00 1.16703128E-03
 4  3 0.00000000E+00 0.00000000E+00-6.99670876E-04 6.14756288E-04-3.95339292E-04
 4  4-2.19416997E-04 0.00000000E+00 0.00000000E+00 0.00000000E+00 1.95830196E-05
 4  5-7.92602432E-05 4.69108586E-04-2.80462659E-04 0.00000000E+00 1.48635833E-04
 4  6-5.90494031E-04 0.00000000E+00 6.87471055E-04-3.71507339E-04 4.12360398E-04
 4  7-4.08530597E-05 0.00000000E+00 6.80609812E-04 0.00000000E+00 1.95830196E-05
 4  8-7.92602432E-05 4.69108586E-04 2.80462659E-04 0.00000000E+00 1.48635833E-04
 4  9 5.90494031E-04 0.00000000E+00 6.87471055E-04-3.71507339E-04 4.12360398E-04
 4 10-4.08530597E-05 0.00000000E+00-6.80609812E-04 0.00000000E+00
 5  1 0.00000000E+00 0.00000000E+00 0.00000000E+00 0.00000000E+00 9.96759536E-01
 5  2 0.00000000E+00 0.00000000E+00 9.19804217E-03 0.00000000E+00 0.00000000E+00
 5  3-2.30496247E-04 0.00000000E+00 0.00000000E+00 0.00000000E+00 0.00000000E+00
 5  4 0.00000000E+00 0.00000000E+00 6.53180502E-04 0.00000000E+00 1.74877002E-04
 5  5-1.95175899E-05-1.37336336E-04-1.99856702E-04 0.00000000E+00 1.53828878E-04
 5  6-8.34125735E-05 0.00000000E+00 8.29316870E-05-1.59511196E-04 2.09733334E-04
 5  7-5.02221374E-05 0.00000000E+00 3.51632173E-04 0.00000000E+00-1.74877002E-04
 5  8 1.95175899E-05 1.37336336E-04-1.99856702E-04 0.00000000E+00-1.53828878E-04
 5  9-8.34125735E-05 0.00000000E+00-8.29316870E-05 1.59511196E-04-2.09733334E-04
 5 10 5.02221374E-05 0.00000000E+00 3.51632173E-04 0.00000000E+00
 6  1 0.00000000E+00 0.00000000E+00 0.00000000E+00 0.00000000E+00 0.00000000E+00
 6  2 9.96868130E-01 0.00000000E+00 0.00000000E+00 9.00815076E-03 0.00000000E+00
 6  3 0.00000000E+00-2.04112515E-04 0.00000000E+00 0.00000000E+00 0.00000000E+00
 6  4 0.00000000E+00 0.00000000E+00 0.00000000E+00 4.79750583E-04 0.00000000E+00
 6  5 0.00000000E+00 0.00000000E+00 0.00000000E+00 2.35487499E-05 0.00000000E+00
 6  6 0.00000000E+00-5.89741786E-05 0.00000000E+00 0.00000000E+00 0.00000000E+00
 6  7 0.00000000E+00 2.50682525E-05 0.00000000E+00-2.73860714E-05 0.00000000E+00
 6  8 0.00000000E+00 0.00000000E+00 0.00000000E+00 2.35487499E-05 0.00000000E+00
 6  9 0.00000000E+00-5.89741786E-05 0.00000000E+00 0.00000000E+00 0.00000000E+00
 6 10 0.00000000E+00-2.50682525E-05 0.00000000E+00-2.73860714E-05
 7  1 2.60569322E-03-1.00688306E-02-2.96591378E-04-4.41028714E-04 0.00000000E+00
 7  2 0.00000000E+00 9.96868030E-01 0.00000000E+00 0.00000000E+00 8.74558391E-03
 7  3 0.00000000E+00 0.00000000E+00-3.00945608E-04-3.71178990E-04-2.17799197E-04
 7  4 5.88978187E-04 0.00000000E+00 0.00000000E+00 0.00000000E+00-1.38016248E-04
 7  5-8.80686987E-05 4.68360308E-04 1.99348333E-04 0.00000000E+00-1.12831177E-04
 7  6 2.13982627E-04 0.00000000E+00-2.47454581E-04 1.99169057E-04-1.90525920E-04
 7  7-8.64313689E-06 0.00000000E+00-3.25173247E-04 0.00000000E+00-1.38016248E-04
 7  8-8.80686987E-05 4.68360308E-04-1.99348333E-04 0.00000000E+00-1.12831177E-04
 7  9-2.13982627E-04 0.00000000E+00-2.47454581E-04 1.99169057E-04-1.90525920E-04
 7 10-8.64313689E-06 0.00000000E+00 3.25173247E-04 0.00000000E+00
 8  1 4.79260912E-02-1.36208128E-01 2.85633102E-01 1.51297490E-01 0.00000000E+00
 8  2 0.00000000E+00-5.72574541E-02 0.00000000E+00 0.00000000E+00 1.12041628E-01
 8  3 0.00000000E+00 0.00000000E+00 1.19522022E-03 2.94272701E-02-2.83646108E-02
 8  4-1.06265926E-03 0.00000000E+00 0.00000000E+00 0.00000000E+00-1.23989736E-01
 8  5 2.45136526E-01 2.95141129E-01 8.86675018E-02 0.00000000E+00-5.76602397E-02
 8  6 4.06508893E-02 0.00000000E+00-2.55626340E-02 7.72930484E-03-5.70566837E-03
 8  7-2.02363647E-03 0.00000000E+00-1.18747099E-02 0.00000000E+00-1.23989736E-01
 8  8 2.45136526E-01 2.95141129E-01-8.86675018E-02 0.00000000E+00-5.76602397E-02
 8  9-4.06508893E-02 0.00000000E+00-2.55626340E-02 7.72930484E-03-5.70566837E-03
 8 10-2.02363647E-03 0.00000000E+00 1.18747099E-02 0.00000000E+00
 9  1 0.00000000E+00 0.00000000E+00 0.00000000E+00 0.00000000E+00 1.02870422E-01
 9  2 0.00000000E+00 0.00000000E+00-2.05254827E-01 0.00000000E+00 0.00000000E+00
 9  3-3.01410102E-02 0.00000000E+00 0.00000000E+00 0.00000000E+00 0.00000000E+00
 9  4 0.00000000E+00 0.00000000E+00-6.52590795E-02 0.00000000E+00-1.48845561E-01
 9  5 3.02336613E-01 3.64295901E-01 7.19807397E-02 0.00000000E+00-5.91303663E-02
 9  6 2.92332305E-02 0.00000000E+00-2.59356665E-02 2.17397350E-03-2.15487353E-03
 9  7-1.90999679E-05 0.00000000E+00-8.34133906E-03 0.00000000E+00 1.48845561E-01
 9  8-3.02336613E-01-3.64295901E-01 7.19807397E-02 0.00000000E+00 5.91303663E-02
 9  9 2.92332305E-02 0.00000000E+00 2.59356665E-02-2.17397350E-03 2.15487353E-03
 9 10 1.90999679E-05 0.00000000E+00-8.34133906E-03 0.00000000E+00
10  1 7.01638673E-02-1.96359978E-01 4.45759623E-01 4.17791770E-01 0.00000000E+00
10  2 0.00000000E+00 4.43411586E-02 0.00000000E+00 0.00000000E+00-8.95682272E-02
10  3 0.00000000E+00 0.00000000E+00-6.64973294E-02-1.04500152E-02 1.70805509E-02
10  4-6.63053576E-03 0.00000000E+00 0.00000000E+00 0.00000000E+00 9.97247205E-02
10  5-2.06208668E-01-3.19557916E-01 9.22241865E-02 0.00000000E+00-8.12010489E-02
10  6 4.20868462E-02 0.00000000E+00-3.40078144E-02 3.12270952E-03-5.19092421E-03
10  7 2.06821469E-03 0.00000000E+00-6.92805908E-03 0.00000000E+00 9.97247205E-02
10  8-2.06208668E-01-3.19557916E-01-9.22241865E-02 0.00000000E+00-8.12010489E-02
10  9-4.20868462E-02 0.00000000E+00-3.40078144E-02 3.12270952E-03-5.19092421E-03
10 10 2.06821469E-03 0.00000000E+00 6.92805908E-03 0.00000000E+00
11  1 0.00000000E+00 0.00000000E+00 0.00000000E+00 0.00000000E+00-1.78541634E-01
11  2 0.00000000E+00 0.00000000E+00 4.24678219E-01 0.00000000E+00 0.00000000E+00
11  3 1.13099184E-01 0.00000000E+00 0.00000000E+00 0.00000000E+00 0.00000000E+00
11  4 0.00000000E+00 0.00000000E+00 4.36290875E-02 0.00000000E+00-6.24333946E-02
11  5 1.24448638E-01 2.38070018E-01-2.42670678E-01 0.00000000E+00 2.65884801E-01
11  6-1.38128716E-01 0.00000000E+00 1.56186983E-01-1.10736680E-03 7.53644471E-03
11  7-6.42907791E-03 0.00000000E+00 1.24882595E-02 0.00000000E+00 6.24333946E-02
11  8-1.24448638E-01-2.38070018E-01-2.42670678E-01 0.00000000E+00-2.65884801E-01
11  9-1.38128716E-01 0.00000000E+00-1.56186983E-01 1.10736680E-03-7.53644471E-03
11 10 6.42907791E-03 0.00000000E+00 1.24882595E-02 0.00000000E+00
12  1-8.18236463E-03 4.88327713E-02-1.75125553E-02-2.46645149E-01 0.00000000E+00
12  2 0.00000000E+00-2.02487710E-01 0.00000000E+00 0.00000000E+00 4.75298564E-01
12  3 0.00000000E+00 0.00000000E+00 2.09147417E-01-2.73530043E-02-1.96209288E-02
12  4 4.69739331E-02 0.00000000E+00 0.00000000E+00 0.00000000E+00 3.39837168E-02
12  5-6.88021789E-02-1.23412298E-01 3.08161638E-01 0.00000000E+00 4.95957774E-02
12  6 1.96127812E-01 0.00000000E+00 2.98295100E-02 1.78286662E-02-5.87628737E-03
12  7-1.19523788E-02 0.00000000E+00-2.89317353E-03 0.00000000E+00 3.39837168E-02
12  8-6.88021789E-02-1.23412298E-01-3.08161638E-01 0.00000000E+00 4.95957774E-02
12  9-1.96127812E-01 0.00000000E+00 2.98295100E-02 1.78286662E-02-5.87628737E-03
12 10-1.19523788E-02 0.00000000E+00 2.89317353E-03 0.00000000E+00
13  1 0.00000000E+00 0.00000000E+00 0.00000000E+00 0.00000000E+00 0.00000000E+00
13  2-2.09238762E-01 0.00000000E+00 0.00000000E+00 4.91689833E-01 0.00000000E+00
13  3 0.00000000E+00 2.89292449E-01 0.00000000E+00 0.00000000E+00 0.00000000E+00
13  4 0.00000000E+00 0.00000000E+00 0.00000000E+00 4.44726262E-02 0.00000000E+00
13  5 0.00000000E+00 0.00000000E+00 0.00000000E+00 2.91357031E-01 0.00000000E+00
13  6 0.00000000E+00 1.75469528E-01 0.00000000E+00 0.00000000E+00 0.00000000E+00
13  7 0.00000000E+00 1.64245309E-02 0.00000000E+00-1.11406690E-02 0.00000000E+00
13  8 0.00000000E+00 0.00000000E+00 0.00000000E+00 2.91357031E-01 0.00000000E+00
13  9 0.00000000E+00 1.75469528E-01 0.00000000E+00 0.00000000E+00 0.00000000E+00
13 10 0.00000000E+00-1.64245309E-02 0.00000000E+00-1.11406690E-02
14  1 0.00000000E+00 0.00000000E+00 0.00000000E+00 0.00000000E+00 0.00000000E+00
14  2 0.00000000E+00 0.00000000E+00 0.00000000E+00 0.00000000E+00 0.00000000E+00
14  3 0.00000000E+00 0.00000000E+00 0.00000000E+00 0.00000000E+00 0.00000000E+00
14  4 0.00000000E+00-1.02776123E-01 0.00000000E+00 0.00000000E+00 0.00000000E+00
14  5 0.00000000E+00 0.00000000E+00 0.00000000E+00 4.69731799E-01 0.00000000E+00
14  6 0.00000000E+00 3.34981311E-01 0.00000000E+00 0.00000000E+00 0.00000000E+00
14  7 0.00000000E+00 1.44851165E-02 0.00000000E+00-1.18832572E-02 0.00000000E+00
14  8 0.00000000E+00 0.00000000E+00 0.00000000E+00-4.69731799E-01 0.00000000E+00
14  9 0.00000000E+00-3.34981311E-01 0.00000000E+00 0.00000000E+00 0.00000000E+00
14 10 0.00000000E+00 1.44851165E-02 0.00000000E+00 1.18832572E-02
15  1 1.51580215E-02-7.25952680E-02 5.99897821E-02 3.69019860E-01 0.00000000E+00
15  2 0.00000000E+00 8.09152670E-02 0.00000000E+00 0.00000000E+00-1.95595858E-01
15  3 0.00000000E+00 0.00000000E+00-5.75846764E-02-1.23720278E-01 4.31718074E-02
15  4 8.05484702E-02 0.00000000E+00 0.00000000E+00 0.00000000E+00-2.54006725E-03
15  5 5.68320227E-03-2.07859267E-02 1.84682352E-02 0.00000000E+00 4.46765764E-01
15  6 1.31710563E-02 0.00000000E+00 3.29850112E-01 6.73325965E-03 3.97278661E-03
15  7-1.07060463E-02 0.00000000E+00 1.09968228E-02 0.00000000E+00-2.54006725E-03
15  8 5.68320227E-03-2.07859267E-02-1.84682352E-02 0.00000000E+00 4.46765764E-01
15  9-1.31710563E-02 0.00000000E+00 3.29850112E-01 6.73325965E-03 3.97278661E-03
15 10-1.07060463E-02 0.00000000E+00-1.09968228E-02 0.00000000E+00
16  1 0.00000000E+00 0.00000000E+00 0.00000000E+00 0.00000000E+00-1.43335222E-02
16  2 0.00000000E+00 0.00000000E+00 2.67529563E-02 0.00000000E+00 0.00000000E+00
16  3 1.41887862E-01 0.00000000E+00 0.00000000E+00 0.00000000E+00 0.00000000E+00
16  4 0.00000000E+00 0.00000000E+00-9.09718098E-02 0.00000000E+00-2.35299051E-03
16  5 3.75157378E-03 4.40846717E-02 3.82235270E-01 0.00000000E+00 2.86394203E-01
16  6 2.64065948E-01 0.00000000E+00 1.93881686E-01 1.49551466E-02-1.73591843E-04
16  7-1.47815548E-02 0.00000000E+00 2.20205531E-03 0.00000000E+00 2.35299051E-03
16  8-3.75157378E-03-4.40846717E-02 3.82235270E-01 0.00000000E+00-2.86394203E-01
16  9 2.64065948E-01 0.00000000E+00-1.93881686E-01-1.49551466E-02 1.73591843E-04
16 10 1.47815548E-02 0.00000000E+00 2.20205531E-03 0.00000000E+00
17  1 0.00000000E+00 0.00000000E+00 0.00000000E+00 0.00000000E+00 0.00000000E+00
17  2-2.04130360E-01 0.00000000E+00 0.00000000E+00 5.13184901E-01 0.00000000E+00
17  3 0.00000000E+00 4.23789727E-01 0.00000000E+00 0.00000000E+00 0.00000000E+00
17  4 0.00000000E+00 0.00000000E+00 0.00000000E+00-6.55865908E-02 0.00000000E+00
17  5 0.00000000E+00 0.00000000E+00 0.00000000E+00-3.89301188E-01 0.00000000E+00
17  6 0.00000000E+00-3.17753858E-01 0.00000000E+00 0.00000000E+00 0.00000000E+00
17  7 0.00000000E+00-3.07141402E-03 0.00000000E+00 9.11318044E-04 0.00000000E+00
17  8 0.00000000E+00 0.00000000E+00 0.00000000E+00-3.89301188E-01 0.00000000E+00
17  9 0.00000000E+00-3.17753858E-01 0.00000000E+00 0.00000000E+00 0.00000000E+00
17 10 0.00000000E+00 3.07141402E-03 0.00000000E+00 9.11318044E-04
18  1 0.00000000E+00 0.00000000E+00 0.00000000E+00 0.00000000E+00-1.93603945E-01
18  2 0.00000000E+00 0.00000000E+00 4.93402460E-01 0.00000000E+00 0.00000000E+00
18  3 8.95311751E-01 0.00000000E+00 0.00000000E+00 0.00000000E+00 0.00000000E+00
18  4 0.00000000E+00 0.00000000E+00-2.00044799E-01 0.00000000E+00-4.30513736E-02
18  5 7.20475837E-02 4.13571054E-01 9.55238806E-02 0.00000000E+00-3.07384952E-01
18  6 1.20670378E-01 0.00000000E+00-3.01236267E-01 3.26749150E-03 2.03700259E-03
18  7-5.30449409E-03 0.00000000E+00 1.24113976E-03 0.00000000E+00 4.30513736E-02
18  8-7.20475837E-02-4.13571054E-01 9.55238806E-02 0.00000000E+00 3.07384952E-01
18  9 1.20670378E-01 0.00000000E+00 3.01236267E-01-3.26749150E-03-2.03700259E-03
18 10 5.30449409E-03 0.00000000E+00 1.24113976E-03 0.00000000E+00
19  1 3.06674655E-02-1.11738026E-01 1.78815114E-01 7.04067481E-01 0.00000000E+00
19  2 0.00000000E+00-1.72543799E-01 0.00000000E+00 0.00000000E+00 4.50321908E-01
19  3 0.00000000E+00 0.00000000E+00 7.54820846E-01-1.11880708E-01 1.75480086E-01
19  4-6.35993778E-02 0.00000000E+00 0.00000000E+00 0.00000000E+00 4.81923359E-02
19  5-8.59665016E-02-4.14877568E-01-3.63273986E-01 0.00000000E+00 5.26041864E-02
19  6-3.97817972E-01 0.00000000E+00 5.42402420E-02 2.27658396E-03 4.14157896E-03
19  7-6.41816292E-03 0.00000000E+00 1.95354830E-03 0.00000000E+00 4.81923359E-02
19  8-8.59665016E-02-4.14877568E-01 3.63273986E-01 0.00000000E+00 5.26041864E-02
19  9 3.97817972E-01 0.00000000E+00 5.42402420E-02 2.27658396E-03 4.14157896E-03
19 10-6.41816292E-03 0.00000000E+00-1.95354830E-03 0.00000000E+00
20  1-3.51157363E-03-5.77783629E-02-1.07109084E-01 4.53230721E-01 0.00000000E+00
20  2 0.00000000E+00 2.78952943E-01 0.00000000E+00 0.00000000E+00-1.05654581E+00
20  3 0.00000000E+00 0.00000000E+00 1.38616399E+00 2.02926635E-01 4.00784867E-02
20  4-2.43005121E-01 0.00000000E+00 0.00000000E+00 0.00000000E+00 1.19830628E-02
20  5 3.14583600E-02-4.05411957E-01 1.61767461E-01 0.00000000E+00-6.98143464E-02
20  6-1.96068528E-01 0.00000000E+00-2.31062159E-02-4.08085814E-02 1.93641544E-02
20  7 2.14444270E-02 0.00000000E+00 1.26090138E-02 0.00000000E+00 1.19830628E-02
20  8 3.14583600E-02-4.05411957E-01-1.61767461E-01 0.00000000E+00-6.98143464E-02
20  9 1.96068528E-01 0.00000000E+00-2.31062159E-02-4.08085814E-02 1.93641544E-02
20 10 2.14444270E-02 0.00000000E+00-1.26090138E-02 0.00000000E+00
21  1 0.00000000E+00 0.00000000E+00 0.00000000E+00 0.00000000E+00 0.00000000E+00
21  2 2.85516909E-01 0.00000000E+00 0.00000000E+00-1.10612605E+00 0.00000000E+00
21  3 0.00000000E+00 1.23600046E+00 0.00000000E+00 0.00000000E+00 0.00000000E+00
21  4 0.00000000E+00 0.00000000E+00 0.00000000E+00-2.32449847E-01 0.00000000E+00
21  5 0.00000000E+00 0.00000000E+00 0.00000000E+00-2.98734590E-02 0.00000000E+00
21  6 0.00000000E+00-1.20955692E-01 0.00000000E+00 0.00000000E+00 0.00000000E+00
21  7 0.00000000E+00-2.47736995E-02 0.00000000E+00 1.14031751E-02 0.00000000E+00
21  8 0.00000000E+00 0.00000000E+00 0.00000000E+00-2.98734590E-02 0.00000000E+00
21  9 0.00000000E+00-1.20955692E-01 0.00000000E+00 0.00000000E+00 0.00000000E+00
21 10 0.00000000E+00 2.47736995E-02 0.00000000E+00 1.14031751E-02
22  1 0.00000000E+00 0.00000000E+00 0.00000000E+00 0.00000000E+00 2.92990623E-01
22  2 0.00000000E+00 0.00000000E+00-1.10019019E+00 0.00000000E+00 0.00000000E+00
22  3 1.48891362E+00 0.00000000E+00 0.00000000E+00 0.00000000E+00 0.00000000E+00
22  4 0.00000000E+00 0.00000000E+00 1.09777856E-01 0.00000000E+00-1.09195946E-02
22  5-3.79853971E-02 4.80252446E-01-2.30849485E-01 0.00000000E+00 9.10731088E-02
22  6 5.17035813E-02 0.00000000E+00-1.32352509E-01 1.28653060E-02-2.30495277E-02
22  7 1.01842217E-02 0.00000000E+00-4.09757842E-02 0.00000000E+00 1.09195946E-02
22  8 3.79853971E-02-4.80252446E-01-2.30849485E-01 0.00000000E+00-9.10731088E-02
22  9 5.17035813E-02 0.00000000E+00 1.32352509E-01-1.28653060E-02 2.30495277E-02
22 10-1.01842217E-02 0.00000000E+00-4.09757842E-02 0.00000000E+00
23  1-1.12631915E-01-4.07895620E-01-1.73837800E+00 2.20830163E+00 0.00000000E+00
23  2 0.00000000E+00-2.98689660E-02 0.00000000E+00 0.00000000E+00 1.18466546E-01
23  3 0.00000000E+00 0.00000000E+00 1.87530313E-01-1.66315709E-01 2.43053935E-01
23  4-7.67382259E-02 0.00000000E+00 0.00000000E+00 0.00000000E+00 1.80479364E-02
23  5-3.95820331E-02-3.42503721E-01 8.90251255E-02 0.00000000E+00-1.13286060E-01
23  6-1.69746712E-01 0.00000000E+00 9.91121225E-02-2.32354072E-02 3.22459712E-02
23  7-9.01056400E-03 0.00000000E+00 4.14745379E-02 0.00000000E+00 1.80479364E-02
23  8-3.95820331E-02-3.42503721E-01-8.90251255E-02 0.00000000E+00-1.13286060E-01
23  9 1.69746712E-01 0.00000000E+00 9.91121225E-02-2.32354072E-02 3.22459712E-02
23 10-9.01056400E-03 0.00000000E+00-4.14745379E-02 0.00000000E+00
24  1 0.00000000E+00 0.00000000E+00 0.00000000E+00 0.00000000E+00 0.00000000E+00
24  2 0.00000000E+00 0.00000000E+00 0.00000000E+00 0.00000000E+00 0.00000000E+00
24  3 0.00000000E+00 0.00000000E+00 0.00000000E+00 0.00000000E+00 0.00000000E+00
24  4 0.00000000E+00 8.94093342E-01 0.00000000E+00 0.00000000E+00 0.00000000E+00
24  5 0.00000000E+00 0.00000000E+00 0.00000000E+00 3.16635143E-01 0.00000000E+00
24  6 0.00000000E+00-1.13592398E-01 0.00000000E+00 0.00000000E+00 0.00000000E+00
24  7 0.00000000E+00-3.69605390E-02 0.00000000E+00 4.37289327E-02 0.00000000E+00
24  8 0.00000000E+00 0.00000000E+00 0.00000000E+00-3.16635143E-01 0.00000000E+00
24  9 0.00000000E+00 1.13592398E-01 0.00000000E+00 0.00000000E+00 0.00000000E+00
24 10 0.00000000E+00-3.69605390E-02 0.00000000E+00-4.37289327E-02
25  1 0.00000000E+00 0.00000000E+00 0.00000000E+00 0.00000000E+00 0.00000000E+00
25  2 6.86779267E-02 0.00000000E+00 0.00000000E+00-2.73266363E-01 0.00000000E+00
25  3 0.00000000E+00 2.54641050E-01 0.00000000E+00 0.00000000E+00 0.00000000E+00
25  4 0.00000000E+00 0.00000000E+00 0.00000000E+00 8.94003039E-01 0.00000000E+00
25  5 0.00000000E+00 0.00000000E+00 0.00000000E+00-2.77872887E-01 0.00000000E+00
25  6 0.00000000E+00 1.01068685E-01 0.00000000E+00 0.00000000E+00 0.00000000E+00
25  7 0.00000000E+00 3.98146786E-02 0.00000000E+00-2.50485170E-03 0.00000000E+00
25  8 0.00000000E+00 0.00000000E+00 0.00000000E+00-2.77872887E-01 0.00000000E+00
25  9 0.00000000E+00 1.01068685E-01 0.00000000E+00 0.00000000E+00 0.00000000E+00
25 10 0.00000000E+00-3.98146786E-02 0.00000000E+00-2.50485170E-03
26  1-4.64629604E-03-2.92329920E-02-8.73048480E-02 1.72130734E-01 0.00000000E+00
26  2 0.00000000E+00 7.58140618E-02 0.00000000E+00 0.00000000E+00-3.01788087E-01
26  3 0.00000000E+00 0.00000000E+00 3.39244885E-01-4.03921965E-01-4.11505638E-01
26  4 8.15427603E-01 0.00000000E+00 0.00000000E+00 0.00000000E+00 4.50967949E-03
26  5-2.16787428E-02-7.57113994E-02-1.76302813E-01 0.00000000E+00-3.26295340E-01
26  6 5.26569023E-02 0.00000000E+00 1.29850869E-01 3.69108518E-02-5.35033046E-03
26  7-3.15605213E-02 0.00000000E+00 3.44624526E-02 0.00000000E+00 4.50967949E-03
26  8-2.16787428E-02-7.57113994E-02 1.76302813E-01 0.00000000E+00-3.26295340E-01
26  9-5.26569023E-02 0.00000000E+00 1.29850869E-01 3.69108518E-02-5.35033046E-03
26 10-3.15605213E-02 0.00000000E+00-3.44624526E-02 0.00000000E+00
27  1-1.43095755E-02-1.56420297E-01-3.44272738E-01 1.48097014E+00 0.00000000E+00
27  2 0.00000000E+00-8.24888334E-02 0.00000000E+00 0.00000000E+00 3.71900405E-01
27  3 0.00000000E+00 0.00000000E+00 4.00699988E-01 6.68574595E-01-7.89340018E-01
27  4 1.20765423E-01 0.00000000E+00 0.00000000E+00 0.00000000E+00 6.32762880E-02
27  5-2.32291777E-01-4.15667179E-01 2.14289051E-01 0.00000000E+00-4.55190023E-03
27  6-7.50190105E-01 0.00000000E+00 3.74904947E-01-8.80098974E-03-1.38159517E-02
27  7 2.26169414E-02 0.00000000E+00-1.49755394E-03 0.00000000E+00 6.32762880E-02
27  8-2.32291777E-01-4.15667179E-01-2.14289051E-01 0.00000000E+00-4.55190023E-03
27  9 7.50190105E-01 0.00000000E+00 3.74904947E-01-8.80098974E-03-1.38159517E-02
27 10 2.26169414E-02 0.00000000E+00 1.49755394E-03 0.00000000E+00
28  1 0.00000000E+00 0.00000000E+00 0.00000000E+00 0.00000000E+00-1.03989709E-01
28  2 0.00000000E+00 0.00000000E+00 5.14926032E-01 0.00000000E+00 0.00000000E+00
28  3 4.44976989E-01 0.00000000E+00 0.00000000E+00 0.00000000E+00 0.00000000E+00
28  4 0.00000000E+00 0.00000000E+00 7.84242693E-01 0.00000000E+00-6.20772517E-02
28  5 2.27371133E-01 3.11120212E-01-1.51700172E-01 0.00000000E+00 2.00644693E-01
28  6 7.00239532E-01 0.00000000E+00-5.81207600E-01-2.64642851E-02 9.58945002E-03
28  7 1.68748351E-02 0.00000000E+00 1.99141113E-02 0.00000000E+00 6.20772517E-02
28  8-2.27371133E-01-3.11120212E-01-1.51700172E-01 0.00000000E+00-2.00644693E-01
28  9 7.00239532E-01 0.00000000E+00 5.81207600E-01 2.64642851E-02-9.58945002E-03
28 10-1.68748351E-02 0.00000000E+00 1.99141113E-02 0.00000000E+00
29  1-6.37059909E-03-3.23795083E-02-1.14734895E-01 2.65967158E-02 0.00000000E+00
29  2 0.00000000E+00-2.52046499E-02 0.00000000E+00 0.00000000E+00 8.18633723E-02
29  3 0.00000000E+00 0.00000000E+00-4.54209437E-01 5.84224025E-01-9.38112772E-02
29  4-4.90412748E-01 0.00000000E+00 0.00000000E+00 0.00000000E+00 3.08465281E-03
29  5-1.31236539E-02 5.22709299E-02-4.19783317E-01 0.00000000E+00-3.01888307E-01
29  6 5.31900599E-01 0.00000000E+00 5.54735505E-01-5.02885218E-02-9.63941125E-03
29  7 5.99279330E-02 0.00000000E+00-2.02246503E-02 0.00000000E+00 3.08465281E-03
29  8-1.31236539E-02 5.22709299E-02 4.19783317E-01 0.00000000E+00-3.01888307E-01
29  9-5.31900599E-01 0.00000000E+00 5.54735505E-01-5.02885218E-02-9.63941125E-03
29 10 5.99279330E-02 0.00000000E+00 2.02246503E-02 0.00000000E+00
30  1 0.00000000E+00 0.00000000E+00 0.00000000E+00 0.00000000E+00 0.00000000E+00
30  2 0.00000000E+00 0.00000000E+00 0.00000000E+00 0.00000000E+00 0.00000000E+00
30  3 0.00000000E+00 0.00000000E+00 0.00000000E+00 0.00000000E+00 0.00000000E+00
30  4 0.00000000E+00 4.65534599E-01 0.00000000E+00 0.00000000E+00 0.00000000E+00
30  5 0.00000000E+00 0.00000000E+00 0.00000000E+00-5.71954704E-01 0.00000000E+00
30  6 0.00000000E+00 7.78514000E-01 0.00000000E+00 0.00000000E+00 0.00000000E+00
30  7 0.00000000E+00-4.17404406E-02 0.00000000E+00 3.46957752E-02 0.00000000E+00
30  8 0.00000000E+00 0.00000000E+00 0.00000000E+00 5.71954704E-01 0.00000000E+00
30  9 0.00000000E+00-7.78514000E-01 0.00000000E+00 0.00000000E+00 0.00000000E+00
30 10 0.00000000E+00-4.17404406E-02 0.00000000E+00-3.46957752E-02
31  1 0.00000000E+00 0.00000000E+00 0.00000000E+00 0.00000000E+00 0.00000000E+00
31  2-2.64840615E-02 0.00000000E+00 0.00000000E+00 1.25454117E-01 0.00000000E+00
31  3 0.00000000E+00-6.39465817E-01 0.00000000E+00 0.00000000E+00 0.00000000E+00
31  4 0.00000000E+00 0.00000000E+00 0.00000000E+00-4.01065036E-01 0.00000000E+00
31  5 0.00000000E+00 0.00000000E+00 0.00000000E+00-5.82827477E-01 0.00000000E+00
31  6 0.00000000E+00 8.86594919E-01 0.00000000E+00 0.00000000E+00 0.00000000E+00
31  7 0.00000000E+00-4.46062278E-02 0.00000000E+00 2.25480154E-02 0.00000000E+00
31  8 0.00000000E+00 0.00000000E+00 0.00000000E+00-5.82827477E-01 0.00000000E+00
31  9 0.00000000E+00 8.86594919E-01 0.00000000E+00 0.00000000E+00 0.00000000E+00
31 10 0.00000000E+00 4.46062278E-02 0.00000000E+00 2.25480154E-02
32  1 3.55999982E-02 1.99017967E-01 6.59281458E-01-3.26215604E-01 0.00000000E+00
32  2 0.00000000E+00-2.20756035E-02 0.00000000E+00 0.00000000E+00 2.37055178E-01
32  3 0.00000000E+00 0.00000000E+00-3.53110124E-01-2.82686708E-01 4.63579180E-01
32  4-1.80892473E-01 0.00000000E+00 0.00000000E+00 0.00000000E+00-8.20325591E-03
32  5 7.00819634E-02 8.33459706E-02 3.49378143E-01 0.00000000E+00-4.73765468E-01
32  6-3.58231747E-01 0.00000000E+00 5.84673789E-01 2.09828505E-02-1.21226487E-02
32  7-8.86020177E-03 0.00000000E+00-5.34694635E-02 0.00000000E+00-8.20325591E-03
32  8 7.00819634E-02 8.33459706E-02-3.49378143E-01 0.00000000E+00-4.73765468E-01
32  9 3.58231747E-01 0.00000000E+00 5.84673789E-01 2.09828505E-02-1.21226487E-02
32 10-8.86020177E-03 0.00000000E+00 5.34694635E-02 0.00000000E+00
33  1 0.00000000E+00 0.00000000E+00 0.00000000E+00 0.00000000E+00-1.70606533E-02
33  2 0.00000000E+00 0.00000000E+00 4.21989735E-02 0.00000000E+00 0.00000000E+00
33  3-3.15541648E-01 0.00000000E+00 0.00000000E+00 0.00000000E+00 0.00000000E+00
33  4 0.00000000E+00 0.00000000E+00 3.50355057E-01 0.00000000E+00-4.38644467E-03
33  5 1.60893151E-03-2.63031555E-02-2.03828366E-01 0.00000000E+00-5.84224601E-01
33  6 3.99804010E-01 0.00000000E+00 7.21544250E-01-4.15059205E-02 9.70683616E-03
33  7 3.17990843E-02 0.00000000E+00-6.17482055E-03 0.00000000E+00 4.38644467E-03
33  8-1.60893151E-03 2.63031555E-02-2.03828366E-01 0.00000000E+00 5.84224601E-01
33  9 3.99804010E-01 0.00000000E+00-7.21544250E-01 4.15059205E-02-9.70683616E-03
33 10-3.17990843E-02 0.00000000E+00-6.17482055E-03 0.00000000E+00
34  1 0.00000000E+00 0.00000000E+00 0.00000000E+00 0.00000000E+00 1.10063582E-02
34  2 0.00000000E+00 0.00000000E+00-2.36794891E-01 0.00000000E+00 0.00000000E+00
34  3 5.96604524E-01 0.00000000E+00 0.00000000E+00 0.00000000E+00 0.00000000E+00
34  4 0.00000000E+00 0.00000000E+00 7.05869755E-01 0.00000000E+00-2.19836333E-02
34  5 4.04483341E-02 2.96248077E-01 5.90126672E-01 0.00000000E+00-1.46225215E-01
34  6-5.43284582E-01 0.00000000E+00-1.26697019E-03 5.10185571E-03-2.74068848E-02
34  7 2.23050291E-02 0.00000000E+00-1.72327968E-03 0.00000000E+00 2.19836333E-02
34  8-4.04483341E-02-2.96248077E-01 5.90126672E-01 0.00000000E+00 1.46225215E-01
34  9-5.43284582E-01 0.00000000E+00 1.26697019E-03-5.10185571E-03 2.74068848E-02
34 10-2.23050291E-02 0.00000000E+00-1.72327968E-03 0.00000000E+00
35  1 0.00000000E+00 0.00000000E+00 0.00000000E+00 0.00000000E+00-2.70723878E-02
35  2 0.00000000E+00 0.00000000E+00 2.16055605E-01 0.00000000E+00 0.00000000E+00
35  3 9.81240118E-01 0.00000000E+00 0.00000000E+00 0.00000000E+00 0.00000000E+00
35  4 0.00000000E+00 0.00000000E+00 3.33091401E-01 0.00000000E+00 1.04230319E-02
35  5-1.17591336E+00 1.71878603E+00-2.81504480E-02 0.00000000E+00 6.42041629E-02
35  6 3.55543433E-01 0.00000000E+00-4.21080298E-01-7.98944634E-02 1.05353391E-01
35  7-2.54589277E-02 0.00000000E+00 1.55147191E-01 0.00000000E+00-1.04230319E-02
35  8 1.17591336E+00-1.71878603E+00-2.81504480E-02 0.00000000E+00-6.42041629E-02
35  9 3.55543433E-01 0.00000000E+00 4.21080298E-01 7.98944634E-02-1.05353391E-01
35 10 2.54589277E-02 0.00000000E+00 1.55147191E-01 0.00000000E+00
36  1-2.93547730E-02-2.88646255E-01-6.68061878E-01 2.20635003E+00 0.00000000E+00
36  2 0.00000000E+00-2.19224321E-02 0.00000000E+00 0.00000000E+00 1.51052835E-01
36  3 0.00000000E+00 0.00000000E+00 9.60875107E-01 2.81877158E-01-3.43821024E-01
36  4 6.19438653E-02 0.00000000E+00 0.00000000E+00 0.00000000E+00 2.59738456E-03
36  5 1.18777438E+00-1.98571100E+00 3.06684653E-02 0.00000000E+00 1.64404210E-02
36  6-6.25956733E-01 0.00000000E+00 2.33230703E-01 1.57381445E-01-1.03190257E-01
36  7-5.41911881E-02 0.00000000E+00-1.66453868E-01 0.00000000E+00 2.59738456E-03
36  8 1.18777438E+00-1.98571100E+00-3.06684653E-02 0.00000000E+00 1.64404210E-02
36  9 6.25956733E-01 0.00000000E+00 2.33230703E-01 1.57381445E-01-1.03190257E-01
36 10-5.41911881E-02 0.00000000E+00 1.66453868E-01 0.00000000E+00
37  1 0.00000000E+00 0.00000000E+00 0.00000000E+00 0.00000000E+00 0.00000000E+00
37  2 0.00000000E+00 0.00000000E+00 0.00000000E+00 0.00000000E+00 0.00000000E+00
37  3 0.00000000E+00 0.00000000E+00 0.00000000E+00 0.00000000E+00 0.00000000E+00
37  4 0.00000000E+00 2.98184437E-02 0.00000000E+00 0.00000000E+00 0.00000000E+00
37  5 0.00000000E+00 0.00000000E+00 0.00000000E+00-1.29403360E-02 0.00000000E+00
37  6 0.00000000E+00 1.98698740E-02 0.00000000E+00 0.00000000E+00 0.00000000E+00
37  7 0.00000000E+00 5.27397033E-01 0.00000000E+00 4.71343840E-01 0.00000000E+00
37  8 0.00000000E+00 0.00000000E+00 0.00000000E+00 1.29403360E-02 0.00000000E+00
37  9 0.00000000E+00-1.98698740E-02 0.00000000E+00 0.00000000E+00 0.00000000E+00
37 10 0.00000000E+00 5.27397033E-01 0.00000000E+00-4.71343840E-01
38  1 0.00000000E+00 0.00000000E+00 0.00000000E+00 0.00000000E+00 0.00000000E+00
38  2-1.08090193E-02 0.00000000E+00 0.00000000E+00 3.02108725E-02 0.00000000E+00
38  3 0.00000000E+00 3.51972122E-02 0.00000000E+00 0.00000000E+00 0.00000000E+00
38  4 0.00000000E+00 0.00000000E+00 0.00000000E+00-3.17145904E-03 0.00000000E+00
38  5 0.00000000E+00 0.00000000E+00 0.00000000E+00 1.78616673E-02 0.00000000E+00
38  6 0.00000000E+00-3.06916374E-02 0.00000000E+00 0.00000000E+00 0.00000000E+00
38  7 0.00000000E+00 2.41060114E-01 0.00000000E+00 6.65258998E-01 0.00000000E+00
38  8 0.00000000E+00 0.00000000E+00 0.00000000E+00 1.78616673E-02 0.00000000E+00
38  9 0.00000000E+00-3.06916374E-02 0.00000000E+00 0.00000000E+00 0.00000000E+00
38 10 0.00000000E+00-2.41060114E-01 0.00000000E+00 6.65258998E-01
39  1 0.00000000E+00 0.00000000E+00 0.00000000E+00 0.00000000E+00-4.77760054E-03
39  2 0.00000000E+00 0.00000000E+00-2.34726944E-03 0.00000000E+00 0.00000000E+00
39  3 6.60192716E-02 0.00000000E+00 0.00000000E+00 0.00000000E+00 0.00000000E+00
39  4 0.00000000E+00 0.00000000E+00-2.04019365E-02 0.00000000E+00-2.81036610E-04
39  5 6.33613337E-03 1.01241234E-02 3.75175997E-02 0.00000000E+00 2.28626583E-02
39  6-5.98764154E-02 0.00000000E+00-3.88506766E-02-4.28469910E-01 5.66508783E-01
39  7-1.38038873E-01 0.00000000E+00-3.89541191E-01 0.00000000E+00 2.81036610E-04
39  8-6.33613337E-03-1.01241234E-02 3.75175997E-02 0.00000000E+00-2.28626583E-02
39  9-5.98764154E-02 0.00000000E+00 3.88506766E-02 4.28469910E-01-5.66508783E-01
39 10 1.38038873E-01 0.00000000E+00-3.89541191E-01 0.00000000E+00
40  1-3.58117602E-04 9.72457761E-04-3.88114498E-03-4.00984404E-02 0.00000000E+00
40  2 0.00000000E+00 1.40514969E-03 0.00000000E+00 0.00000000E+00-1.07405099E-02
40  3 0.00000000E+00 0.00000000E+00-2.36369342E-02 3.05159382E-02-7.12639567E-02
40  4 4.07480185E-02 0.00000000E+00 0.00000000E+00 0.00000000E+00 1.48083134E-03
40  5-3.85740065E-02 4.53931677E-02-2.24258148E-02 0.00000000E+00 3.01389157E-03
40  6 3.49594189E-02 0.00000000E+00-2.41999682E-03-1.96665504E-01 6.10002625E-01
40  7-4.13337121E-01 0.00000000E+00-3.34736595E-01 0.00000000E+00 1.48083134E-03
40  8-3.85740065E-02 4.53931677E-02 2.24258148E-02 0.00000000E+00 3.01389157E-03
40  9-3.49594189E-02 0.00000000E+00-2.41999682E-03-1.96665504E-01 6.10002625E-01
40 10-4.13337121E-01 0.00000000E+00 3.34736595E-01 0.00000000E+00
41  1 0.00000000E+00 0.00000000E+00 0.00000000E+00 0.00000000E+00-2.78305917E-02
41  2 0.00000000E+00 0.00000000E+00 9.61892177E-02 0.00000000E+00 0.00000000E+00
41  3 1.32352514E-01 0.00000000E+00 0.00000000E+00 0.00000000E+00 0.00000000E+00
41  4 0.00000000E+00 0.00000000E+00-1.11325416E-01 0.00000000E+00 3.71363289E-04
41  5-9.11862626E-02 1.42002985E-01 1.29496319E-02 0.00000000E+00 5.51440758E-02
41  6-1.22842338E-02 0.00000000E+00-9.90472395E-02-4.38321234E-01-2.57394757E-01
41  7 6.95715991E-01 0.00000000E+00-9.98657816E-02 0.00000000E+00-3.71363289E-04
41  8 9.11862626E-02-1.42002985E-01 1.29496319E-02 0.00000000E+00-5.51440758E-02
41  9-1.22842338E-02 0.00000000E+00 9.90472395E-02 4.38321234E-01 2.57394757E-01
41 10-6.95715991E-01 0.00000000E+00-9.98657816E-02 0.00000000E+00
42  1 0.00000000E+00 0.00000000E+00 0.00000000E+00 0.00000000E+00 0.00000000E+00
42  2 3.88780328E-02 0.00000000E+00 0.00000000E+00-1.04521742E-01 0.00000000E+00
42  3 0.00000000E+00-1.62150783E-01 0.00000000E+00 0.00000000E+00 0.00000000E+00
42  4 0.00000000E+00 0.00000000E+00 0.00000000E+00-2.68708551E-01 0.00000000E+00
42  5 0.00000000E+00 0.00000000E+00 0.00000000E+00-5.78331797E-02 0.00000000E+00
42  6 0.00000000E+00 1.42699024E-01 0.00000000E+00 0.00000000E+00 0.00000000E+00
42  7 0.00000000E+00 6.76927398E-01 0.00000000E+00-2.50663669E-01 0.00000000E+00
42  8 0.00000000E+00 0.00000000E+00 0.00000000E+00-5.78331797E-02 0.00000000E+00
42  9 0.00000000E+00 1.42699024E-01 0.00000000E+00 0.00000000E+00 0.00000000E+00
42 10 0.00000000E+00-6.76927398E-01 0.00000000E+00-2.50663669E-01
43  1 0.00000000E+00 0.00000000E+00 0.00000000E+00 0.00000000E+00 0.00000000E+00
43  2 0.00000000E+00 0.00000000E+00 0.00000000E+00 0.00000000E+00 0.00000000E+00
43  3 0.00000000E+00 0.00000000E+00 0.00000000E+00 0.00000000E+00 0.00000000E+00
43  4 0.00000000E+00-3.50877818E-01 0.00000000E+00 0.00000000E+00 0.00000000E+00
43  5 0.00000000E+00 0.00000000E+00 0.00000000E+00 4.18874646E-02 0.00000000E+00
43  6 0.00000000E+00-1.01237881E-01 0.00000000E+00 0.00000000E+00 0.00000000E+00
43  7 0.00000000E+00-4.83361158E-01 0.00000000E+00 5.35291202E-01 0.00000000E+00
43  8 0.00000000E+00 0.00000000E+00 0.00000000E+00-4.18874646E-02 0.00000000E+00
43  9 0.00000000E+00 1.01237881E-01 0.00000000E+00 0.00000000E+00 0.00000000E+00
43 10 0.00000000E+00-4.83361158E-01 0.00000000E+00-5.35291202E-01
44  1-4.48943818E-03-4.56815325E-02-1.04623012E-01 3.24160398E-01 0.00000000E+00
44  2 0.00000000E+00-3.48730914E-02 0.00000000E+00 0.00000000E+00 1.00467065E-01
44  3 0.00000000E+00 0.00000000E+00 2.97610600E-01-3.24809250E-01-5.44552436E-02
44  4 3.79264494E-01 0.00000000E+00 0.00000000E+00 0.00000000E+00 1.81236495E-03
44  5 1.47136855E-01-2.84101588E-01 3.48213630E-02 0.00000000E+00 3.07986546E-02
44  6-1.67776427E-01 0.00000000E+00-9.67340894E-02-5.88228560E-01-4.27952706E-03
44  7 5.92508087E-01 0.00000000E+00-2.65741888E-01 0.00000000E+00 1.81236495E-03
44  8 1.47136855E-01-2.84101588E-01-3.48213630E-02 0.00000000E+00 3.07986546E-02
44  9 1.67776427E-01 0.00000000E+00-9.67340894E-02-5.88228560E-01-4.27952706E-03
44 10 5.92508087E-01 0.00000000E+00 2.65741888E-01 0.00000000E+00
45  1 2.64526173E-02-1.04363133E-01 1.91051500E-01 1.23509577E+00 0.00000000E+00
45  2 0.00000000E+00-1.23399474E-01 0.00000000E+00 0.00000000E+00 5.82123207E-01
45  3 0.00000000E+00 0.00000000E+00 3.81669646E-01 4.23740211E-01-4.33215611E-01
45  4 9.47539985E-03 0.00000000E+00 0.00000000E+00 0.00000000E+00 2.14277365E-02
45  5 6.36815042E-01-1.21176976E+00 5.02281242E-02 0.00000000E+00-3.18767377E-02
45  6-5.78889211E-01 0.00000000E+00 3.61227193E-01-3.77517985E-01 3.86272065E-01
45  7-8.75407955E-03 0.00000000E+00 6.08659431E-01 0.00000000E+00 2.14277365E-02
45  8 6.36815042E-01-1.21176976E+00-5.02281242E-02 0.00000000E+00-3.18767377E-02
45  9 5.78889211E-01 0.00000000E+00 3.61227193E-01-3.77517985E-01 3.86272065E-01
45 10-8.75407955E-03 0.00000000E+00-6.08659431E-01 0.00000000E+00
46  1 0.00000000E+00 0.00000000E+00 0.00000000E+00 0.00000000E+00-1.79142460E-01
46  2 0.00000000E+00 0.00000000E+00 8.33855295E-01 0.00000000E+00 0.00000000E+00
46  3 3.94107433E-01 0.00000000E+00 0.00000000E+00 0.00000000E+00 0.00000000E+00
46  4 0.00000000E+00 0.00000000E+00 6.75368660E-01 0.00000000E+00-2.44983571E-02
46  5-5.26275714E-01 1.02173449E+00-1.04042184E-02 0.00000000E+00 7.70413665E-03
46  6 4.96763326E-01 0.00000000E+00-3.69985976E-01 4.12010425E-01-3.74450387E-01
46  7-3.75600385E-02 0.00000000E+00-6.52264572E-01 0.00000000E+00 2.44983571E-02
46  8 5.26275714E-01-1.02173449E+00-1.04042184E-02 0.00000000E+00-7.70413665E-03
46  9 4.96763326E-01 0.00000000E+00 3.69985976E-01-4.12010425E-01 3.74450387E-01
46 10 3.75600385E-02 0.00000000E+00-6.52264572E-01 0.00000000E+00
 $END   
 POPULATION ANALYSIS
S           15.15868   0.84132  15.19818   0.80182
O            8.42066  -0.42066   8.40091  -0.40091
O            8.42066  -0.42066   8.40091  -0.40091
 MOMENTS AT POINT    1 X,Y,Z=  0.000000  0.000000  0.000000
 DIPOLE       0.000000  0.000000 -2.468084
