 $DATA  
Title                                                                           
CNV      2

S          16.0      0.0000000000      0.0000000000     -0.5143727912
   PC1     0
        
O           8.0      1.2256711090      0.0000000000      0.5140873843
   PC1     0
        
 $END      
 $ZMAT   IZMAT(1)=
         1,   3,   1,
         1,   2,   1,
         2,   2,   1,   3,
 $END
--- CLOSED SHELL ORBITALS --- GENERATED AT Thu Feb 26 00:17:53 2015
Title                                                                           
E(R-PBE)=     -548.2327190908, E(NUC)=   98.4841966485,   19 ITERS
 $VEC   
 1  1 1.00297981E+00-1.02716612E-02 1.81274117E-03-8.98857918E-04 0.00000000E+00
 1  2 0.00000000E+00 4.96058314E-05 0.00000000E+00 0.00000000E+00 7.58868643E-05
 1  3 0.00000000E+00 0.00000000E+00-7.27177194E-05 3.01737780E-05-2.79938380E-05
 1  4-2.17993996E-06 0.00000000E+00 0.00000000E+00 0.00000000E+00 5.53133716E-06
 1  5 8.73575024E-06 4.58291019E-05-1.42862919E-05 0.00000000E+00 7.51721189E-06
 1  6-4.94327894E-05 0.00000000E+00 6.66757519E-05-3.96836385E-05 5.74810807E-05
 1  7-1.77974422E-05 0.00000000E+00 9.79658165E-05 0.00000000E+00 5.53133716E-06
 1  8 8.73575024E-06 4.58291019E-05 1.42862919E-05 0.00000000E+00 7.51721189E-06
 1  9 4.94327894E-05 0.00000000E+00 6.66757519E-05-3.96836385E-05 5.74810807E-05
 1 10-1.77974422E-05 0.00000000E+00-9.79658165E-05 0.00000000E+00
 2  1-8.10390942E-05-1.06183872E-03-2.05508514E-03 1.05879596E-02 0.00000000E+00
 2  2 0.00000000E+00-1.22025857E-04 0.00000000E+00 0.00000000E+00 1.31008645E-03
 2  3 0.00000000E+00 0.00000000E+00 5.02956814E-03 7.27409767E-04-1.21278433E-03
 2  4 4.85374566E-04 0.00000000E+00 0.00000000E+00 0.00000000E+00 7.03303608E-01
 2  5 2.58746011E-02-1.33578869E-02 6.40034123E-04 0.00000000E+00-6.01698994E-04
 2  6-3.09552419E-03 0.00000000E+00 2.04408957E-03-2.35206742E-04 2.10230262E-04
 2  7 2.49764805E-05 0.00000000E+00 4.34110648E-04 0.00000000E+00 7.03303608E-01
 2  8 2.58746011E-02-1.33578869E-02-6.40034123E-04 0.00000000E+00-6.01698994E-04
 2  9 3.09552419E-03 0.00000000E+00 2.04408957E-03-2.35206742E-04 2.10230262E-04
 2 10 2.49764805E-05 0.00000000E+00-4.34110648E-04 0.00000000E+00
 3  1 0.00000000E+00 0.00000000E+00 0.00000000E+00 0.00000000E+00 7.03933078E-05
 3  2 0.00000000E+00 0.00000000E+00-1.29258312E-03 0.00000000E+00 0.00000000E+00
 3  3-3.79923797E-03 0.00000000E+00 0.00000000E+00 0.00000000E+00 0.00000000E+00
 3  4 0.00000000E+00 0.00000000E+00-9.97427685E-04 0.00000000E+00 7.03243374E-01
 3  5 2.53705114E-02-1.10129103E-02 7.83285416E-04 0.00000000E+00-6.81750026E-04
 3  6-2.00893239E-03 0.00000000E+00 2.00447370E-03-1.74115363E-04 2.74832888E-04
 3  7-1.00717525E-04 0.00000000E+00 3.27922836E-04 0.00000000E+00-7.03243374E-01
 3  8-2.53705114E-02 1.10129103E-02 7.83285416E-04 0.00000000E+00 6.81750026E-04
 3  9-2.00893239E-03 0.00000000E+00-2.00447370E-03 1.74115363E-04-2.74832888E-04
 3 10 1.00717525E-04 0.00000000E+00 3.27922836E-04 0.00000000E+00
 4  1-2.74077491E-01 1.03957697E+00 4.10095044E-02-1.23407516E-02 0.00000000E+00
 4  2 0.00000000E+00 8.48647293E-03 0.00000000E+00 0.00000000E+00 1.14467478E-03
 4  3 0.00000000E+00 0.00000000E+00-8.64070847E-04 4.38730405E-04-3.31256606E-04
 4  4-1.07473799E-04 0.00000000E+00 0.00000000E+00 0.00000000E+00 1.19528005E-05
 4  5-1.52392446E-04 7.19363237E-04-2.55508659E-04 0.00000000E+00 1.74420619E-04
 4  6-4.58292830E-04 0.00000000E+00 6.49841944E-04-2.70897692E-04 4.04432497E-04
 4  7-1.33534805E-04 0.00000000E+00 6.85957006E-04 0.00000000E+00 1.19528005E-05
 4  8-1.52392446E-04 7.19363237E-04 2.55508659E-04 0.00000000E+00 1.74420619E-04
 4  9 4.58292830E-04 0.00000000E+00 6.49841944E-04-2.70897692E-04 4.04432497E-04
 4 10-1.33534805E-04 0.00000000E+00-6.85957006E-04 0.00000000E+00
 5  1 0.00000000E+00 0.00000000E+00 0.00000000E+00 0.00000000E+00 9.96755933E-01
 5  2 0.00000000E+00 0.00000000E+00 9.22664237E-03 0.00000000E+00 0.00000000E+00
 5  3-2.53325196E-04 0.00000000E+00 0.00000000E+00 0.00000000E+00 0.00000000E+00
 5  4 0.00000000E+00 0.00000000E+00 5.58362297E-04 0.00000000E+00 1.63810706E-04
 5  5-1.15528098E-05-1.46654486E-04-1.69828363E-04 0.00000000E+00 1.62701746E-04
 5  6-9.15493723E-05 0.00000000E+00 6.89605740E-05-1.05365916E-04 1.95933034E-04
 5  7-9.05671180E-05 0.00000000E+00 3.30928595E-04 0.00000000E+00-1.63810706E-04
 5  8 1.15528098E-05 1.46654486E-04-1.69828363E-04 0.00000000E+00-1.62701746E-04
 5  9-9.15493723E-05 0.00000000E+00-6.89605740E-05 1.05365916E-04-1.95933034E-04
 5 10 9.05671180E-05 0.00000000E+00 3.30928595E-04 0.00000000E+00
 6  1 0.00000000E+00 0.00000000E+00 0.00000000E+00 0.00000000E+00 0.00000000E+00
 6  2 9.96846060E-01 0.00000000E+00 0.00000000E+00 9.07674775E-03 0.00000000E+00
 6  3 0.00000000E+00-2.30835834E-04 0.00000000E+00 0.00000000E+00 0.00000000E+00
 6  4 0.00000000E+00 0.00000000E+00 0.00000000E+00 4.00908628E-04 0.00000000E+00
 6  5 0.00000000E+00 0.00000000E+00 0.00000000E+00 2.23217357E-05 0.00000000E+00
 6  6 0.00000000E+00-5.34087009E-05 0.00000000E+00 0.00000000E+00 0.00000000E+00
 6  7 0.00000000E+00 2.30149529E-05 0.00000000E+00-2.77418007E-05 0.00000000E+00
 6  8 0.00000000E+00 0.00000000E+00 0.00000000E+00 2.23217357E-05 0.00000000E+00
 6  9 0.00000000E+00-5.34087009E-05 0.00000000E+00 0.00000000E+00 0.00000000E+00
 6 10 0.00000000E+00-2.30149529E-05 0.00000000E+00-2.77418007E-05
 7  1 2.33556503E-03-9.09317825E-03-4.01732353E-04-3.07914639E-04 0.00000000E+00
 7  2 0.00000000E+00 9.96836706E-01 0.00000000E+00 0.00000000E+00 8.85310507E-03
 7  3 0.00000000E+00 0.00000000E+00-3.13653205E-04-2.92662470E-04-2.01919603E-04
 7  4 4.94582073E-04 0.00000000E+00 0.00000000E+00 0.00000000E+00-1.50168971E-04
 7  5-6.70060388E-05 4.19988360E-04 2.01246676E-04 0.00000000E+00-1.41848090E-04
 7  6 1.69477560E-04 0.00000000E+00-2.46550962E-04 1.54008379E-04-2.02267630E-04
 7  7 4.82592514E-05 0.00000000E+00-3.61317718E-04 0.00000000E+00-1.50168971E-04
 7  8-6.70060388E-05 4.19988360E-04-2.01246676E-04 0.00000000E+00-1.41848090E-04
 7  9-1.69477560E-04 0.00000000E+00-2.46550962E-04 1.54008379E-04-2.02267630E-04
 7 10 4.82592514E-05 0.00000000E+00 3.61317718E-04 0.00000000E+00
 8  1 4.76799720E-02-1.35564500E-01 2.84132435E-01 1.51845008E-01 0.00000000E+00
 8  2 0.00000000E+00-6.28101680E-02 0.00000000E+00 0.00000000E+00 1.22409781E-01
 8  3 0.00000000E+00 0.00000000E+00 2.31439560E-03 2.19168983E-02-2.85933372E-02
 8  4 6.67643890E-03 0.00000000E+00 0.00000000E+00 0.00000000E+00-1.23143740E-01
 8  5 2.43669152E-01 2.90801944E-01 8.47215598E-02 0.00000000E+00-6.55128125E-02
 8  6 3.68120828E-02 0.00000000E+00-2.95093682E-02 5.13093965E-03-5.64935444E-03
 8  7 5.18414791E-04 0.00000000E+00-1.28025988E-02 0.00000000E+00-1.23143740E-01
 8  8 2.43669152E-01 2.90801944E-01-8.47215598E-02 0.00000000E+00-6.55128125E-02
 8  9-3.68120828E-02 0.00000000E+00-2.95093682E-02 5.13093965E-03-5.64935444E-03
 8 10 5.18414791E-04 0.00000000E+00 1.28025988E-02 0.00000000E+00
 9  1 0.00000000E+00 0.00000000E+00 0.00000000E+00 0.00000000E+00 9.91378874E-02
 9  2 0.00000000E+00 0.00000000E+00-1.98605267E-01 0.00000000E+00 0.00000000E+00
 9  3-3.19989917E-02 0.00000000E+00 0.00000000E+00 0.00000000E+00 0.00000000E+00
 9  4 0.00000000E+00 0.00000000E+00-6.87112862E-02 0.00000000E+00-1.49932734E-01
 9  5 3.04337405E-01 3.68803040E-01 6.20003745E-02 0.00000000E+00-6.73979349E-02
 9  6 2.59670684E-02 0.00000000E+00-2.90473667E-02 2.35568808E-04-1.95156174E-03
 9  7 1.71599293E-03 0.00000000E+00-8.65731900E-03 0.00000000E+00 1.49932734E-01
 9  8-3.04337405E-01-3.68803040E-01 6.20003745E-02 0.00000000E+00 6.73979349E-02
 9  9 2.59670684E-02 0.00000000E+00 2.90473667E-02-2.35568808E-04 1.95156174E-03
 9 10-1.71599293E-03 0.00000000E+00-8.65731900E-03 0.00000000E+00
10  1 7.07420048E-02-1.99174498E-01 4.47681769E-01 4.29336933E-01 0.00000000E+00
10  2 0.00000000E+00 5.44989703E-02 0.00000000E+00 0.00000000E+00-1.12395423E-01
10  3 0.00000000E+00 0.00000000E+00-7.46512057E-02-6.78276149E-03 1.70966347E-02
10  4-1.03138732E-02 0.00000000E+00 0.00000000E+00 0.00000000E+00 9.70832882E-02
10  5-2.00041407E-01-3.09853834E-01 7.30233488E-02 0.00000000E+00-8.50741573E-02
10  6 3.12172589E-02 0.00000000E+00-3.63039964E-02 1.50974836E-03-4.76963004E-03
10  7 3.25988168E-03 0.00000000E+00-6.60165426E-03 0.00000000E+00 9.70832882E-02
10  8-2.00041407E-01-3.09853834E-01-7.30233488E-02 0.00000000E+00-8.50741573E-02
10  9-3.12172589E-02 0.00000000E+00-3.63039964E-02 1.50974836E-03-4.76963004E-03
10 10 3.25988168E-03 0.00000000E+00 6.60165426E-03 0.00000000E+00
11  1 0.00000000E+00 0.00000000E+00 0.00000000E+00 0.00000000E+00-1.81749633E-01
11  2 0.00000000E+00 0.00000000E+00 4.32106064E-01 0.00000000E+00 0.00000000E+00
11  3 1.35613865E-01 0.00000000E+00 0.00000000E+00 0.00000000E+00 0.00000000E+00
11  4 0.00000000E+00 0.00000000E+00 4.53846972E-02 0.00000000E+00-6.16351521E-02
11  5 1.22621454E-01 2.38381999E-01-2.01992433E-01 0.00000000E+00 2.91258432E-01
11  6-1.17746455E-01 0.00000000E+00 1.67316594E-01 1.19362340E-03 7.57056033E-03
11  7-8.76418373E-03 0.00000000E+00 1.10462443E-02 0.00000000E+00 6.16351521E-02
11  8-1.22621454E-01-2.38381999E-01-2.01992433E-01 0.00000000E+00-2.91258432E-01
11  9-1.17746455E-01 0.00000000E+00-1.67316594E-01-1.19362340E-03-7.57056033E-03
11 10 8.76418373E-03 0.00000000E+00 1.10462443E-02 0.00000000E+00
12  1-7.04772367E-03 4.87742914E-02-5.90119245E-03-2.59315870E-01 0.00000000E+00
12  2 0.00000000E+00-2.00258720E-01 0.00000000E+00 0.00000000E+00 4.71220183E-01
12  3 0.00000000E+00 0.00000000E+00 1.91713887E-01-2.72097591E-02-1.97876350E-02
12  4 4.69973941E-02 0.00000000E+00 0.00000000E+00 0.00000000E+00 4.08464498E-02
12  5-8.18027758E-02-1.48214876E-01 3.17330860E-01 0.00000000E+00-1.18033526E-02
12  6 1.98409531E-01 0.00000000E+00-9.43256466E-03 1.58835159E-02-6.06286726E-03
12  7-9.82064868E-03 0.00000000E+00-6.79223756E-03 0.00000000E+00 4.08464498E-02
12  8-8.18027758E-02-1.48214876E-01-3.17330860E-01 0.00000000E+00-1.18033526E-02
12  9-1.98409531E-01 0.00000000E+00-9.43256466E-03 1.58835159E-02-6.06286726E-03
12 10-9.82064868E-03 0.00000000E+00 6.79223756E-03 0.00000000E+00
13  1 0.00000000E+00 0.00000000E+00 0.00000000E+00 0.00000000E+00 0.00000000E+00
13  2-2.10782234E-01 0.00000000E+00 0.00000000E+00 4.95630931E-01 0.00000000E+00
13  3 0.00000000E+00 2.92304518E-01 0.00000000E+00 0.00000000E+00 0.00000000E+00
13  4 0.00000000E+00 0.00000000E+00 0.00000000E+00 4.67642581E-02 0.00000000E+00
13  5 0.00000000E+00 0.00000000E+00 0.00000000E+00 2.87108854E-01 0.00000000E+00
13  6 0.00000000E+00 1.72490621E-01 0.00000000E+00 0.00000000E+00 0.00000000E+00
13  7 0.00000000E+00 1.52789025E-02 0.00000000E+00-1.25273092E-02 0.00000000E+00
13  8 0.00000000E+00 0.00000000E+00 0.00000000E+00 2.87108854E-01 0.00000000E+00
13  9 0.00000000E+00 1.72490621E-01 0.00000000E+00 0.00000000E+00 0.00000000E+00
13 10 0.00000000E+00-1.52789025E-02 0.00000000E+00-1.25273092E-02
14  1 0.00000000E+00 0.00000000E+00 0.00000000E+00 0.00000000E+00 0.00000000E+00
14  2 0.00000000E+00 0.00000000E+00 0.00000000E+00 0.00000000E+00 0.00000000E+00
14  3 0.00000000E+00 0.00000000E+00 0.00000000E+00 0.00000000E+00 0.00000000E+00
14  4 0.00000000E+00-9.91067168E-02 0.00000000E+00 0.00000000E+00 0.00000000E+00
14  5 0.00000000E+00 0.00000000E+00 0.00000000E+00 4.72169374E-01 0.00000000E+00
14  6 0.00000000E+00 3.37562027E-01 0.00000000E+00 0.00000000E+00 0.00000000E+00
14  7 0.00000000E+00 1.28620483E-02 0.00000000E+00-1.35633010E-02 0.00000000E+00
14  8 0.00000000E+00 0.00000000E+00 0.00000000E+00-4.72169374E-01 0.00000000E+00
14  9 0.00000000E+00-3.37562027E-01 0.00000000E+00 0.00000000E+00 0.00000000E+00
14 10 0.00000000E+00 1.28620483E-02 0.00000000E+00 1.35633010E-02
15  1 1.30555443E-02-6.14786018E-02 5.30680099E-02 3.12948319E-01 0.00000000E+00
15  2 0.00000000E+00 7.74760673E-02 0.00000000E+00 0.00000000E+00-1.86361405E-01
15  3 0.00000000E+00 0.00000000E+00-6.20475550E-02-1.17128117E-01 3.64237106E-02
15  4 8.07044060E-02 0.00000000E+00 0.00000000E+00 0.00000000E+00-2.72119903E-03
15  5 5.33249976E-03-1.21023446E-02 9.33794423E-02 0.00000000E+00 4.35183904E-01
15  6 6.99346382E-02 0.00000000E+00 3.22720360E-01 9.70450018E-03 3.94905349E-03
15  7-1.36535537E-02 0.00000000E+00 9.50459931E-03 0.00000000E+00-2.72119903E-03
15  8 5.33249976E-03-1.21023446E-02-9.33794423E-02 0.00000000E+00 4.35183904E-01
15  9-6.99346382E-02 0.00000000E+00 3.22720360E-01 9.70450018E-03 3.94905349E-03
15 10-1.36535537E-02 0.00000000E+00-9.50459931E-03 0.00000000E+00
16  1 0.00000000E+00 0.00000000E+00 0.00000000E+00 0.00000000E+00-1.36782290E-02
16  2 0.00000000E+00 0.00000000E+00 2.49108894E-02 0.00000000E+00 0.00000000E+00
16  3 1.56329086E-01 0.00000000E+00 0.00000000E+00 0.00000000E+00 0.00000000E+00
16  4 0.00000000E+00 0.00000000E+00-8.67708986E-02 0.00000000E+00-4.76145564E-03
16  5 9.29096743E-03 5.45783619E-02 4.25241495E-01 0.00000000E+00 2.31366862E-01
16  6 2.95794679E-01 0.00000000E+00 1.54347549E-01 1.49216835E-02-6.83545504E-04
16  7-1.42381380E-02 0.00000000E+00-3.35897558E-03 0.00000000E+00 4.76145564E-03
16  8-9.29096743E-03-5.45783619E-02 4.25241495E-01 0.00000000E+00-2.31366862E-01
16  9 2.95794679E-01 0.00000000E+00-1.54347549E-01-1.49216835E-02 6.83545504E-04
16 10 1.42381380E-02 0.00000000E+00-3.35897558E-03 0.00000000E+00
17  1 0.00000000E+00 0.00000000E+00 0.00000000E+00 0.00000000E+00 0.00000000E+00
17  2-2.01923495E-01 0.00000000E+00 0.00000000E+00 5.06890056E-01 0.00000000E+00
17  3 0.00000000E+00 4.24271351E-01 0.00000000E+00 0.00000000E+00 0.00000000E+00
17  4 0.00000000E+00 0.00000000E+00 0.00000000E+00-7.66451503E-02 0.00000000E+00
17  5 0.00000000E+00 0.00000000E+00 0.00000000E+00-3.85566631E-01 0.00000000E+00
17  6 0.00000000E+00-3.18909382E-01 0.00000000E+00 0.00000000E+00 0.00000000E+00
17  7 0.00000000E+00-3.74863991E-03 0.00000000E+00 1.45679002E-03 0.00000000E+00
17  8 0.00000000E+00 0.00000000E+00 0.00000000E+00-3.85566631E-01 0.00000000E+00
17  9 0.00000000E+00-3.18909382E-01 0.00000000E+00 0.00000000E+00 0.00000000E+00
17 10 0.00000000E+00 3.74863991E-03 0.00000000E+00 1.45679002E-03
18  1 0.00000000E+00 0.00000000E+00 0.00000000E+00 0.00000000E+00-1.93206996E-01
18  2 0.00000000E+00 0.00000000E+00 4.89679016E-01 0.00000000E+00 0.00000000E+00
18  3 8.20182284E-01 0.00000000E+00 0.00000000E+00 0.00000000E+00 0.00000000E+00
18  4 0.00000000E+00 0.00000000E+00-1.99266060E-01 0.00000000E+00-3.74210912E-02
18  5 6.26742197E-02 3.54784060E-01 5.98087511E-02 0.00000000E+00-3.23513550E-01
18  6 6.95365652E-02 0.00000000E+00-3.08604897E-01 1.76112425E-03 2.05079533E-03
18  7-3.81191958E-03 0.00000000E+00 4.05945832E-04 0.00000000E+00 3.74210912E-02
18  8-6.26742197E-02-3.54784060E-01 5.98087511E-02 0.00000000E+00 3.23513550E-01
18  9 6.95365652E-02 0.00000000E+00 3.08604897E-01-1.76112425E-03-2.05079533E-03
18 10 3.81191958E-03 0.00000000E+00 4.05945832E-04 0.00000000E+00
19  1 3.19780902E-02-1.18560249E-01 1.84829839E-01 7.63220686E-01 0.00000000E+00
19  2 0.00000000E+00-1.63585896E-01 0.00000000E+00 0.00000000E+00 4.23500471E-01
19  3 0.00000000E+00 0.00000000E+00 8.64478179E-01-9.07061010E-02 1.94799336E-01
19  4-1.04093235E-01 0.00000000E+00 0.00000000E+00 0.00000000E+00 5.20055126E-02
19  5-8.37346636E-02-4.86958442E-01-3.20866784E-01 0.00000000E+00 1.21065592E-01
19  6-3.94482138E-01 0.00000000E+00 1.24351120E-01 8.57677095E-04 5.11115888E-03
19  7-5.96883598E-03 0.00000000E+00-5.71889765E-04 0.00000000E+00 5.20055126E-02
19  8-8.37346636E-02-4.86958442E-01 3.20866784E-01 0.00000000E+00 1.21065592E-01
19  9 3.94482138E-01 0.00000000E+00 1.24351120E-01 8.57677095E-04 5.11115888E-03
19 10-5.96883598E-03 0.00000000E+00 5.71889765E-04 0.00000000E+00
20  1-8.93464090E-03-7.40809137E-02-1.85826814E-01 5.44541275E-01 0.00000000E+00
20  2 0.00000000E+00 2.83550422E-01 0.00000000E+00 0.00000000E+00-1.06348253E+00
20  3 0.00000000E+00 0.00000000E+00 1.40686464E+00 2.08616228E-01-8.90451264E-03
20  4-1.99711715E-01 0.00000000E+00 0.00000000E+00 0.00000000E+00 1.02299819E-02
20  5 5.06584602E-02-4.58798083E-01 1.94878348E-01 0.00000000E+00-9.04987172E-02
20  6-1.91224778E-01 0.00000000E+00-2.96896018E-03-4.12373677E-02 2.16112705E-02
20  7 1.96260972E-02 0.00000000E+00 2.18072468E-02 0.00000000E+00 1.02299819E-02
20  8 5.06584602E-02-4.58798083E-01-1.94878348E-01 0.00000000E+00-9.04987172E-02
20  9 1.91224778E-01 0.00000000E+00-2.96896018E-03-4.12373677E-02 2.16112705E-02
20 10 1.96260972E-02 0.00000000E+00-2.18072468E-02 0.00000000E+00
21  1 0.00000000E+00 0.00000000E+00 0.00000000E+00 0.00000000E+00 0.00000000E+00
21  2 2.85411390E-01 0.00000000E+00 0.00000000E+00-1.10423805E+00 0.00000000E+00
21  3 0.00000000E+00 1.23193643E+00 0.00000000E+00 0.00000000E+00 0.00000000E+00
21  4 0.00000000E+00 0.00000000E+00 0.00000000E+00-2.40701345E-01 0.00000000E+00
21  5 0.00000000E+00 0.00000000E+00 0.00000000E+00-1.50924100E-02 0.00000000E+00
21  6 0.00000000E+00-1.25095208E-01 0.00000000E+00 0.00000000E+00 0.00000000E+00
21  7 0.00000000E+00-2.48224347E-02 0.00000000E+00 1.41893373E-02 0.00000000E+00
21  8 0.00000000E+00 0.00000000E+00 0.00000000E+00-1.50924100E-02 0.00000000E+00
21  9 0.00000000E+00-1.25095208E-01 0.00000000E+00 0.00000000E+00 0.00000000E+00
21 10 0.00000000E+00 2.48224347E-02 0.00000000E+00 1.41893373E-02
22  1 0.00000000E+00 0.00000000E+00 0.00000000E+00 0.00000000E+00 2.93710915E-01
22  2 0.00000000E+00 0.00000000E+00-1.10667421E+00 0.00000000E+00 0.00000000E+00
22  3 1.45055072E+00 0.00000000E+00 0.00000000E+00 0.00000000E+00 0.00000000E+00
22  4 0.00000000E+00 0.00000000E+00 1.02032889E-01 0.00000000E+00-9.45697030E-03
22  5-3.77630921E-02 4.37803959E-01-2.15602999E-01 0.00000000E+00 9.66546768E-02
22  6 2.54477054E-02 0.00000000E+00-1.35133993E-01 3.57899330E-03-2.08622740E-02
22  7 1.72832808E-02 0.00000000E+00-3.79684934E-02 0.00000000E+00 9.45697030E-03
22  8 3.77630921E-02-4.37803959E-01-2.15602999E-01 0.00000000E+00-9.66546768E-02
22  9 2.54477054E-02 0.00000000E+00 1.35133993E-01-3.57899330E-03 2.08622740E-02
22 10-1.72832808E-02 0.00000000E+00-3.79684934E-02 0.00000000E+00
23  1-1.11676842E-01-4.06876924E-01-1.72683999E+00 2.20324135E+00 0.00000000E+00
23  2 0.00000000E+00-4.24845708E-02 0.00000000E+00 0.00000000E+00 1.68006842E-01
23  3 0.00000000E+00 0.00000000E+00 1.75341825E-01-1.61526173E-01 2.76334864E-01
23  4-1.14808691E-01 0.00000000E+00 0.00000000E+00 0.00000000E+00 1.84217273E-02
23  5-3.84967110E-02-3.47777902E-01 8.77251275E-02 0.00000000E+00-9.61561367E-02
23  6-1.63631287E-01 0.00000000E+00 1.12078828E-01-1.89288123E-02 3.26118609E-02
23  7-1.36830486E-02 0.00000000E+00 3.86978549E-02 0.00000000E+00 1.84217273E-02
23  8-3.84967110E-02-3.47777902E-01-8.77251275E-02 0.00000000E+00-9.61561367E-02
23  9 1.63631287E-01 0.00000000E+00 1.12078828E-01-1.89288123E-02 3.26118609E-02
23 10-1.36830486E-02 0.00000000E+00-3.86978549E-02 0.00000000E+00
24  1 0.00000000E+00 0.00000000E+00 0.00000000E+00 0.00000000E+00 0.00000000E+00
24  2 0.00000000E+00 0.00000000E+00 0.00000000E+00 0.00000000E+00 0.00000000E+00
24  3 0.00000000E+00 0.00000000E+00 0.00000000E+00 0.00000000E+00 0.00000000E+00
24  4 0.00000000E+00 9.08689608E-01 0.00000000E+00 0.00000000E+00 0.00000000E+00
24  5 0.00000000E+00 0.00000000E+00 0.00000000E+00 2.96349986E-01 0.00000000E+00
24  6 0.00000000E+00-1.01953809E-01 0.00000000E+00 0.00000000E+00 0.00000000E+00
24  7 0.00000000E+00-2.87736494E-02 0.00000000E+00 4.60278045E-02 0.00000000E+00
24  8 0.00000000E+00 0.00000000E+00 0.00000000E+00-2.96349986E-01 0.00000000E+00
24  9 0.00000000E+00 1.01953809E-01 0.00000000E+00 0.00000000E+00 0.00000000E+00
24 10 0.00000000E+00-2.87736494E-02 0.00000000E+00-4.60278045E-02
25  1 0.00000000E+00 0.00000000E+00 0.00000000E+00 0.00000000E+00 0.00000000E+00
25  2 7.15085894E-02 0.00000000E+00 0.00000000E+00-2.86411315E-01 0.00000000E+00
25  3 0.00000000E+00 2.72496890E-01 0.00000000E+00 0.00000000E+00 0.00000000E+00
25  4 0.00000000E+00 0.00000000E+00 0.00000000E+00 8.74973056E-01 0.00000000E+00
25  5 0.00000000E+00 0.00000000E+00 0.00000000E+00-3.04144344E-01 0.00000000E+00
25  6 0.00000000E+00 1.07582287E-01 0.00000000E+00 0.00000000E+00 0.00000000E+00
25  7 0.00000000E+00 4.14118162E-02 0.00000000E+00-9.47212863E-03 0.00000000E+00
25  8 0.00000000E+00 0.00000000E+00 0.00000000E+00-3.04144344E-01 0.00000000E+00
25  9 0.00000000E+00 1.07582287E-01 0.00000000E+00 0.00000000E+00 0.00000000E+00
25 10 0.00000000E+00-4.14118162E-02 0.00000000E+00-9.47212863E-03
26  1-2.87419841E-03-1.99325851E-02-5.57402543E-02 1.34604077E-01 0.00000000E+00
26  2 0.00000000E+00 7.49582686E-02 0.00000000E+00 0.00000000E+00-2.96333398E-01
26  3 0.00000000E+00 0.00000000E+00 3.44210725E-01-5.88974121E-01-1.74352550E-01
26  4 7.63326671E-01 0.00000000E+00 0.00000000E+00 0.00000000E+00 3.57511080E-03
26  5-1.63270257E-02-7.78606002E-02-2.03186964E-01 0.00000000E+00-3.38920882E-01
26  6 5.53382344E-02 0.00000000E+00 1.20542671E-01 4.65547598E-02 7.27401447E-04
26  7-4.72821613E-02 0.00000000E+00 2.48526998E-02 0.00000000E+00 3.57511080E-03
26  8-1.63270257E-02-7.78606002E-02 2.03186964E-01 0.00000000E+00-3.38920882E-01
26  9-5.53382344E-02 0.00000000E+00 1.20542671E-01 4.65547598E-02 7.27401447E-04
26 10-4.72821613E-02 0.00000000E+00-2.48526998E-02 0.00000000E+00
27  1-1.82739794E-02-1.75276744E-01-4.12483136E-01 1.53449357E+00 0.00000000E+00
27  2 0.00000000E+00-8.37651712E-02 0.00000000E+00 0.00000000E+00 3.73394792E-01
27  3 0.00000000E+00 0.00000000E+00 4.55442450E-01 5.78247788E-01-8.64949987E-01
27  4 2.86702199E-01 0.00000000E+00 0.00000000E+00 0.00000000E+00 6.31852984E-02
27  5-2.33114162E-01-4.34492332E-01 1.37690309E-01 0.00000000E+00-7.50274338E-02
27  6-6.34388785E-01 0.00000000E+00 4.72747346E-01-2.28270722E-03-1.34534984E-02
27  7 1.57362056E-02 0.00000000E+00 6.59433149E-03 0.00000000E+00 6.31852984E-02
27  8-2.33114162E-01-4.34492332E-01-1.37690309E-01 0.00000000E+00-7.50274338E-02
27  9 6.34388785E-01 0.00000000E+00 4.72747346E-01-2.28270722E-03-1.34534984E-02
27 10 1.57362056E-02 0.00000000E+00-6.59433149E-03 0.00000000E+00
28  1 0.00000000E+00 0.00000000E+00 0.00000000E+00 0.00000000E+00-9.90565832E-02
28  2 0.00000000E+00 0.00000000E+00 4.95011162E-01 0.00000000E+00 0.00000000E+00
28  3 3.89134322E-01 0.00000000E+00 0.00000000E+00 0.00000000E+00 0.00000000E+00
28  4 0.00000000E+00 0.00000000E+00 7.84409671E-01 0.00000000E+00-6.27643482E-02
28  5 2.31894620E-01 2.93829274E-01-1.75765289E-01 0.00000000E+00 1.82745933E-01
28  6 6.94763630E-01 0.00000000E+00-6.18737744E-01-1.74972903E-02 1.10770570E-02
28  7 6.42023331E-03 0.00000000E+00 2.33324607E-02 0.00000000E+00 6.27643482E-02
28  8-2.31894620E-01-2.93829274E-01-1.75765289E-01 0.00000000E+00-1.82745933E-01
28  9 6.94763630E-01 0.00000000E+00 6.18737744E-01 1.74972903E-02-1.10770570E-02
28 10-6.42023331E-03 0.00000000E+00 2.33324607E-02 0.00000000E+00
29  1-7.80180119E-03-2.90535937E-02-1.28397692E-01-9.51353184E-02 0.00000000E+00
29  2 0.00000000E+00-8.07277395E-03 0.00000000E+00 0.00000000E+00-7.40926746E-03
29  3 0.00000000E+00 0.00000000E+00-4.05366593E-01 5.35718467E-01-7.82958483E-02
29  4-4.57422618E-01 0.00000000E+00 0.00000000E+00 0.00000000E+00 2.66619407E-04
29  5-3.86560885E-02 1.26800107E-01-4.70023548E-01 0.00000000E+00-2.57205794E-01
29  6 6.34823501E-01 0.00000000E+00 4.05027272E-01-4.26237037E-02-1.08176288E-02
29  7 5.34413326E-02 0.00000000E+00 6.41958078E-03 0.00000000E+00 2.66619407E-04
29  8-3.86560885E-02 1.26800107E-01 4.70023548E-01 0.00000000E+00-2.57205794E-01
29  9-6.34823501E-01 0.00000000E+00 4.05027272E-01-4.26237037E-02-1.08176288E-02
29 10 5.34413326E-02 0.00000000E+00-6.41958078E-03 0.00000000E+00
30  1 0.00000000E+00 0.00000000E+00 0.00000000E+00 0.00000000E+00 0.00000000E+00
30  2 0.00000000E+00 0.00000000E+00 0.00000000E+00 0.00000000E+00 0.00000000E+00
30  3 0.00000000E+00 0.00000000E+00 0.00000000E+00 0.00000000E+00 0.00000000E+00
30  4 0.00000000E+00 4.35016293E-01 0.00000000E+00 0.00000000E+00 0.00000000E+00
30  5 0.00000000E+00 0.00000000E+00 0.00000000E+00-5.82319678E-01 0.00000000E+00
30  6 0.00000000E+00 7.88277727E-01 0.00000000E+00 0.00000000E+00 0.00000000E+00
30  7 0.00000000E+00-3.93893198E-02 0.00000000E+00 3.40773276E-02 0.00000000E+00
30  8 0.00000000E+00 0.00000000E+00 0.00000000E+00 5.82319678E-01 0.00000000E+00
30  9 0.00000000E+00-7.88277727E-01 0.00000000E+00 0.00000000E+00 0.00000000E+00
30 10 0.00000000E+00-3.93893198E-02 0.00000000E+00-3.40773276E-02
31  1 0.00000000E+00 0.00000000E+00 0.00000000E+00 0.00000000E+00 0.00000000E+00
31  2-2.57364263E-02 0.00000000E+00 0.00000000E+00 1.21688431E-01 0.00000000E+00
31  3 0.00000000E+00-6.25744116E-01 0.00000000E+00 0.00000000E+00 0.00000000E+00
31  4 0.00000000E+00 0.00000000E+00 0.00000000E+00-4.41267106E-01 0.00000000E+00
31  5 0.00000000E+00 0.00000000E+00 0.00000000E+00-5.72599795E-01 0.00000000E+00
31  6 0.00000000E+00 8.72272908E-01 0.00000000E+00 0.00000000E+00 0.00000000E+00
31  7 0.00000000E+00-4.09378154E-02 0.00000000E+00 3.12461073E-02 0.00000000E+00
31  8 0.00000000E+00 0.00000000E+00 0.00000000E+00-5.72599795E-01 0.00000000E+00
31  9 0.00000000E+00 8.72272908E-01 0.00000000E+00 0.00000000E+00 0.00000000E+00
31 10 0.00000000E+00 4.09378154E-02 0.00000000E+00 3.12461073E-02
32  1 3.56861559E-02 2.00601805E-01 6.62335181E-01-3.26600378E-01 0.00000000E+00
32  2 0.00000000E+00-2.92729518E-02 0.00000000E+00 0.00000000E+00 2.84152377E-01
32  3 0.00000000E+00 0.00000000E+00-3.98607583E-01-1.46120714E-01 4.58896755E-01
32  4-3.12776041E-01 0.00000000E+00 0.00000000E+00 0.00000000E+00-7.87743887E-03
32  5 7.06904402E-02 9.41804250E-02 3.14585517E-01 0.00000000E+00-4.83425002E-01
32  6-3.01145587E-01 0.00000000E+00 6.33669880E-01-3.96393544E-03-1.52587907E-02
32  7 1.92227261E-02 0.00000000E+00-6.17564879E-02 0.00000000E+00-7.87743887E-03
32  8 7.06904402E-02 9.41804250E-02-3.14585517E-01 0.00000000E+00-4.83425002E-01
32  9 3.01145587E-01 0.00000000E+00 6.33669880E-01-3.96393544E-03-1.52587907E-02
32 10 1.92227261E-02 0.00000000E+00 6.17564879E-02 0.00000000E+00
33  1 0.00000000E+00 0.00000000E+00 0.00000000E+00 0.00000000E+00-1.20578657E-02
33  2 0.00000000E+00 0.00000000E+00-1.22256042E-02 0.00000000E+00 0.00000000E+00
33  3-2.96823859E-01 0.00000000E+00 0.00000000E+00 0.00000000E+00 0.00000000E+00
33  4 0.00000000E+00 0.00000000E+00 3.92169316E-01 0.00000000E+00-8.37157412E-03
33  5 4.42499036E-02-4.01106851E-02-1.50651556E-01 0.00000000E+00-6.06788837E-01
33  6 3.52160129E-01 0.00000000E+00 7.38357257E-01-3.81503782E-02 8.69526516E-03
33  7 2.94551130E-02 0.00000000E+00-6.52745616E-03 0.00000000E+00 8.37157412E-03
33  8-4.42499036E-02 4.01106851E-02-1.50651556E-01 0.00000000E+00 6.06788837E-01
33  9 3.52160129E-01 0.00000000E+00-7.38357257E-01 3.81503782E-02-8.69526516E-03
33 10-2.94551130E-02 0.00000000E+00-6.52745616E-03 0.00000000E+00
34  1 0.00000000E+00 0.00000000E+00 0.00000000E+00 0.00000000E+00 1.07326404E-02
34  2 0.00000000E+00 0.00000000E+00-2.07059455E-01 0.00000000E+00 0.00000000E+00
34  3 6.80443906E-01 0.00000000E+00 0.00000000E+00 0.00000000E+00 0.00000000E+00
34  4 0.00000000E+00 0.00000000E+00 7.10893035E-01 0.00000000E+00-2.07671070E-02
34  5 9.38768182E-04 3.50227033E-01 5.92533262E-01 0.00000000E+00-1.03629329E-01
34  6-5.97424573E-01 0.00000000E+00-1.43216093E-01 3.47839394E-02-2.91437957E-02
34  7-5.64014373E-03 0.00000000E+00 1.62571894E-02 0.00000000E+00 2.07671070E-02
34  8-9.38768182E-04-3.50227033E-01 5.92533262E-01 0.00000000E+00 1.03629329E-01
34  9-5.97424573E-01 0.00000000E+00 1.43216093E-01-3.47839394E-02 2.91437957E-02
34 10 5.64014373E-03 0.00000000E+00 1.62571894E-02 0.00000000E+00
35  1 0.00000000E+00 0.00000000E+00 0.00000000E+00 0.00000000E+00-2.70772185E-02
35  2 0.00000000E+00 0.00000000E+00 2.18457578E-01 0.00000000E+00 0.00000000E+00
35  3 8.12887546E-01 0.00000000E+00 0.00000000E+00 0.00000000E+00 0.00000000E+00
35  4 0.00000000E+00 0.00000000E+00 3.13039490E-01 0.00000000E+00 1.22367966E-02
35  5-1.16326232E+00 1.63341163E+00-6.43693652E-02 0.00000000E+00 4.58840556E-02
35  6 3.79569597E-01 0.00000000E+00-3.89697943E-01-9.91587526E-02 1.35224231E-01
35  7-3.60654780E-02 0.00000000E+00 1.46856445E-01 0.00000000E+00-1.22367966E-02
35  8 1.16326232E+00-1.63341163E+00-6.43693652E-02 0.00000000E+00-4.58840556E-02
35  9 3.79569597E-01 0.00000000E+00 3.89697943E-01 9.91587526E-02-1.35224231E-01
35 10 3.60654780E-02 0.00000000E+00 1.46856445E-01 0.00000000E+00
36  1-3.08473278E-02-3.07430638E-01-7.08113314E-01 2.29220819E+00 0.00000000E+00
36  2 0.00000000E+00-3.11953289E-02 0.00000000E+00 0.00000000E+00 1.91474846E-01
36  3 0.00000000E+00 0.00000000E+00 1.05955384E+00 2.35504563E-01-3.79465138E-01
36  4 1.43960575E-01 0.00000000E+00 0.00000000E+00 0.00000000E+00 3.36094907E-03
36  5 1.20404797E+00-2.06188356E+00-6.74721622E-03 0.00000000E+00-3.52525297E-03
36  6-5.51774165E-01 0.00000000E+00 3.34437176E-01 8.10743916E-02-5.98287625E-02
36  7-2.12456291E-02 0.00000000E+00-1.93291739E-01 0.00000000E+00 3.36094907E-03
36  8 1.20404797E+00-2.06188356E+00 6.74721622E-03 0.00000000E+00-3.52525297E-03
36  9 5.51774165E-01 0.00000000E+00 3.34437176E-01 8.10743916E-02-5.98287625E-02
36 10-2.12456291E-02 0.00000000E+00 1.93291739E-01 0.00000000E+00
37  1 0.00000000E+00 0.00000000E+00 0.00000000E+00 0.00000000E+00 0.00000000E+00
37  2-8.38735937E-03 0.00000000E+00 0.00000000E+00 2.26643206E-02 0.00000000E+00
37  3 0.00000000E+00 3.64363216E-02 0.00000000E+00 0.00000000E+00 0.00000000E+00
37  4 0.00000000E+00 0.00000000E+00 0.00000000E+00-2.46841025E-03 0.00000000E+00
37  5 0.00000000E+00 0.00000000E+00 0.00000000E+00 2.02456765E-02 0.00000000E+00
37  6 0.00000000E+00-3.49143918E-02 0.00000000E+00 0.00000000E+00 0.00000000E+00
37  7 0.00000000E+00 3.31722748E-01 0.00000000E+00 6.24806510E-01 0.00000000E+00
37  8 0.00000000E+00 0.00000000E+00 0.00000000E+00 2.02456765E-02 0.00000000E+00
37  9 0.00000000E+00-3.49143918E-02 0.00000000E+00 0.00000000E+00 0.00000000E+00
37 10 0.00000000E+00-3.31722748E-01 0.00000000E+00 6.24806510E-01
38  1 0.00000000E+00 0.00000000E+00 0.00000000E+00 0.00000000E+00-1.86605268E-02
38  2 0.00000000E+00 0.00000000E+00 5.82031553E-02 0.00000000E+00 0.00000000E+00
38  3 1.01782840E-01 0.00000000E+00 0.00000000E+00 0.00000000E+00 0.00000000E+00
38  4 0.00000000E+00 0.00000000E+00-5.71231528E-02 0.00000000E+00-2.68895942E-04
38  5-5.79547999E-02 9.67782123E-02 1.52242761E-02 0.00000000E+00 3.20332609E-02
38  6-1.46871348E-02 0.00000000E+00-6.06953208E-02-2.20203684E-01-4.50312474E-01
38  7 6.70516158E-01 0.00000000E+00 1.88209621E-01 0.00000000E+00 2.68895942E-04
38  8 5.79547999E-02-9.67782123E-02 1.52242761E-02 0.00000000E+00-3.20332609E-02
38  9-1.46871348E-02 0.00000000E+00 6.06953208E-02 2.20203684E-01 4.50312474E-01
38 10-6.70516158E-01 0.00000000E+00 1.88209621E-01 0.00000000E+00
39  1 0.00000000E+00 0.00000000E+00 0.00000000E+00 0.00000000E+00 0.00000000E+00
39  2 0.00000000E+00 0.00000000E+00 0.00000000E+00 0.00000000E+00 0.00000000E+00
39  3 0.00000000E+00 0.00000000E+00 0.00000000E+00 0.00000000E+00 0.00000000E+00
39  4 0.00000000E+00 2.77963516E-02 0.00000000E+00 0.00000000E+00 0.00000000E+00
39  5 0.00000000E+00 0.00000000E+00 0.00000000E+00-1.94692676E-02 0.00000000E+00
39  6 0.00000000E+00 3.01271641E-02 0.00000000E+00 0.00000000E+00 0.00000000E+00
39  7 0.00000000E+00 5.73697054E-01 0.00000000E+00 4.13831258E-01 0.00000000E+00
39  8 0.00000000E+00 0.00000000E+00 0.00000000E+00 1.94692676E-02 0.00000000E+00
39  9 0.00000000E+00-3.01271641E-02 0.00000000E+00 0.00000000E+00 0.00000000E+00
39 10 0.00000000E+00 5.73697054E-01 0.00000000E+00-4.13831258E-01
40  1 2.68189219E-03 1.96591567E-02 5.28098697E-02-1.68782789E-01 0.00000000E+00
40  2 0.00000000E+00-2.58893261E-03 0.00000000E+00 0.00000000E+00 1.10939690E-03
40  3 0.00000000E+00 0.00000000E+00-9.29587644E-02 1.80851396E-02-5.79108434E-02
40  4 3.98257038E-02 0.00000000E+00 0.00000000E+00 0.00000000E+00 1.08187994E-03
40  5-9.23921748E-02 1.45608082E-01-2.78786181E-02 0.00000000E+00 1.39621536E-03
40  6 6.80501241E-02 0.00000000E+00-1.30993084E-02-2.95766285E-01 6.26634336E-01
40  7-3.30868051E-01 0.00000000E+00-3.24932081E-01 0.00000000E+00 1.08187994E-03
40  8-9.23921748E-02 1.45608082E-01 2.78786181E-02 0.00000000E+00 1.39621536E-03
40  9-6.80501241E-02 0.00000000E+00-1.30993084E-02-2.95766285E-01 6.26634336E-01
40 10-3.30868051E-01 0.00000000E+00 3.24932081E-01 0.00000000E+00
41  1 0.00000000E+00 0.00000000E+00 0.00000000E+00 0.00000000E+00 1.45147923E-02
41  2 0.00000000E+00 0.00000000E+00-1.33116401E-02 0.00000000E+00 0.00000000E+00
41  3-1.04613947E-01 0.00000000E+00 0.00000000E+00 0.00000000E+00 0.00000000E+00
41  4 0.00000000E+00 0.00000000E+00 1.70604188E-02 0.00000000E+00 1.73081211E-03
41  5-5.75444327E-02 3.61688188E-02-8.35448369E-02 0.00000000E+00-3.73414541E-02
41  6 1.39973025E-01 0.00000000E+00 6.88068098E-02 6.20946073E-01-4.05876864E-01
41  7-2.15069209E-01 0.00000000E+00 3.24083715E-01 0.00000000E+00-1.73081211E-03
41  8 5.75444327E-02-3.61688188E-02-8.35448369E-02 0.00000000E+00 3.73414541E-02
41  9 1.39973025E-01 0.00000000E+00-6.88068098E-02-6.20946073E-01 4.05876864E-01
41 10 2.15069209E-01 0.00000000E+00 3.24083715E-01 0.00000000E+00
42  1 0.00000000E+00 0.00000000E+00 0.00000000E+00 0.00000000E+00 0.00000000E+00
42  2 0.00000000E+00 0.00000000E+00 0.00000000E+00 0.00000000E+00 0.00000000E+00
42  3 0.00000000E+00 0.00000000E+00 0.00000000E+00 0.00000000E+00 0.00000000E+00
42  4 0.00000000E+00-3.27601535E-01 0.00000000E+00 0.00000000E+00 0.00000000E+00
42  5 0.00000000E+00 0.00000000E+00 0.00000000E+00 4.39385428E-02 0.00000000E+00
42  6 0.00000000E+00-9.75370833E-02 0.00000000E+00 0.00000000E+00 0.00000000E+00
42  7 0.00000000E+00-4.23581068E-01 0.00000000E+00 5.81566972E-01 0.00000000E+00
42  8 0.00000000E+00 0.00000000E+00 0.00000000E+00-4.39385428E-02 0.00000000E+00
42  9 0.00000000E+00 9.75370833E-02 0.00000000E+00 0.00000000E+00 0.00000000E+00
42 10 0.00000000E+00-4.23581068E-01 0.00000000E+00-5.81566972E-01
43  1 0.00000000E+00 0.00000000E+00 0.00000000E+00 0.00000000E+00 0.00000000E+00
43  2 3.93238066E-02 0.00000000E+00 0.00000000E+00-1.05652315E-01 0.00000000E+00
43  3 0.00000000E+00-1.63587908E-01 0.00000000E+00 0.00000000E+00 0.00000000E+00
43  4 0.00000000E+00 0.00000000E+00 0.00000000E+00-2.96655091E-01 0.00000000E+00
43  5 0.00000000E+00 0.00000000E+00 0.00000000E+00-5.35593068E-02 0.00000000E+00
43  6 0.00000000E+00 1.42259980E-01 0.00000000E+00 0.00000000E+00 0.00000000E+00
43  7 0.00000000E+00 6.37300279E-01 0.00000000E+00-3.43300528E-01 0.00000000E+00
43  8 0.00000000E+00 0.00000000E+00 0.00000000E+00-5.35593068E-02 0.00000000E+00
43  9 0.00000000E+00 1.42259980E-01 0.00000000E+00 0.00000000E+00 0.00000000E+00
43 10 0.00000000E+00-6.37300279E-01 0.00000000E+00-3.43300528E-01
44  1-5.99721482E-03-3.59646258E-02-1.12395761E-01 1.80421998E-01 0.00000000E+00
44  2 0.00000000E+00-2.43188317E-02 0.00000000E+00 0.00000000E+00 4.79367464E-02
44  3 0.00000000E+00 0.00000000E+00 2.28322858E-01-3.61183214E-01-2.18435500E-02
44  4 3.83026764E-01 0.00000000E+00 0.00000000E+00 0.00000000E+00 2.21962150E-03
44  5 4.19343785E-02-1.31664087E-01 1.64891280E-03 0.00000000E+00 3.56242283E-02
44  6-8.58844815E-02 0.00000000E+00-1.05238858E-01-5.90884077E-01-5.62530981E-02
44  7 6.47137175E-01 0.00000000E+00-1.56646764E-01 0.00000000E+00 2.21962150E-03
44  8 4.19343785E-02-1.31664087E-01-1.64891280E-03 0.00000000E+00 3.56242283E-02
44  9 8.58844815E-02 0.00000000E+00-1.05238858E-01-5.90884077E-01-5.62530981E-02
44 10 6.47137175E-01 0.00000000E+00 1.56646764E-01 0.00000000E+00
45  1 2.63150822E-02-1.00678403E-01 1.93240808E-01 1.18056522E+00 0.00000000E+00
45  2 0.00000000E+00-1.38204809E-01 0.00000000E+00 0.00000000E+00 6.44448444E-01
45  3 0.00000000E+00 0.00000000E+00 4.03784046E-01 2.87200114E-01-4.22188054E-01
45  4 1.34987940E-01 0.00000000E+00 0.00000000E+00 0.00000000E+00 2.06387433E-02
45  5 6.02995501E-01-1.16545768E+00 3.75279939E-02 0.00000000E+00-3.86069276E-02
45  6-5.13475908E-01 0.00000000E+00 3.95245969E-01-3.20938309E-01 3.60559364E-01
45  7-3.96210544E-02 0.00000000E+00 6.42422105E-01 0.00000000E+00 2.06387433E-02
45  8 6.02995501E-01-1.16545768E+00-3.75279939E-02 0.00000000E+00-3.86069276E-02
45  9 5.13475908E-01 0.00000000E+00 3.95245969E-01-3.20938309E-01 3.60559364E-01
45 10-3.96210544E-02 0.00000000E+00-6.42422105E-01 0.00000000E+00
46  1 0.00000000E+00 0.00000000E+00 0.00000000E+00 0.00000000E+00-1.70899417E-01
46  2 0.00000000E+00 0.00000000E+00 7.97550535E-01 0.00000000E+00 0.00000000E+00
46  3 3.80130076E-01 0.00000000E+00 0.00000000E+00 0.00000000E+00 0.00000000E+00
46  4 0.00000000E+00 0.00000000E+00 7.12066237E-01 0.00000000E+00-2.49899857E-02
46  5-5.51700907E-01 1.05178183E+00-1.81161301E-02 0.00000000E+00 6.48068057E-03
46  6 4.85780704E-01 0.00000000E+00-4.22692888E-01 2.91303649E-01-3.94748540E-01
46  7 1.03444891E-01 0.00000000E+00-6.81670518E-01 0.00000000E+00 2.49899857E-02
46  8 5.51700907E-01-1.05178183E+00-1.81161301E-02 0.00000000E+00-6.48068057E-03
46  9 4.85780704E-01 0.00000000E+00 4.22692888E-01-2.91303649E-01 3.94748540E-01
46 10-1.03444891E-01 0.00000000E+00-6.81670518E-01 0.00000000E+00
 $END   
 POPULATION ANALYSIS
S           15.16660   0.83340  15.19821   0.80179
O            8.41670  -0.41670   8.40090  -0.40090
O            8.41670  -0.41670   8.40090  -0.40090
 MOMENTS AT POINT    1 X,Y,Z=  0.000000  0.000000  0.000000
 DIPOLE       0.000000  0.000000 -2.881467
